# Generalizd shifted COCG method
# A = /home/u11674/DATA/VCNT90000_A.csr
# B = /home/u11674/DATA/VCNT90000_B.csr
# inner=1.000000e-12, outer=1.000000e-12
# SWITCH [0] to [49] in 34538 : -9.527859 -9.077423
# SWITCH [49] to [17] in 34814 : -9.560529 -9.522964
# status=-34815, time=14457
# converged 50 / 50
0 0.009980 0.000628 34539 9.885990e-13 1.842494e-12
1 0.009823 0.001874 11280 9.697507e-13 1.174917e-12
2 0.009511 0.003090 6848 9.962814e-13 1.113966e-12
3 0.009048 0.004258 4920 9.781178e-13 1.072060e-12
4 0.008443 0.005358 3906 9.819160e-13 1.074516e-12
5 0.007705 0.006374 3276 9.945940e-13 1.086575e-12
6 0.006845 0.007290 2867 9.945353e-13 1.091724e-12
7 0.005878 0.008090 2576 9.748269e-13 1.080623e-12
8 0.004818 0.008763 2375 9.931448e-13 1.100955e-12
9 0.003681 0.009298 2239 9.711873e-13 1.088380e-12
10 0.002487 0.009686 2144 9.918712e-13 1.116093e-12
11 0.001253 0.009921 2092 9.917144e-13 1.125395e-12
12 0.000000 0.010000 2073 9.887288e-13 1.129604e-12
13 -0.001253 0.009921 2088 9.969659e-13 1.142881e-12
14 -0.002487 0.009686 2136 9.800303e-13 1.143067e-12
15 -0.003681 0.009298 2224 9.765041e-13 1.155138e-12
16 -0.004818 0.008763 2355 9.973205e-13 1.197948e-12
17 -0.005878 0.008090 2547 9.998046e-13 1.217031e-12
18 -0.006845 0.007290 2832 9.899629e-13 1.243076e-12
19 -0.007705 0.006374 3237 9.919436e-13 1.278892e-12
20 -0.008443 0.005358 3850 9.990321e-13 1.341521e-12
21 -0.009048 0.004258 4858 9.868404e-13 1.410790e-12
22 -0.009511 0.003090 6712 9.539721e-13 1.542565e-12
23 -0.009823 0.001874 11089 9.868161e-13 1.880057e-12
24 -0.009980 0.000628 34058 8.923644e-13 3.118100e-12
25 -0.009980 -0.000628 34058 9.201148e-13 3.054090e-12
26 -0.009823 -0.001874 11089 9.768311e-13 1.844636e-12
27 -0.009511 -0.003090 6720 9.673187e-13 1.548318e-12
28 -0.009048 -0.004258 4859 9.748999e-13 1.407000e-12
29 -0.008443 -0.005358 3850 9.957771e-13 1.341599e-12
30 -0.007705 -0.006374 3246 9.859428e-13 1.286785e-12
31 -0.006845 -0.007290 2829 9.870761e-13 1.247933e-12
32 -0.005878 -0.008090 2554 9.620900e-13 1.195887e-12
33 -0.004818 -0.008763 2355 9.944415e-13 1.204828e-12
34 -0.003681 -0.009298 2224 9.753342e-13 1.166783e-12
35 -0.002487 -0.009686 2136 9.830211e-13 1.160284e-12
36 -0.001253 -0.009921 2090 9.748523e-13 1.142996e-12
37 -0.000000 -0.010000 2073 9.941374e-13 1.147295e-12
38 0.001253 -0.009921 2092 9.961338e-13 1.145454e-12
39 0.002487 -0.009686 2148 9.948619e-13 1.131549e-12
40 0.003681 -0.009298 2238 9.976233e-13 1.130909e-12
41 0.004818 -0.008763 2375 9.875499e-13 1.113700e-12
42 0.005878 -0.008090 2576 9.680882e-13 1.093525e-12
43 0.006845 -0.007290 2862 9.872915e-13 1.098827e-12
44 0.007705 -0.006374 3283 9.809292e-13 1.094038e-12
45 0.008443 -0.005358 3906 9.800908e-13 1.087083e-12
46 0.009048 -0.004258 4923 9.950009e-13 1.105165e-12
47 0.009511 -0.003090 6853 9.598327e-13 1.082610e-12
48 0.009823 -0.001874 11288 9.859749e-13 1.163531e-12
49 0.009980 -0.000628 34815 9.169584e-13 1.655240e-12
