# Generalizd shifted MINRES method
# A = /home/u11674/DATA/VCNT90000_A.csr
# B = /home/u11674/DATA/VCNT90000_B.csr
# inner=1.000000e-12, outet=1.000000e-12
# status=-29343, time=12048
# converged 50 / 50
0 0.009980 0.000628 29343 9.993373e-13 2.442968e-12
1 0.009823 0.001874 10050 9.997598e-13 1.619362e-12
2 0.009511 0.003090 6148 9.976364e-13 1.427594e-12
3 0.009048 0.004258 4484 9.952527e-13 1.332124e-12
4 0.008443 0.005358 3574 9.996233e-13 1.284870e-12
5 0.007705 0.006374 3011 9.928579e-13 1.250799e-12
6 0.006845 0.007290 2636 9.957771e-13 1.224613e-12
7 0.005878 0.008090 2377 9.986569e-13 1.212800e-12
8 0.004818 0.008763 2196 9.966301e-13 1.201752e-12
9 0.003681 0.009298 2070 9.949869e-13 1.193572e-12
10 0.002487 0.009686 1986 9.994134e-13 1.187752e-12
11 0.001253 0.009921 1938 9.943276e-13 1.177894e-12
12 0.000000 0.010000 1921 9.944137e-13 1.172438e-12
13 -0.001253 0.009921 1934 9.953198e-13 1.174973e-12
14 -0.002487 0.009686 1978 9.983287e-13 1.179173e-12
15 -0.003681 0.009298 2058 9.866031e-13 1.167213e-12
16 -0.004818 0.008763 2179 9.918614e-13 1.177970e-12
17 -0.005878 0.008090 2354 9.976152e-13 1.185618e-12
18 -0.006845 0.007290 2606 9.950276e-13 1.189786e-12
19 -0.007705 0.006374 2972 9.946114e-13 1.203640e-12
20 -0.008443 0.005358 3524 9.953014e-13 1.214802e-12
21 -0.009048 0.004258 4416 9.978359e-13 1.242842e-12
22 -0.009511 0.003090 6050 9.997942e-13 1.290767e-12
23 -0.009823 0.001874 9886 9.986221e-13 1.402655e-12
24 -0.009980 0.000628 28837 9.991562e-13 2.035895e-12
25 -0.009980 -0.000628 28837 9.991562e-13 2.034750e-12
26 -0.009823 -0.001874 9886 9.986221e-13 1.402894e-12
27 -0.009511 -0.003090 6050 9.997942e-13 1.290703e-12
28 -0.009048 -0.004258 4416 9.978359e-13 1.242934e-12
29 -0.008443 -0.005358 3524 9.953014e-13 1.214779e-12
30 -0.007705 -0.006374 2972 9.946114e-13 1.203664e-12
31 -0.006845 -0.007290 2606 9.950276e-13 1.189786e-12
32 -0.005878 -0.008090 2354 9.976152e-13 1.185552e-12
33 -0.004818 -0.008763 2179 9.918614e-13 1.177974e-12
34 -0.003681 -0.009298 2058 9.866031e-13 1.167264e-12
35 -0.002487 -0.009686 1978 9.983287e-13 1.179174e-12
36 -0.001253 -0.009921 1934 9.953198e-13 1.174973e-12
37 -0.000000 -0.010000 1921 9.944137e-13 1.172438e-12
38 0.001253 -0.009921 1938 9.943276e-13 1.177895e-12
39 0.002487 -0.009686 1986 9.994134e-13 1.187725e-12
40 0.003681 -0.009298 2070 9.949869e-13 1.193600e-12
41 0.004818 -0.008763 2196 9.966301e-13 1.201713e-12
42 0.005878 -0.008090 2377 9.986569e-13 1.212751e-12
43 0.006845 -0.007290 2636 9.957771e-13 1.224670e-12
44 0.007705 -0.006374 3011 9.928579e-13 1.250799e-12
45 0.008443 -0.005358 3574 9.996233e-13 1.285049e-12
46 0.009048 -0.004258 4484 9.952527e-13 1.332021e-12
47 0.009511 -0.003090 6148 9.976364e-13 1.427738e-12
48 0.009823 -0.001874 10050 9.997598e-13 1.619486e-12
49 0.009980 -0.000628 29343 9.993373e-13 2.442506e-12
