# Generalizd shifted COCG method
# A = /home/u11674/DATA/VCNT90000_A.csr
# B = /home/u11674/DATA/VCNT90000_B.csr
# inner=1.000000e-12, outer=1.000000e-12
# SWITCH [0] to [32] in 34900 : -9.599706 -9.522954
# status=-34901, time=16172
# converged 50 / 50
0 0.009980 0.000628 34901 8.378627e-13 1.777284e-12
1 0.009823 0.001874 11343 9.399415e-13 1.154656e-12
2 0.009511 0.003090 6856 9.784024e-13 1.096199e-12
3 0.009048 0.004258 4965 9.947209e-13 1.087840e-12
4 0.008443 0.005358 3919 9.671433e-13 1.060195e-12
5 0.007705 0.006374 3292 9.887372e-13 1.077759e-12
6 0.006845 0.007290 2867 9.723402e-13 1.069354e-12
7 0.005878 0.008090 2579 9.876472e-13 1.087652e-12
8 0.004818 0.008763 2377 9.992727e-13 1.106840e-12
9 0.003681 0.009298 2238 9.879250e-13 1.104828e-12
10 0.002487 0.009686 2147 9.771890e-13 1.105174e-12
11 0.001253 0.009921 2092 9.956559e-13 1.129192e-12
12 0.000000 0.010000 2075 9.863130e-13 1.127956e-12
13 -0.001253 0.009921 2090 9.685593e-13 1.125311e-12
14 -0.002487 0.009686 2136 9.907097e-13 1.157042e-12
15 -0.003681 0.009298 2224 9.636487e-13 1.145063e-12
16 -0.004818 0.008763 2355 9.950807e-13 1.190637e-12
17 -0.005878 0.008090 2552 9.990588e-13 1.214136e-12
18 -0.006845 0.007290 2835 9.782871e-13 1.224009e-12
19 -0.007705 0.006374 3272 9.746967e-13 1.262648e-12
20 -0.008443 0.005358 3875 9.607357e-13 1.314869e-12
21 -0.009048 0.004258 4867 9.845958e-13 1.410888e-12
22 -0.009511 0.003090 6766 8.700966e-13 1.494755e-12
23 -0.009823 0.001874 11091 9.943465e-13 1.885754e-12
24 -0.009980 0.000628 34286 9.336754e-13 3.166236e-12
25 -0.009980 -0.000628 33945 9.927617e-13 3.111622e-12
26 -0.009823 -0.001874 11141 9.949791e-13 1.866978e-12
27 -0.009511 -0.003090 6757 9.594513e-13 1.549820e-12
28 -0.009048 -0.004258 4861 9.763142e-13 1.410112e-12
29 -0.008443 -0.005358 3875 8.782605e-13 1.258939e-12
30 -0.007705 -0.006374 3271 9.918194e-13 1.284009e-12
31 -0.006845 -0.007290 2830 9.920624e-13 1.246983e-12
32 -0.005878 -0.008090 2547 9.998263e-13 1.223256e-12
33 -0.004818 -0.008763 2362 9.562725e-13 1.167150e-12
34 -0.003681 -0.009298 2224 9.855388e-13 1.175447e-12
35 -0.002487 -0.009686 2134 9.931043e-13 1.167273e-12
36 -0.001253 -0.009921 2088 9.916589e-13 1.150098e-12
37 -0.000000 -0.010000 2073 9.861454e-13 1.140361e-12
38 0.001253 -0.009921 2092 9.878663e-13 1.137635e-12
39 0.002487 -0.009686 2147 9.876282e-13 1.130115e-12
40 0.003681 -0.009298 2239 9.886098e-13 1.120579e-12
41 0.004818 -0.008763 2375 9.968830e-13 1.122418e-12
42 0.005878 -0.008090 2576 9.762807e-13 1.099181e-12
43 0.006845 -0.007290 2884 9.532403e-13 1.071951e-12
44 0.007705 -0.006374 3292 9.930079e-13 1.100331e-12
45 0.008443 -0.005358 3917 9.929633e-13 1.102706e-12
46 0.009048 -0.004258 4990 9.903669e-13 1.100790e-12
47 0.009511 -0.003090 6855 9.624795e-13 1.082404e-12
48 0.009823 -0.001874 11267 9.992269e-13 1.172727e-12
49 0.009980 -0.000628 34519 9.930126e-13 1.687293e-12
