# Generalizd shifted MINRES method
# A = /home/u11674/DATA/VCNT90000_A.csr
# B = /home/u11674/DATA/VCNT90000_B.csr
# inner=1.000000e-12, outet=1.000000e-12
# status=-29342, time=11874
# converged 50 / 50
0 0.009980 0.000628 29342 9.997523e-13 2.440623e-12
1 0.009823 0.001874 10051 9.980161e-13 1.618414e-12
2 0.009511 0.003090 6148 9.975448e-13 1.425272e-12
3 0.009048 0.004258 4484 9.964563e-13 1.333921e-12
4 0.008443 0.005358 3574 9.993509e-13 1.285228e-12
5 0.007705 0.006374 3011 9.926725e-13 1.250745e-12
6 0.006845 0.007290 2636 9.957711e-13 1.224887e-12
7 0.005878 0.008090 2377 9.986566e-13 1.212631e-12
8 0.004818 0.008763 2196 9.965094e-13 1.201850e-12
9 0.003681 0.009298 2070 9.949658e-13 1.193773e-12
10 0.002487 0.009686 1986 9.997096e-13 1.188026e-12
11 0.001253 0.009921 1938 9.943291e-13 1.177619e-12
12 0.000000 0.010000 1921 9.944060e-13 1.172942e-12
13 -0.001253 0.009921 1934 9.953203e-13 1.175162e-12
14 -0.002487 0.009686 1978 9.987140e-13 1.179797e-12
15 -0.003681 0.009298 2058 9.866738e-13 1.167210e-12
16 -0.004818 0.008763 2179 9.915775e-13 1.177663e-12
17 -0.005878 0.008090 2354 9.976245e-13 1.185376e-12
18 -0.006845 0.007290 2606 9.949842e-13 1.189060e-12
19 -0.007705 0.006374 2972 9.946001e-13 1.203768e-12
20 -0.008443 0.005358 3524 9.953292e-13 1.214917e-12
21 -0.009048 0.004258 4416 9.983965e-13 1.243716e-12
22 -0.009511 0.003090 6050 9.998802e-13 1.292576e-12
23 -0.009823 0.001874 9886 9.989763e-13 1.402590e-12
24 -0.009980 0.000628 28836 9.995342e-13 2.032318e-12
25 -0.009980 -0.000628 28836 9.995342e-13 2.030407e-12
26 -0.009823 -0.001874 9886 9.989763e-13 1.403083e-12
27 -0.009511 -0.003090 6050 9.998802e-13 1.292500e-12
28 -0.009048 -0.004258 4416 9.983965e-13 1.243704e-12
29 -0.008443 -0.005358 3524 9.953292e-13 1.214948e-12
30 -0.007705 -0.006374 2972 9.946001e-13 1.203760e-12
31 -0.006845 -0.007290 2606 9.949842e-13 1.189060e-12
32 -0.005878 -0.008090 2354 9.976245e-13 1.185351e-12
33 -0.004818 -0.008763 2179 9.915775e-13 1.177635e-12
34 -0.003681 -0.009298 2058 9.866738e-13 1.167234e-12
35 -0.002487 -0.009686 1978 9.987140e-13 1.179798e-12
36 -0.001253 -0.009921 1934 9.953203e-13 1.175162e-12
37 -0.000000 -0.010000 1921 9.944060e-13 1.172943e-12
38 0.001253 -0.009921 1938 9.943291e-13 1.177620e-12
39 0.002487 -0.009686 1986 9.997096e-13 1.187988e-12
40 0.003681 -0.009298 2070 9.949658e-13 1.193790e-12
41 0.004818 -0.008763 2196 9.965094e-13 1.201804e-12
42 0.005878 -0.008090 2377 9.986566e-13 1.212708e-12
43 0.006845 -0.007290 2636 9.957711e-13 1.224927e-12
44 0.007705 -0.006374 3011 9.926725e-13 1.250745e-12
45 0.008443 -0.005358 3574 9.993509e-13 1.285195e-12
46 0.009048 -0.004258 4484 9.964563e-13 1.334146e-12
47 0.009511 -0.003090 6148 9.975448e-13 1.425294e-12
48 0.009823 -0.001874 10051 9.980161e-13 1.618493e-12
49 0.009980 -0.000628 29342 9.997523e-13 2.442397e-12
