# Generalizd shifted MINRES method
# A = /home/u11674/DATA/VCNT10800h_A.csr
# B = /home/u11674/DATA/VCNT10800h_B.csr
# inner=1.000000e-10, outer=1.000000e-12
# status=-18536, time=1750
# converged 1001 / 1001
0 0.400000 0.001000 8440 9.768540e-13 1.319899e-10
1 0.401000 0.001000 8429 9.911340e-13 1.395894e-10
2 0.402000 0.001000 8448 9.659640e-13 1.528792e-10
3 0.403000 0.001000 8490 9.664737e-13 1.530293e-10
4 0.404000 0.001000 8526 9.858926e-13 1.517369e-10
5 0.405000 0.001000 8546 9.950590e-13 1.407338e-10
6 0.406000 0.001000 8566 9.938352e-13 1.413548e-10
7 0.407000 0.001000 8596 9.683090e-13 1.382390e-10
8 0.408000 0.001000 8668 9.849712e-13 1.411869e-10
9 0.409000 0.001000 8758 9.825997e-13 1.612124e-10
10 0.410000 0.001000 8854 9.862795e-13 2.021039e-10
11 0.411000 0.001000 8947 9.941967e-13 2.232305e-10
12 0.412000 0.001000 9014 9.987847e-13 2.138742e-10
13 0.413000 0.001000 9093 9.940967e-13 2.457000e-10
14 0.414000 0.001000 9133 9.909674e-13 2.543751e-10
15 0.415000 0.001000 9131 9.846128e-13 2.402077e-10
16 0.416000 0.001000 9117 9.927641e-13 2.214768e-10
17 0.417000 0.001000 9081 9.899834e-13 2.278624e-10
18 0.418000 0.001000 9000 9.991680e-13 2.407806e-10
19 0.419000 0.001000 8964 9.906378e-13 2.425904e-10
20 0.420000 0.001000 8900 9.651996e-13 2.166583e-10
21 0.421000 0.001000 8861 9.556379e-13 2.203431e-10
22 0.422000 0.001000 8837 9.580420e-13 2.182296e-10
23 0.423000 0.001000 8837 9.762383e-13 2.189383e-10
24 0.424000 0.001000 8843 9.871329e-13 2.331830e-10
25 0.425000 0.001000 8847 9.713258e-13 2.005063e-10
26 0.426000 0.001000 8843 9.885573e-13 1.838821e-10
27 0.427000 0.001000 8840 9.795301e-13 1.746987e-10
28 0.428000 0.001000 8850 9.520922e-13 1.820257e-10
29 0.429000 0.001000 8862 9.713439e-13 1.671938e-10
30 0.430000 0.001000 8873 9.802134e-13 1.611607e-10
31 0.431000 0.001000 8896 9.774699e-13 1.671248e-10
32 0.432000 0.001000 8951 9.995434e-13 1.777610e-10
33 0.433000 0.001000 9018 9.816262e-13 1.850416e-10
34 0.434000 0.001000 9093 9.916658e-13 1.745140e-10
35 0.435000 0.001000 9223 9.903804e-13 1.832816e-10
36 0.436000 0.001000 9377 9.824114e-13 1.936064e-10
37 0.437000 0.001000 9538 9.967504e-13 1.833375e-10
38 0.438000 0.001000 9635 9.848345e-13 1.822019e-10
39 0.439000 0.001000 9638 9.975319e-13 1.797828e-10
40 0.440000 0.001000 9611 9.986537e-13 1.902248e-10
41 0.441000 0.001000 9616 9.933233e-13 2.053432e-10
42 0.442000 0.001000 9618 9.893722e-13 2.210480e-10
43 0.443000 0.001000 9555 9.989001e-13 1.977663e-10
44 0.444000 0.001000 9502 9.999058e-13 1.811345e-10
45 0.445000 0.001000 9454 9.996695e-13 1.687784e-10
46 0.446000 0.001000 9404 9.962978e-13 1.650369e-10
47 0.447000 0.001000 9334 9.983252e-13 1.659468e-10
48 0.448000 0.001000 9274 9.869293e-13 1.868477e-10
49 0.449000 0.001000 9143 9.904013e-13 1.953623e-10
50 0.450000 0.001000 9006 9.879801e-13 1.602985e-10
51 0.451000 0.001000 8917 9.687041e-13 1.458350e-10
52 0.452000 0.001000 8895 9.696871e-13 1.492275e-10
53 0.453000 0.001000 8852 9.869470e-13 1.448842e-10
54 0.454000 0.001000 8823 9.662916e-13 1.472215e-10
55 0.455000 0.001000 8785 9.905452e-13 1.571577e-10
56 0.456000 0.001000 8754 9.903502e-13 1.604837e-10
57 0.457000 0.001000 8804 9.661639e-13 1.887297e-10
58 0.458000 0.001000 8828 9.422201e-13 2.025873e-10
59 0.459000 0.001000 8823 9.947070e-13 1.745211e-10
60 0.460000 0.001000 8834 9.984469e-13 1.701599e-10
61 0.461000 0.001000 8845 9.925983e-13 1.790838e-10
62 0.462000 0.001000 8843 9.920148e-13 1.778735e-10
63 0.463000 0.001000 8840 9.838484e-13 1.790129e-10
64 0.464000 0.001000 8848 9.718790e-13 1.884848e-10
65 0.465000 0.001000 8848 9.680108e-13 1.823402e-10
66 0.466000 0.001000 8843 9.919204e-13 1.768753e-10
67 0.467000 0.001000 8864 9.834073e-13 1.907606e-10
68 0.468000 0.001000 8891 9.835058e-13 1.757990e-10
69 0.469000 0.001000 8918 9.813963e-13 1.623483e-10
70 0.470000 0.001000 8997 9.973216e-13 1.746787e-10
71 0.471000 0.001000 9025 9.827570e-13 2.007693e-10
72 0.472000 0.001000 9137 9.998487e-13 2.090696e-10
73 0.473000 0.001000 9385 9.965858e-13 1.947510e-10
74 0.474000 0.001000 9653 9.846575e-13 1.870722e-10
75 0.475000 0.001000 9889 9.919755e-13 1.856854e-10
76 0.476000 0.001000 10040 9.761148e-13 1.950098e-10
77 0.477000 0.001000 10127 9.991872e-13 2.004769e-10
78 0.478000 0.001000 10235 9.915367e-13 2.130247e-10
79 0.479000 0.001000 10321 9.783506e-13 2.086533e-10
80 0.480000 0.001000 10391 9.867335e-13 2.097748e-10
81 0.481000 0.001000 10431 9.961833e-13 1.990431e-10
82 0.482000 0.001000 10460 9.973531e-13 1.877251e-10
83 0.483000 0.001000 10478 9.895746e-13 1.851642e-10
84 0.484000 0.001000 10530 9.960294e-13 1.851627e-10
85 0.485000 0.001000 10568 9.787010e-13 1.902356e-10
86 0.486000 0.001000 10582 9.995739e-13 2.037033e-10
87 0.487000 0.001000 10566 9.895073e-13 1.927270e-10
88 0.488000 0.001000 10541 9.944574e-13 1.748507e-10
89 0.489000 0.001000 10533 9.989967e-13 1.776236e-10
90 0.490000 0.001000 10506 9.903881e-13 1.687335e-10
91 0.491000 0.001000 10488 9.931876e-13 1.733679e-10
92 0.492000 0.001000 10515 9.910448e-13 1.953770e-10
93 0.493000 0.001000 10543 9.891969e-13 1.977157e-10
94 0.494000 0.001000 10531 9.871370e-13 1.962694e-10
95 0.495000 0.001000 10523 9.936530e-13 1.907836e-10
96 0.496000 0.001000 10513 9.876794e-13 1.798077e-10
97 0.497000 0.001000 10488 9.858950e-13 1.783722e-10
98 0.498000 0.001000 10433 9.941035e-13 1.793745e-10
99 0.499000 0.001000 10395 9.877735e-13 1.795411e-10
100 0.500000 0.001000 10233 9.903743e-13 1.962748e-10
101 0.501000 0.001000 10083 9.918263e-13 2.130010e-10
102 0.502000 0.001000 9967 9.431208e-13 2.103048e-10
103 0.503000 0.001000 9320 9.924258e-13 2.122208e-10
104 0.504000 0.001000 8778 9.854722e-13 2.190788e-10
105 0.505000 0.001000 8265 9.989721e-13 1.798321e-10
106 0.506000 0.001000 7666 9.958620e-13 1.776495e-10
107 0.507000 0.001000 7008 9.903642e-13 1.727021e-10
108 0.508000 0.001000 6494 9.910840e-13 1.612379e-10
109 0.509000 0.001000 5978 9.946392e-13 1.490649e-10
110 0.510000 0.001000 5427 9.986132e-13 1.300836e-10
111 0.511000 0.001000 4804 9.988731e-13 1.200374e-10
112 0.512000 0.001000 4445 9.973176e-13 1.170951e-10
113 0.513000 0.001000 4209 9.926438e-13 1.090026e-10
114 0.514000 0.001000 4152 9.740540e-13 1.075564e-10
115 0.515000 0.001000 4113 9.834859e-13 1.110450e-10
116 0.516000 0.001000 3843 9.927171e-13 1.106542e-10
117 0.517000 0.001000 3550 9.943290e-13 1.044998e-10
118 0.518000 0.001000 3372 9.987149e-13 1.020644e-10
119 0.519000 0.001000 3333 9.941615e-13 1.054013e-10
120 0.520000 0.001000 3389 9.980230e-13 1.165968e-10
121 0.521000 0.001000 3414 9.975779e-13 1.198868e-10
122 0.522000 0.001000 3354 9.911375e-13 1.183216e-10
123 0.523000 0.001000 3086 9.968109e-13 1.147881e-10
124 0.524000 0.001000 2863 9.998934e-13 1.093586e-10
125 0.525000 0.001000 2737 9.969507e-13 1.039860e-10
126 0.526000 0.001000 2694 9.897311e-13 1.063736e-10
127 0.527000 0.001000 2770 9.964445e-13 1.169771e-10
128 0.528000 0.001000 2860 9.999151e-13 1.227020e-10
129 0.529000 0.001000 2866 9.995051e-13 1.190107e-10
130 0.530000 0.001000 2712 9.990186e-13 1.179820e-10
131 0.531000 0.001000 2561 9.969612e-13 1.207549e-10
132 0.532000 0.001000 2434 9.929355e-13 1.143740e-10
133 0.533000 0.001000 2357 9.784247e-13 1.061021e-10
134 0.534000 0.001000 2352 9.970905e-13 1.083965e-10
135 0.535000 0.001000 2372 9.987069e-13 1.141810e-10
136 0.536000 0.001000 2375 9.975590e-13 1.128693e-10
137 0.537000 0.001000 2357 9.773159e-13 1.160584e-10
138 0.538000 0.001000 2318 9.962707e-13 1.164697e-10
139 0.539000 0.001000 2260 9.835099e-13 1.085357e-10
140 0.540000 0.001000 2220 9.703769e-13 1.018073e-10
141 0.541000 0.001000 2203 9.900901e-13 9.910690e-11
142 0.542000 0.001000 2203 9.663216e-13 9.863813e-11
143 0.543000 0.001000 2218 9.304625e-13 1.000043e-10
144 0.544000 0.001000 2236 9.629292e-13 1.031719e-10
145 0.545000 0.001000 2231 9.737462e-13 1.036656e-10
146 0.546000 0.001000 2224 9.586288e-13 1.064698e-10
147 0.547000 0.001000 2213 9.324984e-13 1.044926e-10
148 0.548000 0.001000 2199 9.971190e-13 1.029246e-10
149 0.549000 0.001000 2182 9.683024e-13 1.003559e-10
150 0.550000 0.001000 2177 9.993275e-13 1.001167e-10
151 0.551000 0.001000 2189 9.546659e-13 1.015673e-10
152 0.552000 0.001000 2213 9.823543e-13 1.058244e-10
153 0.553000 0.001000 2239 9.870394e-13 1.137121e-10
154 0.554000 0.001000 2242 9.644842e-13 1.242856e-10
155 0.555000 0.001000 2226 9.515181e-13 1.307347e-10
156 0.556000 0.001000 2197 9.865524e-13 1.153902e-10
157 0.557000 0.001000 2179 9.894550e-13 1.078931e-10
158 0.558000 0.001000 2177 9.643719e-13 1.073186e-10
159 0.559000 0.001000 2189 9.637679e-13 1.121722e-10
160 0.560000 0.001000 2210 9.480074e-13 1.220210e-10
161 0.561000 0.001000 2226 9.950619e-13 1.188458e-10
162 0.562000 0.001000 2253 9.807402e-13 1.220011e-10
163 0.563000 0.001000 2298 9.836066e-13 1.256189e-10
164 0.564000 0.001000 2257 9.916250e-13 1.194700e-10
165 0.565000 0.001000 2232 9.685964e-13 1.116098e-10
166 0.566000 0.001000 2231 9.743364e-13 1.128385e-10
167 0.567000 0.001000 2242 9.815608e-13 1.182707e-10
168 0.568000 0.001000 2248 9.994138e-13 1.126117e-10
169 0.569000 0.001000 2274 9.957200e-13 1.130540e-10
170 0.570000 0.001000 2284 9.976661e-13 1.097065e-10
171 0.571000 0.001000 2319 9.880884e-13 1.084993e-10
172 0.572000 0.001000 2461 9.947470e-13 1.110619e-10
173 0.573000 0.001000 2590 9.998205e-13 1.178576e-10
174 0.574000 0.001000 2654 9.987052e-13 1.228044e-10
175 0.575000 0.001000 2569 9.891722e-13 1.174291e-10
176 0.576000 0.001000 2480 9.767133e-13 1.122669e-10
177 0.577000 0.001000 2454 9.810711e-13 1.110166e-10
178 0.578000 0.001000 2469 9.861151e-13 1.119165e-10
179 0.579000 0.001000 2540 9.826363e-13 1.149456e-10
180 0.580000 0.001000 2636 9.896544e-13 1.198005e-10
181 0.581000 0.001000 2730 9.948684e-13 1.281752e-10
182 0.582000 0.001000 2987 9.955257e-13 1.442306e-10
183 0.583000 0.001000 3182 9.996834e-13 1.561440e-10
184 0.584000 0.001000 3154 9.994335e-13 1.451526e-10
185 0.585000 0.001000 3147 9.953089e-13 1.281015e-10
186 0.586000 0.001000 3236 9.899457e-13 1.226153e-10
187 0.587000 0.001000 3262 9.954629e-13 1.215274e-10
188 0.588000 0.001000 3257 9.867801e-13 1.197402e-10
189 0.589000 0.001000 3335 9.956055e-13 1.201900e-10
190 0.590000 0.001000 3523 9.992048e-13 1.224403e-10
191 0.591000 0.001000 3757 9.898522e-13 1.252977e-10
192 0.592000 0.001000 3967 9.914354e-13 1.311253e-10
193 0.593000 0.001000 4119 9.693684e-13 1.408584e-10
194 0.594000 0.001000 4309 9.881576e-13 1.549244e-10
195 0.595000 0.001000 4599 9.940999e-13 1.804172e-10
196 0.596000 0.001000 4725 9.943389e-13 1.708576e-10
197 0.597000 0.001000 5107 9.963492e-13 1.655123e-10
198 0.598000 0.001000 5270 9.701989e-13 1.716272e-10
199 0.599000 0.001000 5490 9.987453e-13 1.850349e-10
200 0.600000 0.001000 5710 9.981677e-13 2.048186e-10
201 0.601000 0.001000 5884 9.978048e-13 2.118401e-10
202 0.602000 0.001000 6045 9.676354e-13 2.023294e-10
203 0.603000 0.001000 6163 9.897202e-13 2.043143e-10
204 0.604000 0.001000 6355 9.929095e-13 2.245244e-10
205 0.605000 0.001000 6455 9.960212e-13 2.131407e-10
206 0.606000 0.001000 6547 9.998882e-13 2.020081e-10
207 0.607000 0.001000 6734 9.878073e-13 2.076366e-10
208 0.608000 0.001000 6958 9.879071e-13 2.195279e-10
209 0.609000 0.001000 7359 9.938970e-13 2.422410e-10
210 0.610000 0.001000 7580 9.914960e-13 2.725011e-10
211 0.611000 0.001000 7722 9.913549e-13 2.848896e-10
212 0.612000 0.001000 7772 9.821118e-13 2.923082e-10
213 0.613000 0.001000 7733 9.866687e-13 3.035021e-10
214 0.614000 0.001000 7767 9.932101e-13 3.021934e-10
215 0.615000 0.001000 7892 9.960826e-13 2.938656e-10
216 0.616000 0.001000 7950 9.851876e-13 3.010952e-10
217 0.617000 0.001000 8002 9.909156e-13 3.201717e-10
218 0.618000 0.001000 8008 9.903823e-13 3.513103e-10
219 0.619000 0.001000 7960 9.979441e-13 3.564649e-10
220 0.620000 0.001000 7919 9.956190e-13 3.877415e-10
221 0.621000 0.001000 7916 9.921066e-13 4.875525e-10
222 0.622000 0.001000 7896 9.819319e-13 4.729523e-10
223 0.623000 0.001000 7783 9.929852e-13 4.372879e-10
224 0.624000 0.001000 7748 9.843990e-13 3.883778e-10
225 0.625000 0.001000 7709 9.873893e-13 3.683007e-10
226 0.626000 0.001000 7684 9.970256e-13 3.526601e-10
227 0.627000 0.001000 7667 9.598432e-13 3.657416e-10
228 0.628000 0.001000 7635 9.980148e-13 3.736759e-10
229 0.629000 0.001000 7575 9.747275e-13 3.808904e-10
230 0.630000 0.001000 7553 9.866904e-13 3.198835e-10
231 0.631000 0.001000 7570 9.956192e-13 2.973575e-10
232 0.632000 0.001000 7651 9.942040e-13 2.964094e-10
233 0.633000 0.001000 7775 9.846193e-13 2.980271e-10
234 0.634000 0.001000 8274 9.971473e-13 2.952769e-10
235 0.635000 0.001000 8889 9.988085e-13 3.136183e-10
236 0.636000 0.001000 9438 9.933981e-13 3.437316e-10
237 0.637000 0.001000 10002 9.968879e-13 4.085613e-10
238 0.638000 0.001000 10352 9.947208e-13 4.293238e-10
239 0.639000 0.001000 10678 9.950197e-13 3.995520e-10
240 0.640000 0.001000 10947 9.856975e-13 4.199487e-10
241 0.641000 0.001000 11082 9.938342e-13 4.240372e-10
242 0.642000 0.001000 11302 9.913677e-13 4.458079e-10
243 0.643000 0.001000 11568 9.818783e-13 4.971004e-10
244 0.644000 0.001000 11917 9.944460e-13 5.677364e-10
245 0.645000 0.001000 12093 9.911137e-13 6.101957e-10
246 0.646000 0.001000 12214 9.993200e-13 6.629876e-10
247 0.647000 0.001000 12320 9.969500e-13 7.194687e-10
248 0.648000 0.001000 12406 9.770603e-13 7.428897e-10
249 0.649000 0.001000 12537 9.777837e-13 8.688939e-10
250 0.650000 0.001000 12663 9.931651e-13 9.817047e-10
251 0.651000 0.001000 12823 9.984967e-13 1.075960e-09
252 0.652000 0.001000 12897 9.860435e-13 1.176758e-09
253 0.653000 0.001000 12969 9.990182e-13 1.103682e-09
254 0.654000 0.001000 13008 9.736192e-13 1.153685e-09
255 0.655000 0.001000 13063 9.954672e-13 1.149400e-09
256 0.656000 0.001000 13220 9.913424e-13 1.101538e-09
257 0.657000 0.001000 13318 9.915053e-13 1.159269e-09
258 0.658000 0.001000 13411 9.897590e-13 1.219741e-09
259 0.659000 0.001000 13520 9.626943e-13 1.288001e-09
260 0.660000 0.001000 13604 9.925205e-13 1.229942e-09
261 0.661000 0.001000 13636 9.943398e-13 1.301970e-09
262 0.662000 0.001000 13649 9.844122e-13 1.403519e-09
263 0.663000 0.001000 13626 9.976075e-13 1.404739e-09
264 0.664000 0.001000 13527 9.942274e-13 1.272540e-09
265 0.665000 0.001000 13469 9.737322e-13 1.275105e-09
266 0.666000 0.001000 13448 9.979045e-13 1.321515e-09
267 0.667000 0.001000 13416 9.985424e-13 1.396677e-09
268 0.668000 0.001000 13385 9.507766e-13 1.310544e-09
269 0.669000 0.001000 13330 9.890025e-13 1.331245e-09
270 0.670000 0.001000 13260 9.963481e-13 1.454934e-09
271 0.671000 0.001000 13206 9.814660e-13 1.624593e-09
272 0.672000 0.001000 13197 9.895769e-13 1.599516e-09
273 0.673000 0.001000 13125 9.967875e-13 1.420721e-09
274 0.674000 0.001000 13066 9.955944e-13 1.226666e-09
275 0.675000 0.001000 13032 9.784543e-13 1.149187e-09
276 0.676000 0.001000 12983 9.813395e-13 1.104811e-09
277 0.677000 0.001000 12921 9.830670e-13 1.026284e-09
278 0.678000 0.001000 12846 9.859979e-13 8.966344e-10
279 0.679000 0.001000 12735 9.786458e-13 8.630459e-10
280 0.680000 0.001000 12718 9.986063e-13 1.014782e-09
281 0.681000 0.001000 12682 9.897976e-13 1.136422e-09
282 0.682000 0.001000 12623 9.993429e-13 1.085346e-09
283 0.683000 0.001000 12612 9.866922e-13 1.187400e-09
284 0.684000 0.001000 12592 9.879532e-13 1.167248e-09
285 0.685000 0.001000 12562 9.755681e-13 1.121698e-09
286 0.686000 0.001000 12509 9.573897e-13 1.042646e-09
287 0.687000 0.001000 12430 9.998365e-13 1.052497e-09
288 0.688000 0.001000 12370 9.900865e-13 1.056160e-09
289 0.689000 0.001000 12367 9.958295e-13 1.048985e-09
290 0.690000 0.001000 12409 9.958879e-13 1.086681e-09
291 0.691000 0.001000 12475 9.926827e-13 1.248661e-09
292 0.692000 0.001000 12559 9.768470e-13 1.480068e-09
293 0.693000 0.001000 12606 9.945389e-13 1.421890e-09
294 0.694000 0.001000 12665 9.870842e-13 1.503566e-09
295 0.695000 0.001000 12710 9.947178e-13 1.642519e-09
296 0.696000 0.001000 12724 9.748170e-13 1.758334e-09
297 0.697000 0.001000 12751 9.976537e-13 2.053599e-09
298 0.698000 0.001000 12846 9.816377e-13 2.205934e-09
299 0.699000 0.001000 12966 9.888514e-13 2.243422e-09
300 0.700000 0.001000 13287 9.755804e-13 2.450725e-09
301 0.701000 0.001000 13469 9.808577e-13 2.949353e-09
302 0.702000 0.001000 13737 9.996416e-13 3.194025e-09
303 0.703000 0.001000 13879 9.979012e-13 2.969827e-09
304 0.704000 0.001000 13901 9.933109e-13 2.667858e-09
305 0.705000 0.001000 13936 9.965970e-13 2.254302e-09
306 0.706000 0.001000 13985 9.946566e-13 2.039121e-09
307 0.707000 0.001000 13991 9.809321e-13 1.940470e-09
308 0.708000 0.001000 13977 9.890865e-13 1.874245e-09
309 0.709000 0.001000 13946 9.902578e-13 1.641639e-09
310 0.710000 0.001000 13931 9.955431e-13 1.460300e-09
311 0.711000 0.001000 13982 9.963834e-13 1.428177e-09
312 0.712000 0.001000 14079 9.609570e-13 1.392994e-09
313 0.713000 0.001000 14163 9.957142e-13 1.238238e-09
314 0.714000 0.001000 14248 9.864174e-13 1.188324e-09
315 0.715000 0.001000 14296 9.753465e-13 1.122805e-09
316 0.716000 0.001000 14315 9.829851e-13 9.967774e-10
317 0.717000 0.001000 14329 9.940775e-13 9.298002e-10
318 0.718000 0.001000 14346 9.994970e-13 1.000142e-09
319 0.719000 0.001000 14345 9.959855e-13 1.039972e-09
320 0.720000 0.001000 14356 9.963899e-13 9.275958e-10
321 0.721000 0.001000 14391 9.936297e-13 9.091374e-10
322 0.722000 0.001000 14433 9.803000e-13 8.820439e-10
323 0.723000 0.001000 14514 9.988286e-13 8.871092e-10
324 0.724000 0.001000 14564 9.835865e-13 9.710047e-10
325 0.725000 0.001000 14640 9.989815e-13 9.861902e-10
326 0.726000 0.001000 14680 9.868166e-13 8.488506e-10
327 0.727000 0.001000 14761 9.890399e-13 7.626698e-10
328 0.728000 0.001000 14853 9.871110e-13 7.321425e-10
329 0.729000 0.001000 14952 9.947263e-13 7.088173e-10
330 0.730000 0.001000 15064 9.883962e-13 7.323842e-10
331 0.731000 0.001000 15120 9.770577e-13 7.674349e-10
332 0.732000 0.001000 15179 9.729479e-13 7.454902e-10
333 0.733000 0.001000 15204 9.999317e-13 7.105186e-10
334 0.734000 0.001000 15250 9.877514e-13 7.384222e-10
335 0.735000 0.001000 15295 9.994408e-13 7.191977e-10
336 0.736000 0.001000 15585 9.996871e-13 7.093873e-10
337 0.737000 0.001000 15585 9.707676e-13 7.220893e-10
338 0.738000 0.001000 15468 9.991455e-13 7.604821e-10
339 0.739000 0.001000 15202 9.996962e-13 7.122652e-10
340 0.740000 0.001000 15049 9.956787e-13 6.705380e-10
341 0.741000 0.001000 14830 9.928959e-13 6.576091e-10
342 0.742000 0.001000 14676 9.973619e-13 6.485327e-10
343 0.743000 0.001000 14618 9.957211e-13 6.355507e-10
344 0.744000 0.001000 14481 9.992746e-13 6.112827e-10
345 0.745000 0.001000 14201 9.825221e-13 5.558196e-10
346 0.746000 0.001000 13953 9.931785e-13 5.341336e-10
347 0.747000 0.001000 13717 9.917790e-13 5.231946e-10
348 0.748000 0.001000 13548 9.965081e-13 5.018818e-10
349 0.749000 0.001000 13445 9.854076e-13 4.747756e-10
350 0.750000 0.001000 13394 9.867377e-13 5.006698e-10
351 0.751000 0.001000 13194 9.933885e-13 5.293096e-10
352 0.752000 0.001000 12958 9.970191e-13 4.888859e-10
353 0.753000 0.001000 12796 9.964255e-13 4.650419e-10
354 0.754000 0.001000 12598 9.913223e-13 4.771098e-10
355 0.755000 0.001000 12152 9.979435e-13 5.004031e-10
356 0.756000 0.001000 11329 9.988946e-13 4.915122e-10
357 0.757000 0.001000 10200 9.997428e-13 4.720230e-10
358 0.758000 0.001000 9379 9.895267e-13 4.612703e-10
359 0.759000 0.001000 9136 9.992176e-13 4.662869e-10
360 0.760000 0.001000 9003 9.988685e-13 4.841237e-10
361 0.761000 0.001000 8965 9.992389e-13 5.080667e-10
362 0.762000 0.001000 9019 9.888620e-13 5.315970e-10
363 0.763000 0.001000 9073 9.921756e-13 6.178522e-10
364 0.764000 0.001000 9057 9.891106e-13 5.583606e-10
365 0.765000 0.001000 9096 9.872578e-13 5.108526e-10
366 0.766000 0.001000 9264 9.985044e-13 4.553322e-10
367 0.767000 0.001000 9711 9.977720e-13 4.312225e-10
368 0.768000 0.001000 10657 9.983731e-13 4.365160e-10
369 0.769000 0.001000 11740 9.967194e-13 4.956419e-10
370 0.770000 0.001000 12744 9.976025e-13 5.584854e-10
371 0.771000 0.001000 13926 9.992260e-13 5.859999e-10
372 0.772000 0.001000 14721 9.968435e-13 6.231820e-10
373 0.773000 0.001000 15275 9.946943e-13 6.410591e-10
374 0.774000 0.001000 16016 9.963379e-13 6.118886e-10
375 0.775000 0.001000 16314 9.977695e-13 6.363639e-10
376 0.776000 0.001000 16800 9.988378e-13 6.242299e-10
377 0.777000 0.001000 17256 9.974216e-13 5.972220e-10
378 0.778000 0.001000 17675 9.974803e-13 6.283977e-10
379 0.779000 0.001000 18111 9.972253e-13 6.754800e-10
380 0.780000 0.001000 18340 9.999616e-13 7.187398e-10
381 0.781000 0.001000 18488 9.988012e-13 7.654302e-10
382 0.782000 0.001000 18514 9.996911e-13 7.819790e-10
383 0.783000 0.001000 18536 9.980769e-13 8.514635e-10
384 0.784000 0.001000 18445 9.976471e-13 9.079802e-10
385 0.785000 0.001000 18314 9.995363e-13 8.188035e-10
386 0.786000 0.001000 18101 9.996382e-13 7.795342e-10
387 0.787000 0.001000 18268 9.936438e-13 7.658648e-10
388 0.788000 0.001000 18318 9.966438e-13 7.656143e-10
389 0.789000 0.001000 18226 9.978421e-13 7.572826e-10
390 0.790000 0.001000 18032 9.994681e-13 7.937098e-10
391 0.791000 0.001000 17852 9.999922e-13 8.324383e-10
392 0.792000 0.001000 17563 9.973590e-13 8.530515e-10
393 0.793000 0.001000 17252 9.960674e-13 9.134161e-10
394 0.794000 0.001000 16889 9.984593e-13 9.308757e-10
395 0.795000 0.001000 16253 9.990976e-13 9.212564e-10
396 0.796000 0.001000 15867 9.930907e-13 9.653464e-10
397 0.797000 0.001000 15335 9.992608e-13 9.087560e-10
398 0.798000 0.001000 14667 9.985759e-13 8.958184e-10
399 0.799000 0.001000 13816 9.976038e-13 9.039565e-10
400 0.800000 0.001000 13212 9.978281e-13 9.626479e-10
401 0.801000 0.001000 12963 9.896747e-13 1.081060e-09
402 0.802000 0.001000 12765 9.998046e-13 9.634213e-10
403 0.803000 0.001000 12630 9.944414e-13 1.000500e-09
404 0.804000 0.001000 12515 9.963547e-13 1.005113e-09
405 0.805000 0.001000 12533 9.900556e-13 9.463144e-10
406 0.806000 0.001000 12586 9.920881e-13 1.009447e-09
407 0.807000 0.001000 12613 9.945944e-13 1.124049e-09
408 0.808000 0.001000 12626 9.869663e-13 1.237985e-09
409 0.809000 0.001000 12583 9.897359e-13 1.191174e-09
410 0.810000 0.001000 12593 9.927499e-13 1.093696e-09
411 0.811000 0.001000 12730 9.971582e-13 1.093870e-09
412 0.812000 0.001000 12857 9.790663e-13 1.114198e-09
413 0.813000 0.001000 12955 9.901449e-13 1.098718e-09
414 0.814000 0.001000 13099 9.934748e-13 1.150522e-09
415 0.815000 0.001000 13284 9.997457e-13 1.400498e-09
416 0.816000 0.001000 13365 9.941550e-13 1.281418e-09
417 0.817000 0.001000 13449 9.947965e-13 1.266462e-09
418 0.818000 0.001000 13602 9.892418e-13 1.378424e-09
419 0.819000 0.001000 13721 9.963693e-13 1.445166e-09
420 0.820000 0.001000 13781 9.951504e-13 1.412723e-09
421 0.821000 0.001000 13934 9.972496e-13 1.441283e-09
422 0.822000 0.001000 14117 9.943671e-13 1.665341e-09
423 0.823000 0.001000 14251 9.877479e-13 1.821075e-09
424 0.824000 0.001000 14360 9.960569e-13 1.848693e-09
425 0.825000 0.001000 14583 9.988767e-13 1.988261e-09
426 0.826000 0.001000 14900 9.976436e-13 2.027132e-09
427 0.827000 0.001000 15242 9.963587e-13 2.073637e-09
428 0.828000 0.001000 15564 9.855744e-13 2.053460e-09
429 0.829000 0.001000 16013 9.976042e-13 2.271490e-09
430 0.830000 0.001000 16526 9.957185e-13 2.537562e-09
431 0.831000 0.001000 17096 9.983011e-13 2.488513e-09
432 0.832000 0.001000 17503 9.998329e-13 2.624110e-09
433 0.833000 0.001000 17688 9.990985e-13 2.757376e-09
434 0.834000 0.001000 18094 9.992050e-13 2.877072e-09
435 0.835000 0.001000 18397 9.989260e-13 3.284197e-09
436 0.836000 0.001000 18487 9.989410e-13 3.747614e-09
437 0.837000 0.001000 18515 9.987258e-13 4.281468e-09
438 0.838000 0.001000 18265 9.993609e-13 4.604745e-09
439 0.839000 0.001000 17924 9.999928e-13 4.971909e-09
440 0.840000 0.001000 17784 9.953711e-13 4.909535e-09
441 0.841000 0.001000 17285 9.987112e-13 4.979515e-09
442 0.842000 0.001000 16695 9.983116e-13 5.753860e-09
443 0.843000 0.001000 16371 9.870379e-13 6.490320e-09
444 0.844000 0.001000 16030 9.987281e-13 7.869192e-09
445 0.845000 0.001000 15797 9.997457e-13 9.840260e-09
446 0.846000 0.001000 15575 9.933077e-13 1.248129e-08
447 0.847000 0.001000 15218 9.951301e-13 1.276880e-08
448 0.848000 0.001000 14834 9.985313e-13 1.436068e-08
449 0.849000 0.001000 14400 9.986137e-13 1.608071e-08
450 0.850000 0.001000 13772 9.935431e-13 1.454987e-08
451 0.851000 0.001000 12838 9.943122e-13 1.176494e-08
452 0.852000 0.001000 11612 9.960808e-13 9.396893e-09
453 0.853000 0.001000 10407 9.977071e-13 6.822938e-09
454 0.854000 0.001000 9447 9.996839e-13 5.162195e-09
455 0.855000 0.001000 8958 9.899274e-13 4.168176e-09
456 0.856000 0.001000 8802 9.934655e-13 3.703182e-09
457 0.857000 0.001000 8726 9.968558e-13 3.535473e-09
458 0.858000 0.001000 8734 9.871214e-13 3.594961e-09
459 0.859000 0.001000 8709 9.730293e-13 3.281493e-09
460 0.860000 0.001000 8683 9.741289e-13 3.007260e-09
461 0.861000 0.001000 8647 9.872749e-13 2.677846e-09
462 0.862000 0.001000 8612 9.875494e-13 2.415754e-09
463 0.863000 0.001000 8589 9.847430e-13 2.072282e-09
464 0.864000 0.001000 8558 9.950366e-13 2.055521e-09
465 0.865000 0.001000 8444 9.961841e-13 2.255121e-09
466 0.866000 0.001000 8397 9.699668e-13 2.473793e-09
467 0.867000 0.001000 8335 9.812173e-13 2.670091e-09
468 0.868000 0.001000 8307 9.926013e-13 2.255469e-09
469 0.869000 0.001000 8404 9.823560e-13 1.956296e-09
470 0.870000 0.001000 8575 9.896438e-13 1.930399e-09
471 0.871000 0.001000 8631 9.970818e-13 1.909993e-09
472 0.872000 0.001000 8680 9.937375e-13 2.001990e-09
473 0.873000 0.001000 8719 9.973966e-13 1.913170e-09
474 0.874000 0.001000 8745 9.885403e-13 1.940877e-09
475 0.875000 0.001000 8836 9.938219e-13 2.294689e-09
476 0.876000 0.001000 8845 9.981907e-13 2.999194e-09
477 0.877000 0.001000 8743 9.891037e-13 3.843525e-09
478 0.878000 0.001000 8695 9.781269e-13 3.974427e-09
479 0.879000 0.001000 8616 9.871344e-13 3.563363e-09
480 0.880000 0.001000 8489 9.888675e-13 2.674835e-09
481 0.881000 0.001000 8269 9.775874e-13 1.853602e-09
482 0.882000 0.001000 8165 9.782184e-13 1.372827e-09
483 0.883000 0.001000 8135 9.933881e-13 1.206276e-09
484 0.884000 0.001000 8125 9.965377e-13 1.071304e-09
485 0.885000 0.001000 8117 9.977813e-13 9.160278e-10
486 0.886000 0.001000 8147 9.781204e-13 8.544411e-10
487 0.887000 0.001000 8210 9.982349e-13 8.175866e-10
488 0.888000 0.001000 8201 9.905551e-13 7.642749e-10
489 0.889000 0.001000 8122 9.782490e-13 6.963087e-10
490 0.890000 0.001000 7967 9.891189e-13 6.325993e-10
491 0.891000 0.001000 7845 9.881944e-13 5.859295e-10
492 0.892000 0.001000 7859 9.960357e-13 5.768479e-10
493 0.893000 0.001000 7989 9.672361e-13 5.957172e-10
494 0.894000 0.001000 8422 9.936301e-13 6.053865e-10
495 0.895000 0.001000 9268 9.873704e-13 6.144021e-10
496 0.896000 0.001000 9585 9.830600e-13 5.976295e-10
497 0.897000 0.001000 9914 9.960709e-13 5.827488e-10
498 0.898000 0.001000 10086 9.986081e-13 5.717078e-10
499 0.899000 0.001000 10240 9.927721e-13 5.680844e-10
500 0.900000 0.001000 10421 9.993701e-13 5.271024e-10
501 0.901000 0.001000 10615 9.996309e-13 5.268510e-10
502 0.902000 0.001000 10838 9.998549e-13 5.275142e-10
503 0.903000 0.001000 11021 9.984426e-13 5.463632e-10
504 0.904000 0.001000 11245 9.949776e-13 5.939875e-10
505 0.905000 0.001000 11540 9.993829e-13 6.653080e-10
506 0.906000 0.001000 11929 9.993768e-13 7.088021e-10
507 0.907000 0.001000 12516 9.986650e-13 7.185472e-10
508 0.908000 0.001000 12586 9.935410e-13 6.982084e-10
509 0.909000 0.001000 12382 9.937977e-13 6.836298e-10
510 0.910000 0.001000 11613 9.994286e-13 7.101961e-10
511 0.911000 0.001000 10910 9.978473e-13 6.622254e-10
512 0.912000 0.001000 10264 9.917431e-13 6.000867e-10
513 0.913000 0.001000 9606 9.977865e-13 5.554139e-10
514 0.914000 0.001000 8834 9.949607e-13 4.929798e-10
515 0.915000 0.001000 8036 9.963971e-13 4.425184e-10
516 0.916000 0.001000 7442 9.979553e-13 4.278797e-10
517 0.917000 0.001000 6877 9.957365e-13 3.926023e-10
518 0.918000 0.001000 6701 9.868435e-13 3.771945e-10
519 0.919000 0.001000 6575 9.993906e-13 3.727971e-10
520 0.920000 0.001000 6471 9.960989e-13 3.681760e-10
521 0.921000 0.001000 6515 9.986640e-13 3.891519e-10
522 0.922000 0.001000 6674 9.946242e-13 3.996892e-10
523 0.923000 0.001000 6752 9.933874e-13 3.880030e-10
524 0.924000 0.001000 6736 9.946867e-13 3.802731e-10
525 0.925000 0.001000 6420 9.890441e-13 3.649509e-10
526 0.926000 0.001000 6149 9.888002e-13 3.412213e-10
527 0.927000 0.001000 5851 9.972491e-13 3.232201e-10
528 0.928000 0.001000 5776 9.623176e-13 3.371367e-10
529 0.929000 0.001000 5805 9.966380e-13 3.684121e-10
530 0.930000 0.001000 5883 9.684444e-13 3.637603e-10
531 0.931000 0.001000 6016 9.827726e-13 3.461710e-10
532 0.932000 0.001000 6044 9.914596e-13 3.359614e-10
533 0.933000 0.001000 6092 9.821007e-13 3.207193e-10
534 0.934000 0.001000 6262 9.975102e-13 3.235335e-10
535 0.935000 0.001000 6322 9.701939e-13 3.341091e-10
536 0.936000 0.001000 6323 9.947423e-13 3.278241e-10
537 0.937000 0.001000 6311 9.872206e-13 3.289315e-10
538 0.938000 0.001000 6211 9.974123e-13 3.142647e-10
539 0.939000 0.001000 5957 9.896793e-13 3.095287e-10
540 0.940000 0.001000 5614 9.820045e-13 3.127306e-10
541 0.941000 0.001000 5229 9.931297e-13 2.911123e-10
542 0.942000 0.001000 4598 9.853505e-13 2.711604e-10
543 0.943000 0.001000 4518 9.982749e-13 2.761172e-10
544 0.944000 0.001000 4527 9.841992e-13 2.817170e-10
545 0.945000 0.001000 4585 9.920327e-13 2.902969e-10
546 0.946000 0.001000 4617 9.999348e-13 2.852098e-10
547 0.947000 0.001000 4590 9.915839e-13 3.044436e-10
548 0.948000 0.001000 4557 9.890254e-13 3.344722e-10
549 0.949000 0.001000 4416 9.971417e-13 3.430729e-10
550 0.950000 0.001000 4170 9.848077e-13 3.021265e-10
551 0.951000 0.001000 3963 9.844038e-13 2.683373e-10
552 0.952000 0.001000 3758 9.776276e-13 2.511011e-10
553 0.953000 0.001000 3750 9.912312e-13 2.541190e-10
554 0.954000 0.001000 3764 9.896737e-13 2.520712e-10
555 0.955000 0.001000 3831 9.999475e-13 2.538441e-10
556 0.956000 0.001000 4020 9.827887e-13 2.769017e-10
557 0.957000 0.001000 4155 9.998815e-13 3.029843e-10
558 0.958000 0.001000 4226 9.979823e-13 2.924149e-10
559 0.959000 0.001000 4182 9.982580e-13 2.648574e-10
560 0.960000 0.001000 4159 9.883161e-13 2.596231e-10
561 0.961000 0.001000 3993 9.885466e-13 2.478799e-10
562 0.962000 0.001000 3764 9.981062e-13 2.296061e-10
563 0.963000 0.001000 3729 9.985043e-13 2.237762e-10
564 0.964000 0.001000 3717 9.804830e-13 2.226571e-10
565 0.965000 0.001000 3717 9.696069e-13 2.266962e-10
566 0.966000 0.001000 3759 9.837501e-13 2.418736e-10
567 0.967000 0.001000 3954 9.945055e-13 2.553782e-10
568 0.968000 0.001000 4179 9.993127e-13 2.582552e-10
569 0.969000 0.001000 4239 9.974410e-13 2.667023e-10
570 0.970000 0.001000 4176 9.990557e-13 2.543378e-10
571 0.971000 0.001000 4171 9.643562e-13 2.525322e-10
572 0.972000 0.001000 4180 9.758550e-13 2.624474e-10
573 0.973000 0.001000 4142 9.683498e-13 2.658447e-10
574 0.974000 0.001000 4066 9.829312e-13 2.770344e-10
575 0.975000 0.001000 4027 9.967405e-13 2.454837e-10
576 0.976000 0.001000 4125 9.988941e-13 2.436393e-10
577 0.977000 0.001000 4438 9.910039e-13 2.567537e-10
578 0.978000 0.001000 4893 9.974706e-13 2.551775e-10
579 0.979000 0.001000 5281 9.986840e-13 2.622298e-10
580 0.980000 0.001000 5491 9.914302e-13 2.617474e-10
581 0.981000 0.001000 5863 9.947966e-13 2.712641e-10
582 0.982000 0.001000 6243 9.918568e-13 2.766707e-10
583 0.983000 0.001000 6741 9.964140e-13 2.737768e-10
584 0.984000 0.001000 7117 9.907149e-13 2.788767e-10
585 0.985000 0.001000 7619 9.949922e-13 2.908227e-10
586 0.986000 0.001000 8042 9.986696e-13 3.134283e-10
587 0.987000 0.001000 8663 9.994120e-13 3.321585e-10
588 0.988000 0.001000 9144 9.868235e-13 3.208956e-10
589 0.989000 0.001000 9373 9.912341e-13 3.214619e-10
590 0.990000 0.001000 9428 9.874269e-13 3.155621e-10
591 0.991000 0.001000 9503 9.951653e-13 3.040252e-10
592 0.992000 0.001000 9578 9.955448e-13 3.202261e-10
593 0.993000 0.001000 9596 9.825702e-13 3.199480e-10
594 0.994000 0.001000 9593 9.909271e-13 3.094406e-10
595 0.995000 0.001000 9601 9.918258e-13 3.160592e-10
596 0.996000 0.001000 9614 9.678722e-13 3.209380e-10
597 0.997000 0.001000 9604 9.931746e-13 3.278665e-10
598 0.998000 0.001000 9511 9.997149e-13 3.289325e-10
599 0.999000 0.001000 9398 9.830599e-13 3.256295e-10
600 1.000000 0.001000 9083 9.947142e-13 3.262569e-10
601 1.001000 0.001000 8632 9.987586e-13 3.142024e-10
602 1.002000 0.001000 7804 9.989840e-13 3.196751e-10
603 1.003000 0.001000 6784 9.961164e-13 3.017669e-10
604 1.004000 0.001000 6364 9.945438e-13 2.692942e-10
605 1.005000 0.001000 6165 9.946304e-13 2.669957e-10
606 1.006000 0.001000 6032 9.868857e-13 2.575485e-10
607 1.007000 0.001000 5940 9.998613e-13 2.579477e-10
608 1.008000 0.001000 5852 9.913410e-13 2.630225e-10
609 1.009000 0.001000 5732 9.922623e-13 2.571269e-10
610 1.010000 0.001000 5264 9.886248e-13 2.428460e-10
611 1.011000 0.001000 5006 9.851564e-13 2.424383e-10
612 1.012000 0.001000 4930 9.920767e-13 2.668415e-10
613 1.013000 0.001000 4956 9.890884e-13 3.035015e-10
614 1.014000 0.001000 4987 9.991538e-13 3.075503e-10
615 1.015000 0.001000 5030 9.827698e-13 3.025616e-10
616 1.016000 0.001000 5052 9.994578e-13 3.150054e-10
617 1.017000 0.001000 5031 9.821746e-13 3.218397e-10
618 1.018000 0.001000 5040 9.744428e-13 3.209585e-10
619 1.019000 0.001000 4980 9.842733e-13 2.893794e-10
620 1.020000 0.001000 4913 9.885931e-13 2.480482e-10
621 1.021000 0.001000 4877 9.615032e-13 2.302348e-10
622 1.022000 0.001000 4858 9.805810e-13 2.259943e-10
623 1.023000 0.001000 4837 9.970313e-13 2.233987e-10
624 1.024000 0.001000 4849 9.716432e-13 2.350231e-10
625 1.025000 0.001000 4910 9.819998e-13 2.388441e-10
626 1.026000 0.001000 5063 9.996750e-13 2.435603e-10
627 1.027000 0.001000 5153 9.867698e-13 2.336470e-10
628 1.028000 0.001000 5233 9.967668e-13 2.352251e-10
629 1.029000 0.001000 5287 9.965411e-13 2.442203e-10
630 1.030000 0.001000 5280 9.950026e-13 2.451048e-10
631 1.031000 0.001000 5255 9.977396e-13 2.509649e-10
632 1.032000 0.001000 5198 9.946824e-13 2.344700e-10
633 1.033000 0.001000 5246 9.790838e-13 2.235553e-10
634 1.034000 0.001000 5453 9.937549e-13 2.370540e-10
635 1.035000 0.001000 5888 9.972189e-13 2.741044e-10
636 1.036000 0.001000 6568 9.910325e-13 3.078375e-10
637 1.037000 0.001000 6829 9.756693e-13 3.239387e-10
638 1.038000 0.001000 6977 9.940816e-13 2.949685e-10
639 1.039000 0.001000 7070 9.984793e-13 2.655492e-10
640 1.040000 0.001000 7065 9.986931e-13 2.698337e-10
641 1.041000 0.001000 7016 9.918408e-13 2.788048e-10
642 1.042000 0.001000 6999 9.882113e-13 2.913227e-10
643 1.043000 0.001000 6994 9.967973e-13 3.124893e-10
644 1.044000 0.001000 7018 9.884219e-13 3.296626e-10
645 1.045000 0.001000 7061 9.760740e-13 3.158851e-10
646 1.046000 0.001000 7087 9.512378e-13 3.090983e-10
647 1.047000 0.001000 7081 9.847436e-13 3.179662e-10
648 1.048000 0.001000 7057 9.735595e-13 3.313757e-10
649 1.049000 0.001000 7027 9.807351e-13 3.449602e-10
650 1.050000 0.001000 6885 9.976413e-13 3.426703e-10
651 1.051000 0.001000 6550 9.947428e-13 3.119635e-10
652 1.052000 0.001000 5822 9.947553e-13 2.790401e-10
653 1.053000 0.001000 5612 9.925612e-13 2.602283e-10
654 1.054000 0.001000 5588 9.802486e-13 2.696664e-10
655 1.055000 0.001000 5666 9.991477e-13 2.991964e-10
656 1.056000 0.001000 5755 9.863262e-13 3.029383e-10
657 1.057000 0.001000 5802 9.912281e-13 3.076375e-10
658 1.058000 0.001000 5792 9.628142e-13 3.201345e-10
659 1.059000 0.001000 5726 9.731053e-13 3.019357e-10
660 1.060000 0.001000 5679 9.993820e-13 3.031038e-10
661 1.061000 0.001000 5663 9.973851e-13 2.939523e-10
662 1.062000 0.001000 5740 9.974252e-13 3.037141e-10
663 1.063000 0.001000 5815 9.968794e-13 3.281786e-10
664 1.064000 0.001000 5861 9.468689e-13 3.516174e-10
665 1.065000 0.001000 5848 9.906308e-13 3.448725e-10
666 1.066000 0.001000 5789 9.953058e-13 3.115256e-10
667 1.067000 0.001000 5613 9.974030e-13 3.158805e-10
668 1.068000 0.001000 5412 9.666825e-13 3.162592e-10
669 1.069000 0.001000 4995 9.925100e-13 3.137241e-10
670 1.070000 0.001000 4492 9.960190e-13 2.798445e-10
671 1.071000 0.001000 3942 9.980526e-13 2.452778e-10
672 1.072000 0.001000 3592 9.948536e-13 2.350337e-10
673 1.073000 0.001000 3466 9.990876e-13 2.455120e-10
674 1.074000 0.001000 3407 9.860863e-13 2.403271e-10
675 1.075000 0.001000 3385 9.937186e-13 2.305922e-10
676 1.076000 0.001000 3369 9.981686e-13 2.293994e-10
677 1.077000 0.001000 3368 9.996735e-13 2.399360e-10
678 1.078000 0.001000 3392 9.701021e-13 2.581287e-10
679 1.079000 0.001000 3462 9.880099e-13 2.584162e-10
680 1.080000 0.001000 3810 9.783849e-13 2.900439e-10
681 1.081000 0.001000 4017 9.842456e-13 3.128140e-10
682 1.082000 0.001000 4345 9.830102e-13 3.240415e-10
683 1.083000 0.001000 4556 9.947149e-13 3.035408e-10
684 1.084000 0.001000 4674 9.887718e-13 2.892369e-10
685 1.085000 0.001000 4804 9.738615e-13 3.110530e-10
686 1.086000 0.001000 4905 9.917598e-13 3.303061e-10
687 1.087000 0.001000 4931 9.947033e-13 3.162362e-10
688 1.088000 0.001000 4949 9.820172e-13 3.189471e-10
689 1.089000 0.001000 4996 9.793349e-13 3.604940e-10
690 1.090000 0.001000 5014 9.915789e-13 3.709695e-10
691 1.091000 0.001000 5021 9.915331e-13 3.218315e-10
692 1.092000 0.001000 5049 9.818331e-13 2.978103e-10
693 1.093000 0.001000 5116 9.870511e-13 3.066804e-10
694 1.094000 0.001000 5190 9.979790e-13 3.153451e-10
695 1.095000 0.001000 5324 9.924365e-13 3.149039e-10
696 1.096000 0.001000 5449 9.959112e-13 3.192707e-10
697 1.097000 0.001000 5572 9.753070e-13 3.210461e-10
698 1.098000 0.001000 5727 9.961598e-13 3.304454e-10
699 1.099000 0.001000 5837 9.893407e-13 3.487937e-10
700 1.100000 0.001000 5913 9.827889e-13 3.617877e-10
701 1.101000 0.001000 5953 9.885314e-13 3.499273e-10
702 1.102000 0.001000 5972 9.937422e-13 3.640832e-10
703 1.103000 0.001000 5959 9.980460e-13 3.745877e-10
704 1.104000 0.001000 5954 9.819168e-13 3.986197e-10
705 1.105000 0.001000 5960 9.895589e-13 4.278093e-10
706 1.106000 0.001000 5913 9.937916e-13 4.007352e-10
707 1.107000 0.001000 5799 9.821272e-13 3.984149e-10
708 1.108000 0.001000 5610 9.844259e-13 4.170469e-10
709 1.109000 0.001000 5270 9.897244e-13 3.923767e-10
710 1.110000 0.001000 5058 9.958054e-13 3.953565e-10
711 1.111000 0.001000 5004 9.812527e-13 4.070562e-10
712 1.112000 0.001000 5003 9.666564e-13 4.470774e-10
713 1.113000 0.001000 5016 9.930064e-13 4.725522e-10
714 1.114000 0.001000 5015 9.950822e-13 5.047320e-10
715 1.115000 0.001000 4961 9.889251e-13 4.533281e-10
716 1.116000 0.001000 4894 9.937338e-13 4.537001e-10
717 1.117000 0.001000 4785 9.570782e-13 4.371428e-10
718 1.118000 0.001000 4733 9.460494e-13 3.756822e-10
719 1.119000 0.001000 4707 9.473549e-13 3.537981e-10
720 1.120000 0.001000 4709 9.799972e-13 3.618982e-10
721 1.121000 0.001000 4728 9.529819e-13 4.025057e-10
722 1.122000 0.001000 4728 9.877697e-13 4.202795e-10
723 1.123000 0.001000 4727 9.221615e-13 4.276411e-10
724 1.124000 0.001000 4751 9.870334e-13 4.883408e-10
725 1.125000 0.001000 4766 9.557058e-13 4.835985e-10
726 1.126000 0.001000 4757 9.806375e-13 4.802983e-10
727 1.127000 0.001000 4739 9.679123e-13 4.887815e-10
728 1.128000 0.001000 4740 9.910026e-13 4.867852e-10
729 1.129000 0.001000 4741 9.948853e-13 5.237937e-10
730 1.130000 0.001000 4728 9.681177e-13 5.056876e-10
731 1.131000 0.001000 4732 9.741543e-13 4.857965e-10
732 1.132000 0.001000 4735 9.856723e-13 4.564706e-10
733 1.133000 0.001000 4759 9.379276e-13 4.675396e-10
734 1.134000 0.001000 4773 9.681777e-13 4.759743e-10
735 1.135000 0.001000 4789 9.887952e-13 4.879819e-10
736 1.136000 0.001000 4818 9.655493e-13 5.428632e-10
737 1.137000 0.001000 4854 9.898320e-13 5.707280e-10
738 1.138000 0.001000 4845 9.915693e-13 5.436386e-10
739 1.139000 0.001000 4822 9.977645e-13 4.888764e-10
740 1.140000 0.001000 4825 9.949344e-13 5.132771e-10
741 1.141000 0.001000 4894 9.940489e-13 5.095150e-10
742 1.142000 0.001000 5010 9.583663e-13 5.178447e-10
743 1.143000 0.001000 5153 9.761724e-13 5.300965e-10
744 1.144000 0.001000 5181 9.827389e-13 5.291848e-10
745 1.145000 0.001000 5207 9.528930e-13 5.588530e-10
746 1.146000 0.001000 5237 9.918246e-13 5.859576e-10
747 1.147000 0.001000 5269 9.974400e-13 6.115893e-10
748 1.148000 0.001000 5324 9.763505e-13 5.541976e-10
749 1.149000 0.001000 5378 9.872968e-13 5.609275e-10
750 1.150000 0.001000 5416 9.913685e-13 5.835734e-10
751 1.151000 0.001000 5455 9.906574e-13 6.363404e-10
752 1.152000 0.001000 5533 9.784901e-13 7.561722e-10
753 1.153000 0.001000 5596 9.963673e-13 7.636059e-10
754 1.154000 0.001000 5669 9.954344e-13 7.771177e-10
755 1.155000 0.001000 5722 9.964211e-13 7.831644e-10
756 1.156000 0.001000 5633 9.995809e-13 7.774330e-10
757 1.157000 0.001000 5506 9.712273e-13 7.334128e-10
758 1.158000 0.001000 5381 9.584614e-13 7.184708e-10
759 1.159000 0.001000 5211 9.892542e-13 6.827897e-10
760 1.160000 0.001000 5082 9.993355e-13 5.932547e-10
761 1.161000 0.001000 4931 9.883477e-13 5.941382e-10
762 1.162000 0.001000 4794 9.790363e-13 5.982188e-10
763 1.163000 0.001000 4614 9.893929e-13 6.236699e-10
764 1.164000 0.001000 4388 9.915880e-13 6.300382e-10
765 1.165000 0.001000 4112 9.980108e-13 5.387322e-10
766 1.166000 0.001000 3842 9.789890e-13 5.021086e-10
767 1.167000 0.001000 3724 9.739178e-13 4.966172e-10
768 1.168000 0.001000 3670 9.870822e-13 5.114361e-10
769 1.169000 0.001000 3670 9.927262e-13 5.959148e-10
770 1.170000 0.001000 3671 9.716476e-13 6.516961e-10
771 1.171000 0.001000 3654 9.944656e-13 6.452660e-10
772 1.172000 0.001000 3557 9.611554e-13 6.684516e-10
773 1.173000 0.001000 3516 9.419040e-13 6.442334e-10
774 1.174000 0.001000 3484 9.761427e-13 5.557520e-10
775 1.175000 0.001000 3483 9.846950e-13 5.345901e-10
776 1.176000 0.001000 3483 9.568091e-13 5.583416e-10
777 1.177000 0.001000 3483 9.948965e-13 5.831932e-10
778 1.178000 0.001000 3491 9.958563e-13 6.197581e-10
779 1.179000 0.001000 3493 9.103619e-13 6.967626e-10
780 1.180000 0.001000 3494 9.964436e-13 8.324864e-10
781 1.181000 0.001000 3499 9.560610e-13 8.286420e-10
782 1.182000 0.001000 3498 9.889159e-13 7.711788e-10
783 1.183000 0.001000 3503 9.906851e-13 7.554394e-10
784 1.184000 0.001000 3524 9.531131e-13 7.418354e-10
785 1.185000 0.001000 3544 9.673716e-13 7.466885e-10
786 1.186000 0.001000 3558 9.883670e-13 7.463913e-10
787 1.187000 0.001000 3567 9.909500e-13 7.273046e-10
788 1.188000 0.001000 3611 9.428343e-13 7.736420e-10
789 1.189000 0.001000 3632 9.955235e-13 7.701662e-10
790 1.190000 0.001000 3616 9.978577e-13 7.338800e-10
791 1.191000 0.001000 3621 9.627506e-13 7.853287e-10
792 1.192000 0.001000 3673 9.763741e-13 8.581583e-10
793 1.193000 0.001000 3726 9.777784e-13 8.914310e-10
794 1.194000 0.001000 3798 9.884292e-13 9.951107e-10
795 1.195000 0.001000 3861 9.893967e-13 1.048974e-09
796 1.196000 0.001000 3907 9.698931e-13 1.024204e-09
797 1.197000 0.001000 3925 9.945259e-13 1.013794e-09
798 1.198000 0.001000 3963 9.915239e-13 9.438695e-10
799 1.199000 0.001000 4040 9.931918e-13 9.842001e-10
800 1.200000 0.001000 4095 9.857902e-13 9.907468e-10
801 1.201000 0.001000 4160 9.837594e-13 9.607430e-10
802 1.202000 0.001000 4244 9.754154e-13 1.026107e-09
803 1.203000 0.001000 4304 9.740068e-13 1.165873e-09
804 1.204000 0.001000 4358 9.974411e-13 1.253386e-09
805 1.205000 0.001000 4374 9.824114e-13 1.289672e-09
806 1.206000 0.001000 4402 9.924808e-13 1.351248e-09
807 1.207000 0.001000 4399 9.988559e-13 1.437018e-09
808 1.208000 0.001000 4323 9.928348e-13 1.498707e-09
809 1.209000 0.001000 4188 9.835830e-13 1.386885e-09
810 1.210000 0.001000 4047 9.940699e-13 1.281547e-09
811 1.211000 0.001000 3714 9.911968e-13 1.220847e-09
812 1.212000 0.001000 3510 9.939014e-13 1.218398e-09
813 1.213000 0.001000 3354 9.918813e-13 1.242855e-09
814 1.214000 0.001000 3146 9.820788e-13 1.279425e-09
815 1.215000 0.001000 2975 9.725688e-13 1.157378e-09
816 1.216000 0.001000 2873 9.942197e-13 1.158856e-09
817 1.217000 0.001000 2838 9.608995e-13 1.294109e-09
818 1.218000 0.001000 2785 9.845026e-13 1.378297e-09
819 1.219000 0.001000 2763 9.417832e-13 1.531608e-09
820 1.220000 0.001000 2758 9.693365e-13 1.897625e-09
821 1.221000 0.001000 2757 9.544278e-13 2.028271e-09
822 1.222000 0.001000 2760 9.762100e-13 1.787215e-09
823 1.223000 0.001000 2762 8.962296e-13 1.671738e-09
824 1.224000 0.001000 2758 9.374710e-13 1.558928e-09
825 1.225000 0.001000 2757 9.550762e-13 1.556940e-09
826 1.226000 0.001000 2769 9.998226e-13 1.831870e-09
827 1.227000 0.001000 2774 9.963035e-13 2.094664e-09
828 1.228000 0.001000 2796 9.894872e-13 2.181079e-09
829 1.229000 0.001000 2815 9.922928e-13 2.120476e-09
830 1.230000 0.001000 2826 9.406163e-13 1.995702e-09
831 1.231000 0.001000 2838 9.904430e-13 2.023830e-09
832 1.232000 0.001000 2853 9.497664e-13 2.223354e-09
833 1.233000 0.001000 2881 9.779992e-13 2.233929e-09
834 1.234000 0.001000 2908 9.622608e-13 2.174752e-09
835 1.235000 0.001000 2927 9.634400e-13 2.334512e-09
836 1.236000 0.001000 2955 9.753183e-13 2.545780e-09
837 1.237000 0.001000 2981 9.024399e-13 2.733527e-09
838 1.238000 0.001000 3013 9.856560e-13 2.941179e-09
839 1.239000 0.001000 3038 9.474694e-13 3.431830e-09
840 1.240000 0.001000 3044 9.753186e-13 3.455614e-09
841 1.241000 0.001000 3055 9.349546e-13 3.382171e-09
842 1.242000 0.001000 3056 9.761294e-13 3.479522e-09
843 1.243000 0.001000 3029 9.754943e-13 3.621979e-09
844 1.244000 0.001000 2956 9.799338e-13 3.792871e-09
845 1.245000 0.001000 2840 9.695325e-13 4.036349e-09
846 1.246000 0.001000 2693 9.975564e-13 4.717294e-09
847 1.247000 0.001000 2601 9.984627e-13 5.251653e-09
848 1.248000 0.001000 2448 9.845211e-13 5.921079e-09
849 1.249000 0.001000 2299 9.940261e-13 6.356123e-09
850 1.250000 0.001000 2184 9.664398e-13 6.718885e-09
851 1.251000 0.001000 2165 9.985125e-13 7.261068e-09
852 1.252000 0.001000 2149 9.710920e-13 7.473601e-09
853 1.253000 0.001000 2148 9.820403e-13 8.406294e-09
854 1.254000 0.001000 2126 9.963663e-13 9.214507e-09
855 1.255000 0.001000 2067 9.263864e-13 9.407918e-09
856 1.256000 0.001000 2006 9.991887e-13 1.009329e-08
857 1.257000 0.001000 1958 9.643252e-13 1.069387e-08
858 1.258000 0.001000 1926 9.837964e-13 1.320268e-08
859 1.259000 0.001000 1865 9.752225e-13 1.867799e-08
860 1.260000 0.001000 1771 9.081127e-13 2.550799e-08
861 1.261000 0.001000 1592 9.780760e-13 2.678280e-08
862 1.262000 0.001000 1379 9.955932e-13 2.769784e-08
863 1.263000 0.001000 1132 9.740253e-13 2.896128e-08
864 1.264000 0.001000 967 9.680110e-13 3.167931e-08
865 1.265000 0.001000 819 9.459543e-13 2.799914e-08
866 1.266000 0.001000 681 9.662911e-13 2.729147e-08
867 1.267000 0.001000 573 9.650446e-13 2.711832e-08
868 1.268000 0.001000 435 9.759232e-13 1.724416e-08
869 1.269000 0.001000 373 9.838937e-13 1.013403e-08
870 1.270000 0.001000 331 9.280437e-13 6.858425e-09
871 1.271000 0.001000 299 9.040278e-13 5.140744e-09
872 1.272000 0.001000 275 9.499598e-13 4.107951e-09
873 1.273000 0.001000 255 9.708783e-13 3.424435e-09
874 1.274000 0.001000 238 9.483188e-13 2.940010e-09
875 1.275000 0.001000 222 9.327604e-13 2.579072e-09
876 1.276000 0.001000 208 9.933709e-13 2.299630e-09
877 1.277000 0.001000 199 9.066529e-13 2.076774e-09
878 1.278000 0.001000 190 9.789930e-13 1.894790e-09
879 1.279000 0.001000 183 9.245454e-13 1.743276e-09
880 1.280000 0.001000 176 9.789938e-13 1.615033e-09
881 1.281000 0.001000 170 9.602498e-13 1.504951e-09
882 1.282000 0.001000 165 8.627143e-13 1.409423e-09
883 1.283000 0.001000 159 9.857596e-13 1.325696e-09
884 1.284000 0.001000 154 9.746236e-13 1.251597e-09
885 1.285000 0.001000 150 8.940942e-13 1.185543e-09
886 1.286000 0.001000 146 8.415664e-13 1.126294e-09
887 1.287000 0.001000 142 8.746633e-13 1.072839e-09
888 1.288000 0.001000 138 9.798483e-13 1.024414e-09
889 1.289000 0.001000 135 9.225210e-13 9.802209e-10
890 1.290000 0.001000 132 9.329465e-13 9.398052e-10
891 1.291000 0.001000 129 9.888624e-13 9.025933e-10
892 1.292000 0.001000 127 8.740490e-13 8.683063e-10
893 1.293000 0.001000 124 9.617079e-13 8.366036e-10
894 1.294000 0.001000 122 8.956522e-13 8.071128e-10
895 1.295000 0.001000 120 8.529282e-13 7.796495e-10
896 1.296000 0.001000 118 8.293639e-13 7.540067e-10
897 1.297000 0.001000 116 8.161487e-13 7.300292e-10
898 1.298000 0.001000 114 8.346711e-13 7.075432e-10
899 1.299000 0.001000 112 8.589026e-13 6.863964e-10
900 1.300000 0.001000 110 9.095261e-13 6.665089e-10
901 1.301000 0.001000 108 9.809416e-13 6.477327e-10
902 1.302000 0.001000 107 8.580728e-13 6.299900e-10
903 1.303000 0.001000 105 9.861220e-13 6.131973e-10
904 1.304000 0.001000 104 8.818429e-13 5.973162e-10
905 1.305000 0.001000 103 7.957987e-13 5.822306e-10
906 1.306000 0.001000 101 9.298470e-13 5.678909e-10
907 1.307000 0.001000 100 8.734670e-13 5.542334e-10
908 1.308000 0.001000 99 8.265357e-13 5.412342e-10
909 1.309000 0.001000 98 7.788038e-13 5.288136e-10
910 1.310000 0.001000 97 7.502587e-13 5.169839e-10
911 1.311000 0.001000 95 9.931058e-13 5.056234e-10
912 1.312000 0.001000 94 9.667675e-13 4.947785e-10
913 1.313000 0.001000 93 9.505316e-13 4.844214e-10
914 1.314000 0.001000 92 9.463943e-13 4.744490e-10
915 1.315000 0.001000 91 9.494113e-13 4.648865e-10
916 1.316000 0.001000 90 9.553463e-13 4.556931e-10
917 1.317000 0.001000 89 9.819220e-13 4.468525e-10
918 1.318000 0.001000 89 7.547375e-13 4.383534e-10
919 1.319000 0.001000 88 7.892264e-13 4.301781e-10
920 1.320000 0.001000 87 8.164412e-13 4.222980e-10
921 1.321000 0.001000 86 8.701252e-13 4.147205e-10
922 1.322000 0.001000 85 9.485365e-13 4.073853e-10
923 1.323000 0.001000 85 7.465876e-13 4.003062e-10
924 1.324000 0.001000 84 8.154423e-13 3.934792e-10
925 1.325000 0.001000 83 8.901424e-13 3.868568e-10
926 1.326000 0.001000 82 9.678755e-13 3.804652e-10
927 1.327000 0.001000 82 7.746878e-13 3.742864e-10
928 1.328000 0.001000 81 8.636264e-13 3.683187e-10
929 1.329000 0.001000 80 9.764878e-13 3.625264e-10
930 1.330000 0.001000 80 7.902368e-13 3.569093e-10
931 1.331000 0.001000 79 8.826600e-13 3.514568e-10
932 1.332000 0.001000 79 7.185579e-13 3.461768e-10
933 1.333000 0.001000 78 8.348255e-13 3.410475e-10
934 1.334000 0.001000 77 9.731027e-13 3.360782e-10
935 1.335000 0.001000 77 8.001883e-13 3.312471e-10
936 1.336000 0.001000 76 9.260685e-13 3.265680e-10
937 1.337000 0.001000 76 7.657650e-13 3.220028e-10
938 1.338000 0.001000 75 8.868159e-13 3.175907e-10
939 1.339000 0.001000 75 7.371680e-13 3.132685e-10
940 1.340000 0.001000 74 8.806701e-13 3.091073e-10
941 1.341000 0.001000 74 7.358480e-13 3.050075e-10
942 1.342000 0.001000 73 8.835560e-13 3.010178e-10
943 1.343000 0.001000 73 7.419928e-13 2.971313e-10
944 1.344000 0.001000 72 8.817178e-13 2.933437e-10
945 1.345000 0.001000 72 7.439635e-13 2.896543e-10
946 1.346000 0.001000 71 9.025513e-13 2.860284e-10
947 1.347000 0.001000 71 7.650006e-13 2.825252e-10
948 1.348000 0.001000 70 9.620979e-13 2.791114e-10
949 1.349000 0.001000 70 8.192361e-13 2.757748e-10
950 1.350000 0.001000 70 6.983064e-13 2.725177e-10
951 1.351000 0.001000 69 8.579318e-13 2.693554e-10
952 1.352000 0.001000 69 7.344374e-13 2.662462e-10
953 1.353000 0.001000 68 9.062166e-13 2.632404e-10
954 1.354000 0.001000 68 7.789138e-13 2.602679e-10
955 1.355000 0.001000 68 6.701082e-13 2.573633e-10
956 1.356000 0.001000 67 8.672025e-13 2.545204e-10
957 1.357000 0.001000 67 7.490344e-13 2.517447e-10
958 1.358000 0.001000 66 9.751124e-13 2.490343e-10
959 1.359000 0.001000 66 8.455812e-13 2.463777e-10
960 1.360000 0.001000 66 7.338557e-13 2.437785e-10
961 1.361000 0.001000 65 9.467222e-13 2.412652e-10
962 1.362000 0.001000 65 8.246726e-13 2.387707e-10
963 1.363000 0.001000 65 7.189080e-13 2.363289e-10
964 1.364000 0.001000 64 9.501542e-13 2.339369e-10
965 1.365000 0.001000 64 8.313122e-13 2.315949e-10
966 1.366000 0.001000 64 7.278578e-13 2.293007e-10
967 1.367000 0.001000 63 9.634571e-13 2.270478e-10
968 1.368000 0.001000 63 8.465278e-13 2.248450e-10
969 1.369000 0.001000 63 7.442925e-13 2.226857e-10
970 1.370000 0.001000 62 9.912848e-13 2.205888e-10
971 1.371000 0.001000 62 8.745641e-13 2.185102e-10
972 1.372000 0.001000 62 7.720780e-13 2.164717e-10
973 1.373000 0.001000 62 6.820295e-13 2.144722e-10
974 1.374000 0.001000 61 9.123479e-13 2.125347e-10
975 1.375000 0.001000 61 8.085291e-13 2.106068e-10
976 1.376000 0.001000 61 7.169485e-13 2.087151e-10
977 1.377000 0.001000 60 9.746238e-13 2.068104e-10
978 1.378000 0.001000 60 8.669148e-13 2.049928e-10
979 1.379000 0.001000 60 7.715408e-13 2.032078e-10
980 1.380000 0.001000 60 6.870387e-13 2.014546e-10
981 1.381000 0.001000 59 9.542275e-13 1.997106e-10
982 1.382000 0.001000 59 8.522129e-13 1.980204e-10
983 1.383000 0.001000 59 7.615023e-13 1.963595e-10
984 1.384000 0.001000 59 6.807979e-13 1.947271e-10
985 1.385000 0.001000 58 9.734408e-13 1.931173e-10
986 1.386000 0.001000 58 8.728303e-13 1.915399e-10
987 1.387000 0.001000 58 7.830004e-13 1.899891e-10
988 1.388000 0.001000 58 7.027541e-13 1.884641e-10
989 1.389000 0.001000 57 9.992849e-13 1.869940e-10
990 1.390000 0.001000 57 8.993470e-13 1.855155e-10
991 1.391000 0.001000 57 8.097736e-13 1.840615e-10
992 1.392000 0.001000 57 7.294507e-13 1.826314e-10
993 1.393000 0.001000 57 6.573883e-13 1.812246e-10
994 1.394000 0.001000 56 9.542415e-13 1.798259e-10
995 1.395000 0.001000 56 8.622436e-13 1.784649e-10
996 1.396000 0.001000 56 7.794448e-13 1.771255e-10
997 1.397000 0.001000 56 7.048915e-13 1.758072e-10
998 1.398000 0.001000 56 6.377327e-13 1.745095e-10
999 1.399000 0.001000 55 9.487679e-13 1.732108e-10
1000 1.400000 0.001000 55 8.606191e-13 1.719545e-10
