# Generalizd shifted MINRES method
# A = /home/u11674/DATA/VCNT10800h_A.csr
# B = /home/u11674/DATA/VCNT10800h_B.csr
# inner=1.000000e-12, outer=1.000000e-12
# status=-2539, time=317
# converged 1001 / 1001
0 0.400000 0.010000 2539 9.959068e-13 1.629670e-12
1 0.401000 0.010000 2537 9.988436e-13 1.636675e-12
2 0.402000 0.010000 2536 9.961079e-13 1.646828e-12
3 0.403000 0.010000 2535 9.911794e-13 1.636246e-12
4 0.404000 0.010000 2534 9.908629e-13 1.637000e-12
5 0.405000 0.010000 2532 9.994384e-13 1.658156e-12
6 0.406000 0.010000 2532 9.919254e-13 1.648757e-12
7 0.407000 0.010000 2531 9.970157e-13 1.654527e-12
8 0.408000 0.010000 2531 9.931543e-13 1.666774e-12
9 0.409000 0.010000 2530 9.994339e-13 1.669098e-12
10 0.410000 0.010000 2530 9.984997e-13 1.673389e-12
11 0.411000 0.010000 2530 9.983586e-13 1.689404e-12
12 0.412000 0.010000 2530 9.983969e-13 1.681863e-12
13 0.413000 0.010000 2530 9.979730e-13 1.688666e-12
14 0.414000 0.010000 2530 9.964956e-13 1.697728e-12
15 0.415000 0.010000 2530 9.934849e-13 1.690373e-12
16 0.416000 0.010000 2529 9.980481e-13 1.698018e-12
17 0.417000 0.010000 2529 9.910910e-13 1.694297e-12
18 0.418000 0.010000 2528 9.937164e-13 1.704099e-12
19 0.419000 0.010000 2527 9.892506e-13 1.692320e-12
20 0.420000 0.010000 2525 9.964906e-13 1.702060e-12
21 0.421000 0.010000 2523 9.996483e-13 1.716465e-12
22 0.422000 0.010000 2522 9.901891e-13 1.687853e-12
23 0.423000 0.010000 2520 9.917224e-13 1.699857e-12
24 0.424000 0.010000 2518 9.906225e-13 1.703302e-12
25 0.425000 0.010000 2515 9.976293e-13 1.693199e-12
26 0.426000 0.010000 2513 9.938659e-13 1.705966e-12
27 0.427000 0.010000 2511 9.917150e-13 1.694560e-12
28 0.428000 0.010000 2508 9.989214e-13 1.698484e-12
29 0.429000 0.010000 2506 9.969509e-13 1.708782e-12
30 0.430000 0.010000 2504 9.961048e-13 1.695668e-12
31 0.431000 0.010000 2502 9.959075e-13 1.696230e-12
32 0.432000 0.010000 2500 9.955195e-13 1.706741e-12
33 0.433000 0.010000 2498 9.948352e-13 1.691637e-12
34 0.434000 0.010000 2496 9.945768e-13 1.707268e-12
35 0.435000 0.010000 2494 9.948412e-13 1.701163e-12
36 0.436000 0.010000 2492 9.969617e-13 1.704896e-12
37 0.437000 0.010000 2490 9.980054e-13 1.720220e-12
38 0.438000 0.010000 2488 9.955116e-13 1.699952e-12
39 0.439000 0.010000 2486 9.911866e-13 1.700673e-12
40 0.440000 0.010000 2483 9.980655e-13 1.721533e-12
41 0.441000 0.010000 2481 9.915851e-13 1.697491e-12
42 0.442000 0.010000 2478 9.935388e-13 1.716195e-12
43 0.443000 0.010000 2475 9.956664e-13 1.707206e-12
44 0.444000 0.010000 2472 9.991072e-13 1.710529e-12
45 0.445000 0.010000 2469 9.994349e-13 1.726117e-12
46 0.446000 0.010000 2466 9.966416e-13 1.708032e-12
47 0.447000 0.010000 2463 9.930932e-13 1.709145e-12
48 0.448000 0.010000 2460 9.917605e-13 1.705807e-12
49 0.449000 0.010000 2456 9.972175e-13 1.709944e-12
50 0.450000 0.010000 2453 9.962315e-13 1.714688e-12
51 0.451000 0.010000 2450 9.952774e-13 1.716257e-12
52 0.452000 0.010000 2447 9.944467e-13 1.715907e-12
53 0.453000 0.010000 2444 9.956491e-13 1.714745e-12
54 0.454000 0.010000 2442 9.902328e-13 1.710937e-12
55 0.455000 0.010000 2439 9.961189e-13 1.717162e-12
56 0.456000 0.010000 2437 9.906143e-13 1.708616e-12
57 0.457000 0.010000 2435 9.885447e-13 1.715789e-12
58 0.458000 0.010000 2432 9.990118e-13 1.719464e-12
59 0.459000 0.010000 2430 9.987372e-13 1.734066e-12
60 0.460000 0.010000 2429 9.936348e-13 1.724945e-12
61 0.461000 0.010000 2427 9.915679e-13 1.714503e-12
62 0.462000 0.010000 2425 9.896770e-13 1.733968e-12
63 0.463000 0.010000 2422 9.999710e-13 1.744955e-12
64 0.464000 0.010000 2420 9.964281e-13 1.731404e-12
65 0.465000 0.010000 2418 9.934600e-13 1.742664e-12
66 0.466000 0.010000 2415 9.966790e-13 1.745131e-12
67 0.467000 0.010000 2412 9.986653e-13 1.735766e-12
68 0.468000 0.010000 2410 9.924854e-13 1.749372e-12
69 0.469000 0.010000 2407 9.936250e-13 1.744234e-12
70 0.470000 0.010000 2404 9.939303e-13 1.741986e-12
71 0.471000 0.010000 2401 9.935229e-13 1.757857e-12
72 0.472000 0.010000 2398 9.932746e-13 1.749687e-12
73 0.473000 0.010000 2394 9.974269e-13 1.752151e-12
74 0.474000 0.010000 2391 9.938996e-13 1.760875e-12
75 0.475000 0.010000 2387 9.934400e-13 1.756849e-12
76 0.476000 0.010000 2383 9.973618e-13 1.752693e-12
77 0.477000 0.010000 2379 9.925353e-13 1.763592e-12
78 0.478000 0.010000 2374 9.976041e-13 1.773477e-12
79 0.479000 0.010000 2370 9.960151e-13 1.753473e-12
80 0.480000 0.010000 2365 9.997403e-13 1.778141e-12
81 0.481000 0.010000 2360 9.991668e-13 1.769299e-12
82 0.482000 0.010000 2355 9.938773e-13 1.747339e-12
83 0.483000 0.010000 2348 9.999816e-13 1.788410e-12
84 0.484000 0.010000 2342 9.976841e-13 1.761713e-12
85 0.485000 0.010000 2335 9.958020e-13 1.763280e-12
86 0.486000 0.010000 2328 9.870489e-13 1.777151e-12
87 0.487000 0.010000 2320 9.875193e-13 1.751569e-12
88 0.488000 0.010000 2312 9.884584e-13 1.774103e-12
89 0.489000 0.010000 2304 9.974832e-13 1.778971e-12
90 0.490000 0.010000 2299 9.754146e-13 1.745954e-12
91 0.491000 0.010000 2292 9.922817e-13 1.793736e-12
92 0.492000 0.010000 2286 9.900396e-13 1.768096e-12
93 0.493000 0.010000 2278 9.992299e-13 1.785869e-12
94 0.494000 0.010000 2270 9.897638e-13 1.785214e-12
95 0.495000 0.010000 2260 9.912538e-13 1.784207e-12
96 0.496000 0.010000 2252 9.791120e-13 1.763699e-12
97 0.497000 0.010000 2242 9.949809e-13 1.805994e-12
98 0.498000 0.010000 2234 9.738694e-13 1.777066e-12
99 0.499000 0.010000 2223 9.954386e-13 1.789237e-12
100 0.500000 0.010000 2213 9.882363e-13 1.802856e-12
101 0.501000 0.010000 2203 9.777227e-13 1.794807e-12
102 0.502000 0.010000 2190 9.922202e-13 1.817144e-12
103 0.503000 0.010000 2177 9.931009e-13 1.815353e-12
104 0.504000 0.010000 2164 9.867692e-13 1.789030e-12
105 0.505000 0.010000 2151 9.884296e-13 1.801393e-12
106 0.506000 0.010000 2138 9.976552e-13 1.810953e-12
107 0.507000 0.010000 2125 9.928222e-13 1.806361e-12
108 0.508000 0.010000 2112 9.915317e-13 1.810009e-12
109 0.509000 0.010000 2100 9.801887e-13 1.770682e-12
110 0.510000 0.010000 2087 9.881832e-13 1.775395e-12
111 0.511000 0.010000 2074 9.940885e-13 1.802004e-12
112 0.512000 0.010000 2061 9.971143e-13 1.794171e-12
113 0.513000 0.010000 2049 9.846150e-13 1.784869e-12
114 0.514000 0.010000 2037 9.942370e-13 1.806010e-12
115 0.515000 0.010000 2025 9.606370e-13 1.755849e-12
116 0.516000 0.010000 2013 9.979694e-13 1.796911e-12
117 0.517000 0.010000 2001 9.942942e-13 1.781888e-12
118 0.518000 0.010000 1991 9.725447e-13 1.763804e-12
119 0.519000 0.010000 1980 9.993267e-13 1.785457e-12
120 0.520000 0.010000 1970 9.812750e-13 1.778761e-12
121 0.521000 0.010000 1960 9.850328e-13 1.783519e-12
122 0.522000 0.010000 1949 9.891842e-13 1.771675e-12
123 0.523000 0.010000 1939 9.984691e-13 1.799486e-12
124 0.524000 0.010000 1931 9.773649e-13 1.783173e-12
125 0.525000 0.010000 1923 9.842244e-13 1.781478e-12
126 0.526000 0.010000 1917 9.787190e-13 1.760410e-12
127 0.527000 0.010000 1910 9.890391e-13 1.800757e-12
128 0.528000 0.010000 1905 9.667655e-13 1.787986e-12
129 0.529000 0.010000 1899 9.845523e-13 1.781282e-12
130 0.530000 0.010000 1894 9.779176e-13 1.782304e-12
131 0.531000 0.010000 1889 9.938607e-13 1.814554e-12
132 0.532000 0.010000 1886 9.484063e-13 1.757776e-12
133 0.533000 0.010000 1881 9.711243e-13 1.793335e-12
134 0.534000 0.010000 1878 9.439136e-13 1.749109e-12
135 0.535000 0.010000 1873 9.812965e-13 1.794272e-12
136 0.536000 0.010000 1870 9.724117e-13 1.767593e-12
137 0.537000 0.010000 1867 9.811301e-13 1.796391e-12
138 0.538000 0.010000 1863 9.901078e-13 1.830589e-12
139 0.539000 0.010000 1860 9.918485e-13 1.817920e-12
140 0.540000 0.010000 1858 9.777905e-13 1.822026e-12
141 0.541000 0.010000 1855 9.859717e-13 1.819287e-12
142 0.542000 0.010000 1853 9.994028e-13 1.857952e-12
143 0.543000 0.010000 1852 9.540249e-13 1.782295e-12
144 0.544000 0.010000 1850 9.603795e-13 1.804097e-12
145 0.545000 0.010000 1849 9.550370e-13 1.785272e-12
146 0.546000 0.010000 1847 9.627389e-13 1.813995e-12
147 0.547000 0.010000 1846 9.893383e-13 1.814634e-12
148 0.548000 0.010000 1845 9.745244e-13 1.826074e-12
149 0.549000 0.010000 1844 9.817202e-13 1.825591e-12
150 0.550000 0.010000 1844 9.660901e-13 1.811640e-12
151 0.551000 0.010000 1844 9.571117e-13 1.787296e-12
152 0.552000 0.010000 1844 9.539011e-13 1.787160e-12
153 0.553000 0.010000 1844 9.556479e-13 1.809835e-12
154 0.554000 0.010000 1844 9.618743e-13 1.819281e-12
155 0.555000 0.010000 1844 9.726389e-13 1.817099e-12
156 0.556000 0.010000 1844 9.885739e-13 1.839027e-12
157 0.557000 0.010000 1845 9.719634e-13 1.872838e-12
158 0.558000 0.010000 1845 9.995094e-13 1.900411e-12
159 0.559000 0.010000 1847 9.600171e-13 1.827463e-12
160 0.560000 0.010000 1848 9.891398e-13 1.885303e-12
161 0.561000 0.010000 1850 9.438510e-13 1.847467e-12
162 0.562000 0.010000 1850 9.965206e-13 1.903529e-12
163 0.563000 0.010000 1852 9.990270e-13 1.893047e-12
164 0.564000 0.010000 1855 9.380907e-13 1.829950e-12
165 0.565000 0.010000 1856 9.975777e-13 1.912084e-12
166 0.566000 0.010000 1858 9.732651e-13 1.895476e-12
167 0.567000 0.010000 1860 9.876385e-13 1.890360e-12
168 0.568000 0.010000 1863 9.580577e-13 1.871349e-12
169 0.569000 0.010000 1866 9.515444e-13 1.887275e-12
170 0.570000 0.010000 1868 9.804491e-13 1.894257e-12
171 0.571000 0.010000 1871 9.813748e-13 1.903600e-12
172 0.572000 0.010000 1874 9.985329e-13 1.938324e-12
173 0.573000 0.010000 1878 9.973144e-13 1.923728e-12
174 0.574000 0.010000 1882 9.835268e-13 1.939230e-12
175 0.575000 0.010000 1886 9.834038e-13 1.917959e-12
176 0.576000 0.010000 1890 9.845380e-13 1.944742e-12
177 0.577000 0.010000 1894 9.806469e-13 1.932362e-12
178 0.578000 0.010000 1899 9.757629e-13 1.926899e-12
179 0.579000 0.010000 1903 9.821953e-13 1.952718e-12
180 0.580000 0.010000 1908 9.747199e-13 1.958215e-12
181 0.581000 0.010000 1913 9.800864e-13 1.967736e-12
182 0.582000 0.010000 1919 9.853257e-13 1.969200e-12
183 0.583000 0.010000 1925 9.903799e-13 1.960353e-12
184 0.584000 0.010000 1931 9.771643e-13 1.960352e-12
185 0.585000 0.010000 1938 9.986052e-13 2.018617e-12
186 0.586000 0.010000 1946 9.974222e-13 1.997830e-12
187 0.587000 0.010000 1955 9.594160e-13 1.953990e-12
188 0.588000 0.010000 1963 9.822324e-13 2.012468e-12
189 0.589000 0.010000 1973 9.674168e-13 1.983905e-12
190 0.590000 0.010000 1981 9.967142e-13 2.020428e-12
191 0.591000 0.010000 1992 9.711655e-13 2.025048e-12
192 0.592000 0.010000 2002 9.723156e-13 2.045963e-12
193 0.593000 0.010000 2012 9.935905e-13 2.055398e-12
194 0.594000 0.010000 2023 9.597253e-13 2.028259e-12
195 0.595000 0.010000 2033 9.792987e-13 2.050618e-12
196 0.596000 0.010000 2044 9.707265e-13 2.092572e-12
197 0.597000 0.010000 2055 9.806383e-13 2.091129e-12
198 0.598000 0.010000 2065 9.925425e-13 2.083558e-12
199 0.599000 0.010000 2077 9.971619e-13 2.133926e-12
200 0.600000 0.010000 2088 9.933847e-13 2.128471e-12
201 0.601000 0.010000 2099 9.933186e-13 2.113797e-12
202 0.602000 0.010000 2110 9.953235e-13 2.178431e-12
203 0.603000 0.010000 2120 9.991125e-13 2.178850e-12
204 0.604000 0.010000 2131 9.840422e-13 2.162358e-12
205 0.605000 0.010000 2141 9.848969e-13 2.194587e-12
206 0.606000 0.010000 2152 9.860478e-13 2.206710e-12
207 0.607000 0.010000 2162 9.982243e-13 2.203321e-12
208 0.608000 0.010000 2173 9.938841e-13 2.240960e-12
209 0.609000 0.010000 2183 9.848928e-13 2.238833e-12
210 0.610000 0.010000 2191 9.989084e-13 2.263129e-12
211 0.611000 0.010000 2201 9.808049e-13 2.276656e-12
212 0.612000 0.010000 2209 9.856982e-13 2.269869e-12
213 0.613000 0.010000 2217 9.846920e-13 2.302532e-12
214 0.614000 0.010000 2224 9.991929e-13 2.325544e-12
215 0.615000 0.010000 2232 9.877190e-13 2.330371e-12
216 0.616000 0.010000 2238 9.922186e-13 2.370086e-12
217 0.617000 0.010000 2245 9.844833e-13 2.363410e-12
218 0.618000 0.010000 2250 9.998310e-13 2.395114e-12
219 0.619000 0.010000 2256 9.905904e-13 2.405908e-12
220 0.620000 0.010000 2261 9.960006e-13 2.421298e-12
221 0.621000 0.010000 2266 9.995385e-13 2.460400e-12
222 0.622000 0.010000 2271 9.978597e-13 2.459072e-12
223 0.623000 0.010000 2275 9.984364e-13 2.480540e-12
224 0.624000 0.010000 2279 9.928181e-13 2.506529e-12
225 0.625000 0.010000 2282 9.932380e-13 2.494364e-12
226 0.626000 0.010000 2285 9.946648e-13 2.534324e-12
227 0.627000 0.010000 2288 9.947164e-13 2.571733e-12
228 0.628000 0.010000 2291 9.973036e-13 2.553840e-12
229 0.629000 0.010000 2294 9.966069e-13 2.601407e-12
230 0.630000 0.010000 2297 9.944492e-13 2.618061e-12
231 0.631000 0.010000 2300 9.941266e-13 2.626956e-12
232 0.632000 0.010000 2303 9.945033e-13 2.682698e-12
233 0.633000 0.010000 2307 9.956075e-13 2.699305e-12
234 0.634000 0.010000 2311 9.876527e-13 2.706922e-12
235 0.635000 0.010000 2314 9.998682e-13 2.786573e-12
236 0.636000 0.010000 2319 9.936850e-13 2.801400e-12
237 0.637000 0.010000 2324 9.886931e-13 2.824869e-12
238 0.638000 0.010000 2328 9.997660e-13 2.901981e-12
239 0.639000 0.010000 2333 9.955521e-13 2.930410e-12
240 0.640000 0.010000 2338 9.924810e-13 2.983549e-12
241 0.641000 0.010000 2343 9.927402e-13 3.046377e-12
242 0.642000 0.010000 2348 9.913546e-13 3.094045e-12
243 0.643000 0.010000 2353 9.914328e-13 3.150212e-12
244 0.644000 0.010000 2357 9.978623e-13 3.218667e-12
245 0.645000 0.010000 2362 9.937762e-13 3.298272e-12
246 0.646000 0.010000 2367 9.866128e-13 3.315539e-12
247 0.647000 0.010000 2371 9.936815e-13 3.425685e-12
248 0.648000 0.010000 2375 9.914423e-13 3.479039e-12
249 0.649000 0.010000 2379 9.941645e-13 3.520678e-12
250 0.650000 0.010000 2382 9.996377e-13 3.644578e-12
251 0.651000 0.010000 2386 9.939928e-13 3.641147e-12
252 0.652000 0.010000 2389 9.978498e-13 3.742023e-12
253 0.653000 0.010000 2392 9.986331e-13 3.802493e-12
254 0.654000 0.010000 2395 9.949732e-13 3.796881e-12
255 0.655000 0.010000 2397 9.996301e-13 3.922649e-12
256 0.656000 0.010000 2400 9.913066e-13 3.914447e-12
257 0.657000 0.010000 2401 9.999555e-13 3.974109e-12
258 0.658000 0.010000 2403 9.980664e-13 4.047081e-12
259 0.659000 0.010000 2405 9.922860e-13 4.016984e-12
260 0.660000 0.010000 2406 9.976350e-13 4.119237e-12
261 0.661000 0.010000 2407 9.973276e-13 4.112819e-12
262 0.662000 0.010000 2408 9.962136e-13 4.113553e-12
263 0.663000 0.010000 2409 9.952811e-13 4.200495e-12
264 0.664000 0.010000 2410 9.877872e-13 4.125948e-12
265 0.665000 0.010000 2410 9.910539e-13 4.192713e-12
266 0.666000 0.010000 2410 9.922781e-13 4.201325e-12
267 0.667000 0.010000 2410 9.914632e-13 4.131443e-12
268 0.668000 0.010000 2410 9.886220e-13 4.228798e-12
269 0.669000 0.010000 2409 9.965810e-13 4.147188e-12
270 0.670000 0.010000 2408 9.977184e-13 4.149804e-12
271 0.671000 0.010000 2408 9.889504e-13 4.207398e-12
272 0.672000 0.010000 2407 9.901100e-13 4.086671e-12
273 0.673000 0.010000 2405 9.981871e-13 4.163172e-12
274 0.674000 0.010000 2404 9.974256e-13 4.152816e-12
275 0.675000 0.010000 2403 9.952161e-13 4.085167e-12
276 0.676000 0.010000 2402 9.915160e-13 4.171064e-12
277 0.677000 0.010000 2401 9.932019e-13 4.124283e-12
278 0.678000 0.010000 2400 9.943045e-13 4.140177e-12
279 0.679000 0.010000 2399 9.970237e-13 4.200249e-12
280 0.680000 0.010000 2399 9.920270e-13 4.181288e-12
281 0.681000 0.010000 2399 9.893234e-13 4.233325e-12
282 0.682000 0.010000 2399 9.887819e-13 4.283691e-12
283 0.683000 0.010000 2399 9.902062e-13 4.311291e-12
284 0.684000 0.010000 2399 9.933957e-13 4.385852e-12
285 0.685000 0.010000 2399 9.981913e-13 4.450849e-12
286 0.686000 0.010000 2400 9.932762e-13 4.517362e-12
287 0.687000 0.010000 2401 9.911608e-13 4.601262e-12
288 0.688000 0.010000 2402 9.880964e-13 4.694484e-12
289 0.689000 0.010000 2402 9.985055e-13 4.816038e-12
290 0.690000 0.010000 2404 9.909978e-13 4.914820e-12
291 0.691000 0.010000 2405 9.929590e-13 5.045639e-12
292 0.692000 0.010000 2406 9.963491e-13 5.188259e-12
293 0.693000 0.010000 2408 9.897930e-13 5.310070e-12
294 0.694000 0.010000 2409 9.945601e-13 5.487848e-12
295 0.695000 0.010000 2410 9.977865e-13 5.610581e-12
296 0.696000 0.010000 2412 9.894188e-13 5.744611e-12
297 0.697000 0.010000 2413 9.895581e-13 5.899064e-12
298 0.698000 0.010000 2413 9.978797e-13 6.019621e-12
299 0.699000 0.010000 2414 9.943845e-13 6.122501e-12
300 0.700000 0.010000 2414 9.956078e-13 6.223474e-12
301 0.701000 0.010000 2414 9.924742e-13 6.269496e-12
302 0.702000 0.010000 2413 9.932549e-13 6.297062e-12
303 0.703000 0.010000 2412 9.919056e-13 6.317069e-12
304 0.704000 0.010000 2410 9.955639e-13 6.282537e-12
305 0.705000 0.010000 2408 9.947368e-13 6.225416e-12
306 0.706000 0.010000 2406 9.909692e-13 6.165715e-12
307 0.707000 0.010000 2403 9.927251e-13 6.050449e-12
308 0.708000 0.010000 2400 9.934814e-13 5.967166e-12
309 0.709000 0.010000 2397 9.918347e-13 5.840858e-12
310 0.710000 0.010000 2393 9.979083e-13 5.708246e-12
311 0.711000 0.010000 2390 9.937157e-13 5.596129e-12
312 0.712000 0.010000 2386 9.970516e-13 5.473036e-12
313 0.713000 0.010000 2383 9.907274e-13 5.337132e-12
314 0.714000 0.010000 2379 9.994388e-13 5.267952e-12
315 0.715000 0.010000 2376 9.934491e-13 5.128638e-12
316 0.716000 0.010000 2372 9.961652e-13 5.016812e-12
317 0.717000 0.010000 2368 9.995917e-13 4.975944e-12
318 0.718000 0.010000 2365 9.953568e-13 4.797261e-12
319 0.719000 0.010000 2362 9.906542e-13 4.769254e-12
320 0.720000 0.010000 2359 9.874994e-13 4.671048e-12
321 0.721000 0.010000 2355 9.964843e-13 4.561908e-12
322 0.722000 0.010000 2352 9.927453e-13 4.552863e-12
323 0.723000 0.010000 2348 9.990690e-13 4.419434e-12
324 0.724000 0.010000 2345 9.978757e-13 4.383997e-12
325 0.725000 0.010000 2342 9.946840e-13 4.340324e-12
326 0.726000 0.010000 2339 9.923657e-13 4.222281e-12
327 0.727000 0.010000 2336 9.913811e-13 4.221230e-12
328 0.728000 0.010000 2332 9.985922e-13 4.161685e-12
329 0.729000 0.010000 2329 9.988168e-13 4.067441e-12
330 0.730000 0.010000 2326 9.981581e-13 4.099390e-12
331 0.731000 0.010000 2323 9.985539e-13 4.000879e-12
332 0.732000 0.010000 2320 9.994773e-13 3.973697e-12
333 0.733000 0.010000 2317 9.987395e-13 3.977839e-12
334 0.734000 0.010000 2314 9.984649e-13 3.880762e-12
335 0.735000 0.010000 2311 9.988815e-13 3.879763e-12
336 0.736000 0.010000 2308 9.987910e-13 3.851448e-12
337 0.737000 0.010000 2305 9.979179e-13 3.810435e-12
338 0.738000 0.010000 2302 9.981552e-13 3.782255e-12
339 0.739000 0.010000 2299 9.969050e-13 3.758228e-12
340 0.740000 0.010000 2296 9.923620e-13 3.718578e-12
341 0.741000 0.010000 2292 9.993294e-13 3.695696e-12
342 0.742000 0.010000 2289 9.957380e-13 3.673898e-12
343 0.743000 0.010000 2286 9.932041e-13 3.643749e-12
344 0.744000 0.010000 2282 9.966033e-13 3.627131e-12
345 0.745000 0.010000 2279 9.945532e-13 3.599106e-12
346 0.746000 0.010000 2276 9.942832e-13 3.572459e-12
347 0.747000 0.010000 2272 9.968416e-13 3.574276e-12
348 0.748000 0.010000 2269 9.949513e-13 3.551284e-12
349 0.749000 0.010000 2266 9.939384e-13 3.520368e-12
350 0.750000 0.010000 2263 9.919560e-13 3.545043e-12
351 0.751000 0.010000 2259 9.990072e-13 3.518228e-12
352 0.752000 0.010000 2256 9.993769e-13 3.529034e-12
353 0.753000 0.010000 2253 9.977346e-13 3.516527e-12
354 0.754000 0.010000 2250 9.977540e-13 3.516895e-12
355 0.755000 0.010000 2247 9.972330e-13 3.536706e-12
356 0.756000 0.010000 2244 9.973327e-13 3.525502e-12
357 0.757000 0.010000 2241 9.970043e-13 3.549896e-12
358 0.758000 0.010000 2238 9.965924e-13 3.547882e-12
359 0.759000 0.010000 2235 9.975471e-13 3.539741e-12
360 0.760000 0.010000 2233 9.885569e-13 3.569764e-12
361 0.761000 0.010000 2230 9.906905e-13 3.567509e-12
362 0.762000 0.010000 2227 9.985374e-13 3.578337e-12
363 0.763000 0.010000 2225 9.963858e-13 3.618675e-12
364 0.764000 0.010000 2224 9.880200e-13 3.592071e-12
365 0.765000 0.010000 2222 9.934869e-13 3.632860e-12
366 0.766000 0.010000 2221 9.943181e-13 3.674611e-12
367 0.767000 0.010000 2220 9.961600e-13 3.647014e-12
368 0.768000 0.010000 2220 9.928546e-13 3.715704e-12
369 0.769000 0.010000 2220 9.929491e-13 3.734311e-12
370 0.770000 0.010000 2220 9.956140e-13 3.728921e-12
371 0.771000 0.010000 2220 9.999687e-13 3.822705e-12
372 0.772000 0.010000 2221 9.956605e-13 3.813694e-12
373 0.773000 0.010000 2222 9.882277e-13 3.835975e-12
374 0.774000 0.010000 2222 9.929576e-13 3.920396e-12
375 0.775000 0.010000 2222 9.968738e-13 3.895643e-12
376 0.776000 0.010000 2222 9.997299e-13 3.970248e-12
377 0.777000 0.010000 2223 9.920307e-13 4.016153e-12
378 0.778000 0.010000 2223 9.924102e-13 3.997116e-12
379 0.779000 0.010000 2223 9.914299e-13 4.096396e-12
380 0.780000 0.010000 2222 9.982492e-13 4.109655e-12
381 0.781000 0.010000 2222 9.943084e-13 4.125359e-12
382 0.782000 0.010000 2222 9.888783e-13 4.218643e-12
383 0.783000 0.010000 2221 9.951763e-13 4.204489e-12
384 0.784000 0.010000 2220 9.967707e-13 4.270079e-12
385 0.785000 0.010000 2219 9.973015e-13 4.331589e-12
386 0.786000 0.010000 2218 9.992441e-13 4.330900e-12
387 0.787000 0.010000 2217 9.987468e-13 4.415063e-12
388 0.788000 0.010000 2216 9.985576e-13 4.454524e-12
389 0.789000 0.010000 2215 9.960541e-13 4.479592e-12
390 0.790000 0.010000 2214 9.960019e-13 4.564538e-12
391 0.791000 0.010000 2213 9.965714e-13 4.600919e-12
392 0.792000 0.010000 2212 9.918706e-13 4.652497e-12
393 0.793000 0.010000 2211 9.914162e-13 4.729409e-12
394 0.794000 0.010000 2209 9.988385e-13 4.773322e-12
395 0.795000 0.010000 2208 9.983683e-13 4.858696e-12
396 0.796000 0.010000 2207 9.946197e-13 4.907093e-12
397 0.797000 0.010000 2206 9.902693e-13 4.981014e-12
398 0.798000 0.010000 2204 9.982812e-13 5.060073e-12
399 0.799000 0.010000 2203 9.969838e-13 5.125115e-12
400 0.800000 0.010000 2202 9.945619e-13 5.215916e-12
401 0.801000 0.010000 2201 9.930781e-13 5.276397e-12
402 0.802000 0.010000 2200 9.945368e-13 5.385161e-12
403 0.803000 0.010000 2199 9.925829e-13 5.457244e-12
404 0.804000 0.010000 2198 9.976272e-13 5.550140e-12
405 0.805000 0.010000 2198 9.905848e-13 5.664182e-12
406 0.806000 0.010000 2197 9.991311e-13 5.745315e-12
407 0.807000 0.010000 2197 9.954358e-13 5.848200e-12
408 0.808000 0.010000 2197 9.933891e-13 5.986462e-12
409 0.809000 0.010000 2197 9.928562e-13 6.057948e-12
410 0.810000 0.010000 2197 9.936723e-13 6.208741e-12
411 0.811000 0.010000 2197 9.956681e-13 6.346921e-12
412 0.812000 0.010000 2197 9.986927e-13 6.442276e-12
413 0.813000 0.010000 2198 9.891825e-13 6.629814e-12
414 0.814000 0.010000 2198 9.939896e-13 6.760410e-12
415 0.815000 0.010000 2198 9.996247e-13 6.919951e-12
416 0.816000 0.010000 2199 9.919512e-13 7.117231e-12
417 0.817000 0.010000 2199 9.993598e-13 7.279976e-12
418 0.818000 0.010000 2200 9.988090e-13 7.498236e-12
419 0.819000 0.010000 2201 9.965026e-13 7.691865e-12
420 0.820000 0.010000 2202 9.963390e-13 7.919945e-12
421 0.821000 0.010000 2203 9.958675e-13 8.173006e-12
422 0.822000 0.010000 2204 9.965340e-13 8.405720e-12
423 0.823000 0.010000 2206 9.879270e-13 8.689066e-12
424 0.824000 0.010000 2207 9.922985e-13 8.960597e-12
425 0.825000 0.010000 2208 9.985038e-13 9.277402e-12
426 0.826000 0.010000 2210 9.912709e-13 9.589552e-12
427 0.827000 0.010000 2211 9.962239e-13 9.939210e-12
428 0.828000 0.010000 2213 9.910072e-13 1.030211e-11
429 0.829000 0.010000 2214 9.947224e-13 1.067142e-11
430 0.830000 0.010000 2215 9.988522e-13 1.111290e-11
431 0.831000 0.010000 2217 9.916019e-13 1.153097e-11
432 0.832000 0.010000 2218 9.968125e-13 1.198888e-11
433 0.833000 0.010000 2219 9.973426e-13 1.249243e-11
434 0.834000 0.010000 2221 9.912338e-13 1.296125e-11
435 0.835000 0.010000 2222 9.907891e-13 1.353978e-11
436 0.836000 0.010000 2223 9.915284e-13 1.408510e-11
437 0.837000 0.010000 2224 9.908800e-13 1.464391e-11
438 0.838000 0.010000 2224 9.999689e-13 1.528613e-11
439 0.839000 0.010000 2225 9.949328e-13 1.584452e-11
440 0.840000 0.010000 2225 9.996194e-13 1.648937e-11
441 0.841000 0.010000 2226 9.915062e-13 1.709048e-11
442 0.842000 0.010000 2225 9.998183e-13 1.764420e-11
443 0.843000 0.010000 2225 9.940962e-13 1.824967e-11
444 0.844000 0.010000 2224 9.956027e-13 1.868405e-11
445 0.845000 0.010000 2223 9.907869e-13 1.913244e-11
446 0.846000 0.010000 2221 9.935014e-13 1.944734e-11
447 0.847000 0.010000 2218 9.988650e-13 1.960659e-11
448 0.848000 0.010000 2215 9.951875e-13 1.973010e-11
449 0.849000 0.010000 2211 9.973221e-13 1.959598e-11
450 0.850000 0.010000 2207 9.907850e-13 1.939616e-11
451 0.851000 0.010000 2202 9.908359e-13 1.907422e-11
452 0.852000 0.010000 2196 9.977338e-13 1.854013e-11
453 0.853000 0.010000 2190 9.989331e-13 1.805631e-11
454 0.854000 0.010000 2184 9.976399e-13 1.742016e-11
455 0.855000 0.010000 2178 9.974482e-13 1.673958e-11
456 0.856000 0.010000 2172 9.947250e-13 1.613674e-11
457 0.857000 0.010000 2166 9.910899e-13 1.540154e-11
458 0.858000 0.010000 2159 9.991946e-13 1.477722e-11
459 0.859000 0.010000 2154 9.906679e-13 1.420158e-11
460 0.860000 0.010000 2148 9.935089e-13 1.353398e-11
461 0.861000 0.010000 2142 9.949491e-13 1.302580e-11
462 0.862000 0.010000 2137 9.926991e-13 1.250317e-11
463 0.863000 0.010000 2131 9.957701e-13 1.194067e-11
464 0.864000 0.010000 2126 9.956664e-13 1.159304e-11
465 0.865000 0.010000 2121 9.959708e-13 1.108999e-11
466 0.866000 0.010000 2116 9.955327e-13 1.069295e-11
467 0.867000 0.010000 2112 9.859777e-13 1.041100e-11
468 0.868000 0.010000 2107 9.916261e-13 9.949125e-12
469 0.869000 0.010000 2102 9.983483e-13 9.722200e-12
470 0.870000 0.010000 2098 9.968738e-13 9.436658e-12
471 0.871000 0.010000 2094 9.950415e-13 9.098725e-12
472 0.872000 0.010000 2090 9.951770e-13 8.989444e-12
473 0.873000 0.010000 2086 9.929860e-13 8.656807e-12
474 0.874000 0.010000 2082 9.950189e-13 8.468365e-12
475 0.875000 0.010000 2078 9.948079e-13 8.373005e-12
476 0.876000 0.010000 2074 9.939665e-13 8.046300e-12
477 0.877000 0.010000 2069 9.972305e-13 7.991671e-12
478 0.878000 0.010000 2064 9.965520e-13 7.821239e-12
479 0.879000 0.010000 2059 9.953594e-13 7.561266e-12
480 0.880000 0.010000 2053 9.989425e-13 7.527642e-12
481 0.881000 0.010000 2048 9.939114e-13 7.276120e-12
482 0.882000 0.010000 2042 9.872633e-13 7.074470e-12
483 0.883000 0.010000 2036 9.937310e-13 7.014656e-12
484 0.884000 0.010000 2030 9.907300e-13 6.730210e-12
485 0.885000 0.010000 2023 9.998054e-13 6.600929e-12
486 0.886000 0.010000 2017 9.994599e-13 6.512731e-12
487 0.887000 0.010000 2012 9.907652e-13 6.231848e-12
488 0.888000 0.010000 2006 9.918638e-13 6.155956e-12
489 0.889000 0.010000 2001 9.895566e-13 6.031138e-12
490 0.890000 0.010000 1995 9.991607e-13 5.805081e-12
491 0.891000 0.010000 1991 9.907327e-13 5.787167e-12
492 0.892000 0.010000 1987 9.856156e-13 5.605151e-12
493 0.893000 0.010000 1982 9.985179e-13 5.482911e-12
494 0.894000 0.010000 1979 9.870104e-13 5.453261e-12
495 0.895000 0.010000 1975 9.948601e-13 5.272904e-12
496 0.896000 0.010000 1972 9.905362e-13 5.219376e-12
497 0.897000 0.010000 1969 9.867163e-13 5.144500e-12
498 0.898000 0.010000 1966 9.891461e-13 4.998097e-12
499 0.899000 0.010000 1963 9.935272e-13 4.989648e-12
500 0.900000 0.010000 1960 9.969382e-13 4.908333e-12
501 0.901000 0.010000 1958 9.883607e-13 4.775175e-12
502 0.902000 0.010000 1955 9.939944e-13 4.802663e-12
503 0.903000 0.010000 1953 9.872501e-13 4.680718e-12
504 0.904000 0.010000 1950 9.889496e-13 4.607839e-12
505 0.905000 0.010000 1947 9.918391e-13 4.623283e-12
506 0.906000 0.010000 1944 9.911772e-13 4.497911e-12
507 0.907000 0.010000 1940 9.999310e-13 4.465268e-12
508 0.908000 0.010000 1937 9.966910e-13 4.454037e-12
509 0.909000 0.010000 1934 9.885569e-13 4.339649e-12
510 0.910000 0.010000 1929 9.995576e-13 4.316216e-12
511 0.911000 0.010000 1925 9.952343e-13 4.291616e-12
512 0.912000 0.010000 1921 9.892002e-13 4.209704e-12
513 0.913000 0.010000 1916 9.938217e-13 4.173923e-12
514 0.914000 0.010000 1912 9.866800e-13 4.129674e-12
515 0.915000 0.010000 1906 9.989399e-13 4.076046e-12
516 0.916000 0.010000 1901 9.963431e-13 4.039195e-12
517 0.917000 0.010000 1896 9.960923e-13 3.990632e-12
518 0.918000 0.010000 1891 9.978979e-13 3.941496e-12
519 0.919000 0.010000 1886 9.993624e-13 3.913024e-12
520 0.920000 0.010000 1881 9.999977e-13 3.855473e-12
521 0.921000 0.010000 1877 9.887792e-13 3.817440e-12
522 0.922000 0.010000 1872 9.936385e-13 3.787218e-12
523 0.923000 0.010000 1867 9.993914e-13 3.750516e-12
524 0.924000 0.010000 1863 9.935180e-13 3.722635e-12
525 0.925000 0.010000 1859 9.916447e-13 3.671715e-12
526 0.926000 0.010000 1854 9.999077e-13 3.652463e-12
527 0.927000 0.010000 1851 9.912627e-13 3.631013e-12
528 0.928000 0.010000 1847 9.916069e-13 3.574579e-12
529 0.929000 0.010000 1843 9.922613e-13 3.549973e-12
530 0.930000 0.010000 1839 9.907787e-13 3.551484e-12
531 0.931000 0.010000 1835 9.911531e-13 3.478706e-12
532 0.932000 0.010000 1830 9.991936e-13 3.457719e-12
533 0.933000 0.010000 1826 9.982249e-13 3.466830e-12
534 0.934000 0.010000 1822 9.935071e-13 3.409157e-12
535 0.935000 0.010000 1818 9.908620e-13 3.385327e-12
536 0.936000 0.010000 1813 9.967007e-13 3.382663e-12
537 0.937000 0.010000 1809 9.886204e-13 3.333422e-12
538 0.938000 0.010000 1804 9.905483e-13 3.294112e-12
539 0.939000 0.010000 1799 9.955657e-13 3.325332e-12
540 0.940000 0.010000 1794 9.981256e-13 3.266216e-12
541 0.941000 0.010000 1790 9.888525e-13 3.222705e-12
542 0.942000 0.010000 1785 9.940269e-13 3.254270e-12
543 0.943000 0.010000 1781 9.888254e-13 3.211686e-12
544 0.944000 0.010000 1777 9.849772e-13 3.165800e-12
545 0.945000 0.010000 1772 9.971181e-13 3.221049e-12
546 0.946000 0.010000 1768 9.984059e-13 3.151337e-12
547 0.947000 0.010000 1764 9.958573e-13 3.138346e-12
548 0.948000 0.010000 1761 9.860632e-13 3.153784e-12
549 0.949000 0.010000 1757 9.879007e-13 3.103891e-12
550 0.950000 0.010000 1753 9.907513e-13 3.089047e-12
551 0.951000 0.010000 1749 9.941255e-13 3.102613e-12
552 0.952000 0.010000 1746 9.898129e-13 3.068262e-12
553 0.953000 0.010000 1742 9.981392e-13 3.057826e-12
554 0.954000 0.010000 1740 9.857965e-13 3.041854e-12
555 0.955000 0.010000 1736 9.968545e-13 3.035637e-12
556 0.956000 0.010000 1733 9.917419e-13 3.013831e-12
557 0.957000 0.010000 1730 9.973744e-13 3.019368e-12
558 0.958000 0.010000 1727 9.974832e-13 3.006265e-12
559 0.959000 0.010000 1724 9.950851e-13 2.982301e-12
560 0.960000 0.010000 1721 9.921643e-13 2.978970e-12
561 0.961000 0.010000 1718 9.983309e-13 2.974533e-12
562 0.962000 0.010000 1716 9.900634e-13 2.948947e-12
563 0.963000 0.010000 1713 9.908373e-13 2.953202e-12
564 0.964000 0.010000 1711 9.959117e-13 2.946630e-12
565 0.965000 0.010000 1709 9.889733e-13 2.923240e-12
566 0.966000 0.010000 1708 9.823952e-13 2.923828e-12
567 0.967000 0.010000 1705 9.981279e-13 2.920380e-12
568 0.968000 0.010000 1704 9.949998e-13 2.911281e-12
569 0.969000 0.010000 1703 9.965399e-13 2.908468e-12
570 0.970000 0.010000 1701 9.964401e-13 2.908051e-12
571 0.971000 0.010000 1700 9.913503e-13 2.872102e-12
572 0.972000 0.010000 1699 9.906757e-13 2.901881e-12
573 0.973000 0.010000 1697 9.938785e-13 2.877493e-12
574 0.974000 0.010000 1696 9.892892e-13 2.856998e-12
575 0.975000 0.010000 1695 9.904394e-13 2.877993e-12
576 0.976000 0.010000 1693 9.983632e-13 2.877960e-12
577 0.977000 0.010000 1692 9.993034e-13 2.837333e-12
578 0.978000 0.010000 1692 9.901721e-13 2.870287e-12
579 0.979000 0.010000 1691 9.984412e-13 2.848972e-12
580 0.980000 0.010000 1691 9.921236e-13 2.829043e-12
581 0.981000 0.010000 1690 9.985834e-13 2.856409e-12
582 0.982000 0.010000 1690 9.923001e-13 2.833592e-12
583 0.983000 0.010000 1689 9.965715e-13 2.825391e-12
584 0.984000 0.010000 1689 9.884183e-13 2.830432e-12
585 0.985000 0.010000 1688 9.959796e-13 2.830571e-12
586 0.986000 0.010000 1687 9.995557e-13 2.819193e-12
587 0.987000 0.010000 1686 9.956795e-13 2.833713e-12
588 0.988000 0.010000 1685 9.905286e-13 2.817629e-12
589 0.989000 0.010000 1684 9.867517e-13 2.799555e-12
590 0.990000 0.010000 1682 9.936719e-13 2.832139e-12
591 0.991000 0.010000 1680 9.969161e-13 2.807935e-12
592 0.992000 0.010000 1678 9.997055e-13 2.818679e-12
593 0.993000 0.010000 1676 9.943208e-13 2.826051e-12
594 0.994000 0.010000 1674 9.940992e-13 2.808136e-12
595 0.995000 0.010000 1672 9.841101e-13 2.799422e-12
596 0.996000 0.010000 1669 9.933079e-13 2.830880e-12
597 0.997000 0.010000 1667 9.832709e-13 2.798108e-12
598 0.998000 0.010000 1663 9.976889e-13 2.806374e-12
599 0.999000 0.010000 1661 9.912578e-13 2.820523e-12
600 1.000000 0.010000 1657 9.973429e-13 2.814058e-12
601 1.001000 0.010000 1654 9.885087e-13 2.794665e-12
602 1.002000 0.010000 1650 9.948741e-13 2.830903e-12
603 1.003000 0.010000 1647 9.862634e-13 2.783007e-12
604 1.004000 0.010000 1643 9.909597e-13 2.797912e-12
605 1.005000 0.010000 1639 9.963841e-13 2.807539e-12
606 1.006000 0.010000 1636 9.878939e-13 2.789793e-12
607 1.007000 0.010000 1632 9.929887e-13 2.799970e-12
608 1.008000 0.010000 1628 9.977400e-13 2.804271e-12
609 1.009000 0.010000 1625 9.866126e-13 2.785776e-12
610 1.010000 0.010000 1621 9.935714e-13 2.773949e-12
611 1.011000 0.010000 1618 9.934731e-13 2.794002e-12
612 1.012000 0.010000 1615 9.853536e-13 2.789468e-12
613 1.013000 0.010000 1611 9.941654e-13 2.768974e-12
614 1.014000 0.010000 1608 9.940385e-13 2.788296e-12
615 1.015000 0.010000 1605 9.861782e-13 2.783511e-12
616 1.016000 0.010000 1601 9.940085e-13 2.766987e-12
617 1.017000 0.010000 1598 9.884952e-13 2.794549e-12
618 1.018000 0.010000 1594 9.963574e-13 2.778529e-12
619 1.019000 0.010000 1591 9.893747e-13 2.760311e-12
620 1.020000 0.010000 1587 9.950363e-13 2.804352e-12
621 1.021000 0.010000 1584 9.878532e-13 2.761466e-12
622 1.022000 0.010000 1581 9.869197e-13 2.767796e-12
623 1.023000 0.010000 1577 9.964894e-13 2.809705e-12
624 1.024000 0.010000 1574 9.911236e-13 2.773706e-12
625 1.025000 0.010000 1571 9.957414e-13 2.782242e-12
626 1.026000 0.010000 1568 9.955112e-13 2.796771e-12
627 1.027000 0.010000 1565 9.930640e-13 2.774809e-12
628 1.028000 0.010000 1562 9.984944e-13 2.793844e-12
629 1.029000 0.010000 1560 9.885446e-13 2.797188e-12
630 1.030000 0.010000 1557 9.941173e-13 2.785851e-12
631 1.031000 0.010000 1555 9.873447e-13 2.778102e-12
632 1.032000 0.010000 1552 9.962313e-13 2.820200e-12
633 1.033000 0.010000 1550 9.939033e-13 2.789751e-12
634 1.034000 0.010000 1548 9.957035e-13 2.809189e-12
635 1.035000 0.010000 1546 9.905874e-13 2.808066e-12
636 1.036000 0.010000 1544 9.944615e-13 2.809743e-12
637 1.037000 0.010000 1542 9.961069e-13 2.819737e-12
638 1.038000 0.010000 1540 9.942755e-13 2.820169e-12
639 1.039000 0.010000 1538 9.999068e-13 2.827138e-12
640 1.040000 0.010000 1536 9.924326e-13 2.837176e-12
641 1.041000 0.010000 1534 9.973312e-13 2.829696e-12
642 1.042000 0.010000 1532 9.894223e-13 2.829856e-12
643 1.043000 0.010000 1529 9.998086e-13 2.861268e-12
644 1.044000 0.010000 1527 9.927406e-13 2.830545e-12
645 1.045000 0.010000 1524 9.948227e-13 2.836625e-12
646 1.046000 0.010000 1521 9.981954e-13 2.886570e-12
647 1.047000 0.010000 1519 9.832686e-13 2.816306e-12
648 1.048000 0.010000 1515 9.968533e-13 2.868490e-12
649 1.049000 0.010000 1512 9.974649e-13 2.881262e-12
650 1.050000 0.010000 1509 9.909409e-13 2.845363e-12
651 1.051000 0.010000 1506 9.904682e-13 2.873713e-12
652 1.052000 0.010000 1503 9.857959e-13 2.862283e-12
653 1.053000 0.010000 1499 9.932901e-13 2.866389e-12
654 1.054000 0.010000 1496 9.872638e-13 2.890395e-12
655 1.055000 0.010000 1492 9.949520e-13 2.862049e-12
656 1.056000 0.010000 1489 9.882009e-13 2.878510e-12
657 1.057000 0.010000 1485 9.972332e-13 2.908240e-12
658 1.058000 0.010000 1482 9.864842e-13 2.855907e-12
659 1.059000 0.010000 1478 9.958689e-13 2.895735e-12
660 1.060000 0.010000 1475 9.852368e-13 2.900132e-12
661 1.061000 0.010000 1471 9.878845e-13 2.865068e-12
662 1.062000 0.010000 1467 9.902196e-13 2.902542e-12
663 1.063000 0.010000 1463 9.928013e-13 2.908917e-12
664 1.064000 0.010000 1459 9.859309e-13 2.878724e-12
665 1.065000 0.010000 1454 9.986474e-13 2.905293e-12
666 1.066000 0.010000 1450 9.921755e-13 2.919728e-12
667 1.067000 0.010000 1445 9.990733e-13 2.895325e-12
668 1.068000 0.010000 1441 9.885857e-13 2.925936e-12
669 1.069000 0.010000 1436 9.903915e-13 2.925537e-12
670 1.070000 0.010000 1431 9.939789e-13 2.902796e-12
671 1.071000 0.010000 1426 9.966998e-13 2.933553e-12
672 1.072000 0.010000 1422 9.831123e-13 2.937415e-12
673 1.073000 0.010000 1417 9.938235e-13 2.900439e-12
674 1.074000 0.010000 1413 9.919503e-13 2.953729e-12
675 1.075000 0.010000 1409 9.952826e-13 2.960669e-12
676 1.076000 0.010000 1406 9.865227e-13 2.918843e-12
677 1.077000 0.010000 1402 9.974388e-13 2.963917e-12
678 1.078000 0.010000 1400 9.900004e-13 2.972329e-12
679 1.079000 0.010000 1397 9.960726e-13 2.960607e-12
680 1.080000 0.010000 1395 9.950323e-13 2.972366e-12
681 1.081000 0.010000 1393 9.967112e-13 3.024108e-12
682 1.082000 0.010000 1391 9.940456e-13 2.965833e-12
683 1.083000 0.010000 1389 9.989308e-13 3.004550e-12
684 1.084000 0.010000 1388 9.861129e-13 3.035377e-12
685 1.085000 0.010000 1386 9.853596e-13 2.987826e-12
686 1.086000 0.010000 1384 9.840507e-13 3.032733e-12
687 1.087000 0.010000 1381 9.974507e-13 3.063200e-12
688 1.088000 0.010000 1379 9.938555e-13 3.038797e-12
689 1.089000 0.010000 1377 9.885267e-13 3.061671e-12
690 1.090000 0.010000 1374 9.969090e-13 3.078821e-12
691 1.091000 0.010000 1372 9.881309e-13 3.072153e-12
692 1.092000 0.010000 1369 9.984807e-13 3.108365e-12
693 1.093000 0.010000 1367 9.871403e-13 3.105001e-12
694 1.094000 0.010000 1364 9.925281e-13 3.104902e-12
695 1.095000 0.010000 1361 9.979111e-13 3.134800e-12
696 1.096000 0.010000 1359 9.864506e-13 3.136329e-12
697 1.097000 0.010000 1356 9.900815e-13 3.161165e-12
698 1.098000 0.010000 1353 9.969954e-13 3.148538e-12
699 1.099000 0.010000 1350 9.958309e-13 3.192368e-12
700 1.100000 0.010000 1348 9.822689e-13 3.165192e-12
701 1.101000 0.010000 1344 9.998490e-13 3.208347e-12
702 1.102000 0.010000 1342 9.871052e-13 3.206414e-12
703 1.103000 0.010000 1338 9.992897e-13 3.220273e-12
704 1.104000 0.010000 1336 9.838047e-13 3.226200e-12
705 1.105000 0.010000 1332 9.909854e-13 3.235697e-12
706 1.106000 0.010000 1329 9.915328e-13 3.253379e-12
707 1.107000 0.010000 1325 9.979619e-13 3.266293e-12
708 1.108000 0.010000 1322 9.881098e-13 3.279940e-12
709 1.109000 0.010000 1318 9.990287e-13 3.291676e-12
710 1.110000 0.010000 1315 9.828774e-13 3.268684e-12
711 1.111000 0.010000 1311 9.956482e-13 3.317557e-12
712 1.112000 0.010000 1307 9.987801e-13 3.334183e-12
713 1.113000 0.010000 1303 9.999416e-13 3.305827e-12
714 1.114000 0.010000 1300 9.900741e-13 3.363641e-12
715 1.115000 0.010000 1296 9.886090e-13 3.334354e-12
716 1.116000 0.010000 1292 9.925044e-13 3.367008e-12
717 1.117000 0.010000 1288 9.961725e-13 3.389236e-12
718 1.118000 0.010000 1284 9.942047e-13 3.372932e-12
719 1.119000 0.010000 1280 9.992234e-13 3.416104e-12
720 1.120000 0.010000 1277 9.861990e-13 3.400072e-12
721 1.121000 0.010000 1273 9.956099e-13 3.441779e-12
722 1.122000 0.010000 1270 9.879322e-13 3.434865e-12
723 1.123000 0.010000 1266 9.989865e-13 3.450490e-12
724 1.124000 0.010000 1263 9.942342e-13 3.504926e-12
725 1.125000 0.010000 1260 9.881436e-13 3.446429e-12
726 1.126000 0.010000 1257 9.832025e-13 3.498383e-12
727 1.127000 0.010000 1253 9.899354e-13 3.546447e-12
728 1.128000 0.010000 1249 9.990808e-13 3.501382e-12
729 1.129000 0.010000 1246 9.930445e-13 3.572833e-12
730 1.130000 0.010000 1243 9.810421e-13 3.570483e-12
731 1.131000 0.010000 1239 9.895029e-13 3.534203e-12
732 1.132000 0.010000 1235 9.983823e-13 3.629235e-12
733 1.133000 0.010000 1232 9.830650e-13 3.608050e-12
734 1.134000 0.010000 1228 9.862451e-13 3.594240e-12
735 1.135000 0.010000 1224 9.902501e-13 3.684633e-12
736 1.136000 0.010000 1220 9.965078e-13 3.665411e-12
737 1.137000 0.010000 1216 9.927300e-13 3.654581e-12
738 1.138000 0.010000 1212 9.962695e-13 3.758237e-12
739 1.139000 0.010000 1208 9.894908e-13 3.709555e-12
740 1.140000 0.010000 1204 9.878656e-13 3.715332e-12
741 1.141000 0.010000 1200 9.837452e-13 3.804547e-12
742 1.142000 0.010000 1196 9.836272e-13 3.756077e-12
743 1.143000 0.010000 1192 9.837706e-13 3.792066e-12
744 1.144000 0.010000 1187 9.984165e-13 3.885069e-12
745 1.145000 0.010000 1183 9.985826e-13 3.853524e-12
746 1.146000 0.010000 1179 9.957213e-13 3.867379e-12
747 1.147000 0.010000 1175 9.890784e-13 3.974400e-12
748 1.148000 0.010000 1171 9.856971e-13 3.896565e-12
749 1.149000 0.010000 1167 9.838096e-13 3.971111e-12
750 1.150000 0.010000 1163 9.793815e-13 4.020247e-12
751 1.151000 0.010000 1158 9.937796e-13 3.991892e-12
752 1.152000 0.010000 1154 9.946532e-13 4.107098e-12
753 1.153000 0.010000 1150 9.857221e-13 4.074771e-12
754 1.154000 0.010000 1145 9.985148e-13 4.089324e-12
755 1.155000 0.010000 1140 9.999660e-13 4.201588e-12
756 1.156000 0.010000 1136 9.871394e-13 4.132712e-12
757 1.157000 0.010000 1131 9.899871e-13 4.188883e-12
758 1.158000 0.010000 1126 9.795356e-13 4.236891e-12
759 1.159000 0.010000 1121 9.816039e-13 4.197356e-12
760 1.160000 0.010000 1115 9.945561e-13 4.282227e-12
761 1.161000 0.010000 1111 9.812809e-13 4.285262e-12
762 1.162000 0.010000 1105 9.941982e-13 4.279972e-12
763 1.163000 0.010000 1100 9.969897e-13 4.349365e-12
764 1.164000 0.010000 1096 9.769600e-13 4.337070e-12
765 1.165000 0.010000 1090 9.930120e-13 4.363311e-12
766 1.166000 0.010000 1085 9.874229e-13 4.429487e-12
767 1.167000 0.010000 1080 9.863794e-13 4.414346e-12
768 1.168000 0.010000 1075 9.798848e-13 4.467978e-12
769 1.169000 0.010000 1070 9.811914e-13 4.498617e-12
770 1.170000 0.010000 1064 9.997933e-13 4.515681e-12
771 1.171000 0.010000 1059 9.998851e-13 4.538422e-12
772 1.172000 0.010000 1055 9.785299e-13 4.619895e-12
773 1.173000 0.010000 1050 9.800992e-13 4.598214e-12
774 1.174000 0.010000 1045 9.865889e-13 4.654434e-12
775 1.175000 0.010000 1040 9.900981e-13 4.728646e-12
776 1.176000 0.010000 1035 9.882928e-13 4.721670e-12
777 1.177000 0.010000 1030 9.825718e-13 4.794786e-12
778 1.178000 0.010000 1025 9.833509e-13 4.840150e-12
779 1.179000 0.010000 1020 9.828307e-13 4.845942e-12
780 1.180000 0.010000 1015 9.848381e-13 4.936247e-12
781 1.181000 0.010000 1010 9.921254e-13 4.988176e-12
782 1.182000 0.010000 1005 9.924953e-13 4.990399e-12
783 1.183000 0.010000 1000 9.922413e-13 5.087939e-12
784 1.184000 0.010000 995 9.884832e-13 5.162813e-12
785 1.185000 0.010000 990 9.924899e-13 5.151209e-12
786 1.186000 0.010000 985 9.968822e-13 5.249652e-12
787 1.187000 0.010000 980 9.914274e-13 5.345594e-12
788 1.188000 0.010000 975 9.974406e-13 5.313122e-12
789 1.189000 0.010000 970 9.881827e-13 5.469250e-12
790 1.190000 0.010000 965 9.868074e-13 5.465370e-12
791 1.191000 0.010000 960 9.888571e-13 5.528899e-12
792 1.192000 0.010000 955 9.765533e-13 5.649647e-12
793 1.193000 0.010000 949 9.990300e-13 5.693605e-12
794 1.194000 0.010000 944 9.942898e-13 5.782393e-12
795 1.195000 0.010000 939 9.866338e-13 5.820708e-12
796 1.196000 0.010000 933 9.895888e-13 5.948566e-12
797 1.197000 0.010000 927 9.905032e-13 6.010917e-12
798 1.198000 0.010000 921 9.906084e-13 6.092992e-12
799 1.199000 0.010000 915 9.959899e-13 6.198175e-12
800 1.200000 0.010000 910 9.739034e-13 6.277286e-12
801 1.201000 0.010000 904 9.808388e-13 6.340102e-12
802 1.202000 0.010000 898 9.785515e-13 6.460942e-12
803 1.203000 0.010000 892 9.727942e-13 6.554288e-12
804 1.204000 0.010000 886 9.902606e-13 6.630882e-12
805 1.205000 0.010000 880 9.816319e-13 6.750322e-12
806 1.206000 0.010000 873 9.983957e-13 6.858777e-12
807 1.207000 0.010000 867 9.962226e-13 7.018261e-12
808 1.208000 0.010000 861 9.731304e-13 7.037812e-12
809 1.209000 0.010000 854 9.891082e-13 7.196786e-12
810 1.210000 0.010000 848 9.703776e-13 7.308780e-12
811 1.211000 0.010000 841 9.835907e-13 7.394538e-12
812 1.212000 0.010000 834 9.831031e-13 7.588200e-12
813 1.213000 0.010000 827 9.917547e-13 7.672249e-12
814 1.214000 0.010000 820 9.948490e-13 7.835164e-12
815 1.215000 0.010000 814 9.783233e-13 7.973547e-12
816 1.216000 0.010000 806 9.977417e-13 8.138912e-12
817 1.217000 0.010000 800 9.742542e-13 8.272264e-12
818 1.218000 0.010000 792 9.841544e-13 8.424663e-12
819 1.219000 0.010000 785 9.710649e-13 8.650726e-12
820 1.220000 0.010000 777 9.992271e-13 8.784457e-12
821 1.221000 0.010000 770 9.953105e-13 8.979233e-12
822 1.222000 0.010000 763 9.880992e-13 9.229465e-12
823 1.223000 0.010000 756 9.746012e-13 9.371016e-12
824 1.224000 0.010000 748 9.942298e-13 9.637380e-12
825 1.225000 0.010000 740 9.787892e-13 9.848746e-12
826 1.226000 0.010000 732 9.782848e-13 1.007874e-11
827 1.227000 0.010000 724 9.891024e-13 1.028071e-11
828 1.228000 0.010000 716 9.897070e-13 1.060712e-11
829 1.229000 0.010000 709 9.745580e-13 1.080605e-11
830 1.230000 0.010000 700 9.968008e-13 1.117148e-11
831 1.231000 0.010000 692 9.868871e-13 1.141974e-11
832 1.232000 0.010000 684 9.726281e-13 1.175834e-11
833 1.233000 0.010000 674 9.896504e-13 1.213505e-11
834 1.234000 0.010000 666 9.676268e-13 1.241914e-11
835 1.235000 0.010000 656 9.903272e-13 1.281599e-11
836 1.236000 0.010000 648 9.662030e-13 1.321612e-11
837 1.237000 0.010000 639 9.731008e-13 1.358526e-11
838 1.238000 0.010000 630 9.800387e-13 1.405769e-11
839 1.239000 0.010000 620 9.973001e-13 1.453373e-11
840 1.240000 0.010000 611 9.762843e-13 1.496471e-11
841 1.241000 0.010000 600 9.777352e-13 1.557412e-11
842 1.242000 0.010000 589 9.727969e-13 1.600260e-11
843 1.243000 0.010000 579 9.714628e-13 1.662957e-11
844 1.244000 0.010000 568 9.585128e-13 1.727183e-11
845 1.245000 0.010000 557 9.697655e-13 1.788519e-11
846 1.246000 0.010000 546 9.665871e-13 1.857346e-11
847 1.247000 0.010000 534 9.966975e-13 1.935834e-11
848 1.248000 0.010000 523 9.970608e-13 1.998560e-11
849 1.249000 0.010000 509 9.966899e-13 2.093159e-11
850 1.250000 0.010000 497 9.630282e-13 2.163599e-11
851 1.251000 0.010000 485 9.723200e-13 2.252857e-11
852 1.252000 0.010000 473 9.584567e-13 2.343589e-11
853 1.253000 0.010000 460 9.567852e-13 2.430187e-11
854 1.254000 0.010000 446 9.941166e-13 2.518521e-11
855 1.255000 0.010000 433 9.740443e-13 2.617590e-11
856 1.256000 0.010000 420 9.621204e-13 2.698904e-11
857 1.257000 0.010000 407 9.395239e-13 2.796216e-11
858 1.258000 0.010000 393 9.831396e-13 2.877350e-11
859 1.259000 0.010000 379 9.421475e-13 2.942564e-11
860 1.260000 0.010000 366 9.421443e-13 3.002104e-11
861 1.261000 0.010000 352 9.553035e-13 3.063553e-11
862 1.262000 0.010000 338 9.669409e-13 3.076841e-11
863 1.263000 0.010000 325 9.687353e-13 3.087623e-11
864 1.264000 0.010000 311 9.733895e-13 3.076739e-11
865 1.265000 0.010000 298 9.640301e-13 3.036283e-11
866 1.266000 0.010000 286 9.696819e-13 2.981730e-11
867 1.267000 0.010000 274 9.956297e-13 2.909484e-11
868 1.268000 0.010000 263 9.811328e-13 2.830472e-11
869 1.269000 0.010000 252 9.307393e-13 2.729779e-11
870 1.270000 0.010000 241 9.554328e-13 2.618668e-11
871 1.271000 0.010000 230 9.810538e-13 2.508012e-11
872 1.272000 0.010000 219 9.974763e-13 2.390863e-11
873 1.273000 0.010000 210 9.032440e-13 2.282063e-11
874 1.274000 0.010000 202 9.008902e-13 2.172283e-11
875 1.275000 0.010000 195 8.826273e-13 2.069837e-11
876 1.276000 0.010000 188 9.169958e-13 1.981097e-11
877 1.277000 0.010000 182 9.120744e-13 1.885600e-11
878 1.278000 0.010000 176 9.588847e-13 1.797353e-11
879 1.279000 0.010000 171 8.980527e-13 1.713660e-11
880 1.280000 0.010000 166 8.928518e-13 1.634896e-11
881 1.281000 0.010000 161 9.388893e-13 1.567877e-11
882 1.282000 0.010000 156 9.778787e-13 1.505269e-11
883 1.283000 0.010000 152 9.323206e-13 1.442446e-11
884 1.284000 0.010000 148 9.075459e-13 1.384169e-11
885 1.285000 0.010000 144 9.427463e-13 1.326588e-11
886 1.286000 0.010000 141 8.682310e-13 1.275346e-11
887 1.287000 0.010000 138 8.445237e-13 1.227971e-11
888 1.288000 0.010000 135 8.260285e-13 1.187586e-11
889 1.289000 0.010000 132 8.628709e-13 1.152477e-11
890 1.290000 0.010000 129 9.406982e-13 1.117080e-11
891 1.291000 0.010000 127 8.519687e-13 1.080186e-11
892 1.292000 0.010000 124 9.573451e-13 1.047023e-11
893 1.293000 0.010000 122 9.079681e-13 1.014341e-11
894 1.294000 0.010000 120 8.784755e-13 9.849762e-12
895 1.295000 0.010000 118 8.660083e-13 9.552790e-12
896 1.296000 0.010000 116 8.623620e-13 9.269810e-12
897 1.297000 0.010000 114 8.909649e-13 9.023689e-12
898 1.298000 0.010000 112 9.248317e-13 8.780029e-12
899 1.299000 0.010000 110 9.865586e-13 8.564989e-12
900 1.300000 0.010000 109 8.438745e-13 8.310236e-12
901 1.301000 0.010000 107 9.424115e-13 8.129724e-12
902 1.302000 0.010000 106 8.445642e-13 7.901958e-12
903 1.303000 0.010000 104 9.774837e-13 7.761401e-12
904 1.304000 0.010000 103 8.857510e-13 7.551033e-12
905 1.305000 0.010000 102 8.031956e-13 7.381198e-12
906 1.306000 0.010000 100 9.775432e-13 7.284918e-12
907 1.307000 0.010000 99 9.274371e-13 7.087487e-12
908 1.308000 0.010000 98 8.758787e-13 6.934402e-12
909 1.309000 0.010000 97 8.454290e-13 6.779564e-12
910 1.310000 0.010000 96 8.395050e-13 6.650183e-12
911 1.311000 0.010000 95 8.313286e-13 6.528373e-12
912 1.312000 0.010000 94 8.155379e-13 6.399800e-12
913 1.313000 0.010000 93 8.076738e-13 6.282223e-12
914 1.314000 0.010000 92 8.096877e-13 6.165011e-12
915 1.315000 0.010000 91 8.175371e-13 6.069708e-12
916 1.316000 0.010000 90 8.276240e-13 5.982133e-12
917 1.317000 0.010000 89 8.555486e-13 5.900038e-12
918 1.318000 0.010000 88 8.944820e-13 5.822118e-12
919 1.319000 0.010000 87 9.251264e-13 5.733427e-12
920 1.320000 0.010000 86 9.856061e-13 5.659107e-12
921 1.321000 0.010000 86 7.725274e-13 5.465874e-12
922 1.322000 0.010000 85 8.459835e-13 5.429085e-12
923 1.323000 0.010000 84 9.233421e-13 5.397550e-12
924 1.324000 0.010000 84 7.325708e-13 5.219512e-12
925 1.325000 0.010000 83 8.028902e-13 5.178900e-12
926 1.326000 0.010000 82 8.762783e-13 5.133692e-12
927 1.327000 0.010000 81 9.759126e-13 5.101623e-12
928 1.328000 0.010000 81 7.865704e-13 4.929391e-12
929 1.329000 0.010000 80 8.923738e-13 4.913877e-12
930 1.330000 0.010000 79 9.956501e-13 4.925477e-12
931 1.331000 0.010000 79 8.108180e-13 4.753561e-12
932 1.332000 0.010000 78 9.408373e-13 4.762540e-12
933 1.333000 0.010000 78 7.706075e-13 4.606210e-12
934 1.334000 0.010000 77 9.008077e-13 4.633619e-12
935 1.335000 0.010000 77 7.420034e-13 4.486428e-12
936 1.336000 0.010000 76 8.610030e-13 4.497541e-12
937 1.337000 0.010000 75 9.957244e-13 4.556692e-12
938 1.338000 0.010000 75 8.277925e-13 4.392520e-12
939 1.339000 0.010000 74 9.874578e-13 4.456317e-12
940 1.340000 0.010000 74 8.251319e-13 4.296058e-12
941 1.341000 0.010000 73 9.892035e-13 4.362103e-12
942 1.342000 0.010000 73 8.307385e-13 4.204403e-12
943 1.343000 0.010000 72 9.856606e-13 4.282961e-12
944 1.344000 0.010000 72 8.316645e-13 4.126213e-12
945 1.345000 0.010000 72 7.025209e-13 3.999478e-12
946 1.346000 0.010000 71 8.538421e-13 4.055288e-12
947 1.347000 0.010000 71 7.244694e-13 3.928492e-12
948 1.348000 0.010000 70 9.127818e-13 4.031134e-12
949 1.349000 0.010000 70 7.779928e-13 3.893375e-12
950 1.350000 0.010000 69 9.542577e-13 3.986525e-12
951 1.351000 0.010000 69 8.168287e-13 3.843860e-12
952 1.352000 0.010000 69 6.998584e-13 3.726738e-12
953 1.353000 0.010000 68 8.648266e-13 3.811827e-12
954 1.354000 0.010000 68 7.439393e-13 3.687842e-12
955 1.355000 0.010000 67 9.611427e-13 3.820581e-12
956 1.356000 0.010000 67 8.300743e-13 3.682542e-12
957 1.357000 0.010000 67 7.174898e-13 3.568380e-12
958 1.358000 0.010000 66 9.353223e-13 3.699841e-12
959 1.359000 0.010000 66 8.116293e-13 3.568757e-12
960 1.360000 0.010000 66 7.048568e-13 3.460044e-12
961 1.361000 0.010000 65 9.104316e-13 3.551871e-12
962 1.362000 0.010000 65 7.935512e-13 3.433045e-12
963 1.363000 0.010000 65 6.921949e-13 3.334048e-12
964 1.364000 0.010000 64 9.159233e-13 3.493100e-12
965 1.365000 0.010000 64 8.018139e-13 3.372639e-12
966 1.366000 0.010000 64 7.024156e-13 3.271904e-12
967 1.367000 0.010000 63 9.308050e-13 3.420278e-12
968 1.368000 0.010000 63 8.182582e-13 3.301156e-12
969 1.369000 0.010000 63 7.197971e-13 3.201170e-12
970 1.370000 0.010000 62 9.596556e-13 3.390438e-12
971 1.371000 0.010000 62 8.470561e-13 3.265979e-12
972 1.372000 0.010000 62 7.481358e-13 3.161188e-12
973 1.373000 0.010000 61 9.991073e-13 3.335981e-12
974 1.374000 0.010000 61 8.852648e-13 3.209638e-12
975 1.375000 0.010000 61 7.848572e-13 3.103043e-12
976 1.376000 0.010000 61 6.962434e-13 3.012789e-12
977 1.377000 0.010000 60 9.472843e-13 3.199905e-12
978 1.378000 0.010000 60 8.429219e-13 3.085020e-12
979 1.379000 0.010000 60 7.504706e-13 2.987610e-12
980 1.380000 0.010000 60 6.685228e-13 2.904611e-12
981 1.381000 0.010000 59 9.292267e-13 3.073055e-12
982 1.382000 0.010000 59 8.301736e-13 2.966675e-12
983 1.383000 0.010000 59 7.420612e-13 2.876157e-12
984 1.384000 0.010000 59 6.636381e-13 2.798837e-12
985 1.385000 0.010000 58 9.496092e-13 3.012879e-12
986 1.386000 0.010000 58 8.517292e-13 2.905974e-12
987 1.387000 0.010000 58 7.643058e-13 2.814703e-12
988 1.388000 0.010000 58 6.861819e-13 2.736502e-12
989 1.389000 0.010000 57 9.763738e-13 2.967657e-12
990 1.390000 0.010000 57 8.789771e-13 2.858459e-12
991 1.391000 0.010000 57 7.916531e-13 2.764868e-12
992 1.392000 0.010000 57 7.133223e-13 2.684466e-12
993 1.393000 0.010000 57 6.430251e-13 2.615179e-12
994 1.394000 0.010000 56 9.339665e-13 2.866568e-12
995 1.395000 0.010000 56 8.441368e-13 2.765892e-12
996 1.396000 0.010000 56 7.632660e-13 2.678949e-12
997 1.397000 0.010000 56 6.904282e-13 2.603594e-12
998 1.398000 0.010000 56 6.247963e-13 2.538158e-12
999 1.399000 0.010000 55 9.300696e-13 2.811373e-12
1000 1.400000 0.010000 55 8.438484e-13 2.711843e-12
