# Generalizd shifted MINRES method
# A = /home/u11674/DATA/VCNT10800h_A.csr
# B = /home/u11674/DATA/VCNT10800h_B.csr
# inner=1.000000e-08, outer=1.000000e-12
# status=-19193, time=1569
# converged 1001 / 1001
0 0.400000 0.001000 8822 9.977965e-13 1.379161e-08
1 0.401000 0.001000 8616 9.946682e-13 1.440056e-08
2 0.402000 0.001000 8699 9.935737e-13 1.578328e-08
3 0.403000 0.001000 8902 9.991303e-13 1.586589e-08
4 0.404000 0.001000 9036 9.983545e-13 1.563051e-08
5 0.405000 0.001000 8949 9.985364e-13 1.472901e-08
6 0.406000 0.001000 8910 9.989887e-13 1.469410e-08
7 0.407000 0.001000 8918 9.950999e-13 1.376974e-08
8 0.408000 0.001000 8985 9.865464e-13 1.347985e-08
9 0.409000 0.001000 9188 9.973437e-13 1.458603e-08
10 0.410000 0.001000 9611 9.959031e-13 1.777647e-08
11 0.411000 0.001000 9896 9.934903e-13 1.975551e-08
12 0.412000 0.001000 9922 9.988191e-13 1.916446e-08
13 0.413000 0.001000 9972 9.946973e-13 2.140064e-08
14 0.414000 0.001000 10000 9.911362e-13 2.202630e-08
15 0.415000 0.001000 9969 9.955722e-13 2.165276e-08
16 0.416000 0.001000 9953 9.967706e-13 1.998897e-08
17 0.417000 0.001000 9927 9.914592e-13 2.023886e-08
18 0.418000 0.001000 9804 9.944801e-13 2.179266e-08
19 0.419000 0.001000 9771 9.977369e-13 2.189634e-08
20 0.420000 0.001000 9512 9.980012e-13 1.999421e-08
21 0.421000 0.001000 9282 9.888131e-13 2.037085e-08
22 0.422000 0.001000 9121 9.887811e-13 2.027029e-08
23 0.423000 0.001000 9130 9.938416e-13 2.004454e-08
24 0.424000 0.001000 9260 9.999919e-13 2.113597e-08
25 0.425000 0.001000 9332 9.980635e-13 1.861123e-08
26 0.426000 0.001000 9278 9.990211e-13 1.727278e-08
27 0.427000 0.001000 9166 9.993720e-13 1.644515e-08
28 0.428000 0.001000 9262 9.996940e-13 1.722150e-08
29 0.429000 0.001000 9273 9.995469e-13 1.605631e-08
30 0.430000 0.001000 9268 9.994094e-13 1.550054e-08
31 0.431000 0.001000 9324 9.996126e-13 1.567571e-08
32 0.432000 0.001000 9551 9.964228e-13 1.662750e-08
33 0.433000 0.001000 9677 9.972796e-13 1.765542e-08
34 0.434000 0.001000 9734 9.990107e-13 1.717863e-08
35 0.435000 0.001000 9916 9.999954e-13 1.820147e-08
36 0.436000 0.001000 10137 9.972540e-13 1.917640e-08
37 0.437000 0.001000 10419 9.950028e-13 1.789611e-08
38 0.438000 0.001000 10578 9.961311e-13 1.752638e-08
39 0.439000 0.001000 10511 9.964864e-13 1.722437e-08
40 0.440000 0.001000 10357 9.959857e-13 1.757428e-08
41 0.441000 0.001000 10352 9.957611e-13 1.871121e-08
42 0.442000 0.001000 10357 9.995856e-13 1.987367e-08
43 0.443000 0.001000 10217 9.915171e-13 1.826723e-08
44 0.444000 0.001000 10154 9.911066e-13 1.746317e-08
45 0.445000 0.001000 10123 9.965059e-13 1.663219e-08
46 0.446000 0.001000 10089 9.986646e-13 1.663741e-08
47 0.447000 0.001000 10048 9.903135e-13 1.683666e-08
48 0.448000 0.001000 10013 9.988255e-13 1.831538e-08
49 0.449000 0.001000 9833 9.998135e-13 1.852031e-08
50 0.450000 0.001000 9528 9.995197e-13 1.520808e-08
51 0.451000 0.001000 9439 9.987246e-13 1.374629e-08
52 0.452000 0.001000 9408 9.989010e-13 1.426384e-08
53 0.453000 0.001000 9258 9.994596e-13 1.409031e-08
54 0.454000 0.001000 9175 9.914923e-13 1.448093e-08
55 0.455000 0.001000 9126 9.985185e-13 1.559857e-08
56 0.456000 0.001000 9059 9.799128e-13 1.545017e-08
57 0.457000 0.001000 9110 9.959778e-13 1.768048e-08
58 0.458000 0.001000 9163 9.924107e-13 1.895007e-08
59 0.459000 0.001000 9109 9.998845e-13 1.615529e-08
60 0.460000 0.001000 9155 9.957302e-13 1.555615e-08
61 0.461000 0.001000 9295 9.997609e-13 1.659514e-08
62 0.462000 0.001000 9266 9.931285e-13 1.695916e-08
63 0.463000 0.001000 9140 9.989968e-13 1.778461e-08
64 0.464000 0.001000 9346 9.988392e-13 1.878863e-08
65 0.465000 0.001000 9214 9.990986e-13 1.753953e-08
66 0.466000 0.001000 9106 9.993555e-13 1.659276e-08
67 0.467000 0.001000 9275 9.959908e-13 1.793290e-08
68 0.468000 0.001000 9372 9.942156e-13 1.667826e-08
69 0.469000 0.001000 9458 9.993661e-13 1.535543e-08
70 0.470000 0.001000 9499 9.923134e-13 1.656380e-08
71 0.471000 0.001000 9520 9.998487e-13 1.864558e-08
72 0.472000 0.001000 9779 9.966487e-13 1.934025e-08
73 0.473000 0.001000 10213 9.979652e-13 1.828891e-08
74 0.474000 0.001000 10458 9.909650e-13 1.803472e-08
75 0.475000 0.001000 10557 9.912442e-13 1.793831e-08
76 0.476000 0.001000 10643 9.953636e-13 1.845391e-08
77 0.477000 0.001000 10758 9.806880e-13 1.910069e-08
78 0.478000 0.001000 10867 9.896858e-13 2.016757e-08
79 0.479000 0.001000 10985 9.922761e-13 1.996908e-08
80 0.480000 0.001000 11060 9.788115e-13 2.051915e-08
81 0.481000 0.001000 11117 9.907116e-13 1.980296e-08
82 0.482000 0.001000 11114 9.987869e-13 1.897912e-08
83 0.483000 0.001000 11122 9.956411e-13 1.841779e-08
84 0.484000 0.001000 11173 9.910216e-13 1.842569e-08
85 0.485000 0.001000 11217 9.899818e-13 1.864655e-08
86 0.486000 0.001000 11230 9.828974e-13 2.003093e-08
87 0.487000 0.001000 11204 9.991391e-13 1.924959e-08
88 0.488000 0.001000 11168 9.861126e-13 1.765495e-08
89 0.489000 0.001000 11163 9.991378e-13 1.799155e-08
90 0.490000 0.001000 11146 9.998940e-13 1.725004e-08
91 0.491000 0.001000 11138 9.819616e-13 1.753763e-08
92 0.492000 0.001000 11175 9.768749e-13 1.967611e-08
93 0.493000 0.001000 11220 9.941586e-13 1.988696e-08
94 0.494000 0.001000 11225 9.946087e-13 1.940962e-08
95 0.495000 0.001000 11245 9.965757e-13 1.879472e-08
96 0.496000 0.001000 11283 9.891030e-13 1.817665e-08
97 0.497000 0.001000 11298 9.974316e-13 1.813357e-08
98 0.498000 0.001000 11283 9.952257e-13 1.789559e-08
99 0.499000 0.001000 11230 9.913607e-13 1.773158e-08
100 0.500000 0.001000 11085 9.927487e-13 1.936187e-08
101 0.501000 0.001000 10933 9.955345e-13 2.108294e-08
102 0.502000 0.001000 10801 9.865059e-13 2.106022e-08
103 0.503000 0.001000 10518 9.906040e-13 2.134893e-08
104 0.504000 0.001000 9835 9.987541e-13 2.147872e-08
105 0.505000 0.001000 9191 9.951174e-13 1.787357e-08
106 0.506000 0.001000 8839 9.951683e-13 1.750356e-08
107 0.507000 0.001000 8357 9.988661e-13 1.676133e-08
108 0.508000 0.001000 7599 9.990094e-13 1.572639e-08
109 0.509000 0.001000 7007 9.977069e-13 1.476011e-08
110 0.510000 0.001000 6308 9.838962e-13 1.284717e-08
111 0.511000 0.001000 5728 9.828227e-13 1.215208e-08
112 0.512000 0.001000 5581 9.923349e-13 1.201518e-08
113 0.513000 0.001000 5473 9.818250e-13 1.124302e-08
114 0.514000 0.001000 5332 9.994109e-13 1.107007e-08
115 0.515000 0.001000 5092 9.958172e-13 1.132897e-08
116 0.516000 0.001000 4455 9.961425e-13 1.096983e-08
117 0.517000 0.001000 4169 9.996454e-13 1.042926e-08
118 0.518000 0.001000 4005 9.774480e-13 1.017468e-08
119 0.519000 0.001000 4026 9.901169e-13 1.026225e-08
120 0.520000 0.001000 4169 9.919602e-13 1.079593e-08
121 0.521000 0.001000 4186 9.781098e-13 1.117325e-08
122 0.522000 0.001000 4101 9.983938e-13 1.139801e-08
123 0.523000 0.001000 3977 9.871567e-13 1.122336e-08
124 0.524000 0.001000 3843 9.831485e-13 1.055054e-08
125 0.525000 0.001000 3785 9.962538e-13 1.020519e-08
126 0.526000 0.001000 3788 9.790257e-13 1.047400e-08
127 0.527000 0.001000 3836 9.979362e-13 1.141697e-08
128 0.528000 0.001000 3880 9.790176e-13 1.185167e-08
129 0.529000 0.001000 3861 9.883735e-13 1.136395e-08
130 0.530000 0.001000 3830 9.826365e-13 1.112949e-08
131 0.531000 0.001000 3792 9.985816e-13 1.131859e-08
132 0.532000 0.001000 3742 9.951694e-13 1.102265e-08
133 0.533000 0.001000 3704 9.949104e-13 1.081550e-08
134 0.534000 0.001000 3718 9.644756e-13 1.156485e-08
135 0.535000 0.001000 3747 9.743388e-13 1.246309e-08
136 0.536000 0.001000 3758 9.893054e-13 1.188907e-08
137 0.537000 0.001000 3753 9.927733e-13 1.132612e-08
138 0.538000 0.001000 3734 9.432446e-13 1.082404e-08
139 0.539000 0.001000 3681 9.884552e-13 1.026770e-08
140 0.540000 0.001000 3505 9.932288e-13 9.964382e-09
141 0.541000 0.001000 3200 9.932626e-13 9.897121e-09
142 0.542000 0.001000 3201 9.998005e-13 9.922681e-09
143 0.543000 0.001000 3393 9.991300e-13 1.005051e-08
144 0.544000 0.001000 3686 9.859896e-13 1.031161e-08
145 0.545000 0.001000 3682 9.832017e-13 1.039012e-08
146 0.546000 0.001000 3668 9.802986e-13 1.057786e-08
147 0.547000 0.001000 3613 9.998996e-13 1.046384e-08
148 0.548000 0.001000 3407 9.951015e-13 1.037109e-08
149 0.549000 0.001000 3139 9.923705e-13 1.024614e-08
150 0.550000 0.001000 3080 9.961823e-13 1.030457e-08
151 0.551000 0.001000 3118 9.877797e-13 1.053458e-08
152 0.552000 0.001000 3484 9.945096e-13 1.109797e-08
153 0.553000 0.001000 3716 9.685564e-13 1.193131e-08
154 0.554000 0.001000 3721 9.514660e-13 1.301726e-08
155 0.555000 0.001000 3677 9.930772e-13 1.351874e-08
156 0.556000 0.001000 3284 9.984193e-13 1.193717e-08
157 0.557000 0.001000 3102 9.882706e-13 1.115906e-08
158 0.558000 0.001000 3097 9.996855e-13 1.114620e-08
159 0.559000 0.001000 3194 9.944249e-13 1.184202e-08
160 0.560000 0.001000 3502 9.867609e-13 1.325414e-08
161 0.561000 0.001000 3650 9.835575e-13 1.284917e-08
162 0.562000 0.001000 3703 9.882047e-13 1.326364e-08
163 0.563000 0.001000 3718 9.746463e-13 1.339005e-08
164 0.564000 0.001000 3687 9.983041e-13 1.256753e-08
165 0.565000 0.001000 3521 9.897445e-13 1.171410e-08
166 0.566000 0.001000 3482 9.938057e-13 1.208495e-08
167 0.567000 0.001000 3513 9.866286e-13 1.312156e-08
168 0.568000 0.001000 3495 9.795355e-13 1.239056e-08
169 0.569000 0.001000 3492 9.912561e-13 1.228548e-08
170 0.570000 0.001000 3364 9.998235e-13 1.151757e-08
171 0.571000 0.001000 3301 9.985102e-13 1.124838e-08
172 0.572000 0.001000 3569 9.981527e-13 1.151244e-08
173 0.573000 0.001000 3763 9.981839e-13 1.236406e-08
174 0.574000 0.001000 3810 9.975572e-13 1.298635e-08
175 0.575000 0.001000 3645 9.995896e-13 1.209319e-08
176 0.576000 0.001000 3384 9.999747e-13 1.130294e-08
177 0.577000 0.001000 3206 9.997452e-13 1.107270e-08
178 0.578000 0.001000 3376 9.992724e-13 1.107931e-08
179 0.579000 0.001000 3677 9.994324e-13 1.127673e-08
180 0.580000 0.001000 3798 9.994402e-13 1.171255e-08
181 0.581000 0.001000 3933 9.590775e-13 1.244624e-08
182 0.582000 0.001000 3982 9.883026e-13 1.367970e-08
183 0.583000 0.001000 4027 9.916947e-13 1.459927e-08
184 0.584000 0.001000 4038 9.834045e-13 1.354132e-08
185 0.585000 0.001000 4038 9.752772e-13 1.226110e-08
186 0.586000 0.001000 4094 9.689774e-13 1.194652e-08
187 0.587000 0.001000 4097 9.905054e-13 1.183161e-08
188 0.588000 0.001000 4051 9.982423e-13 1.173099e-08
189 0.589000 0.001000 4076 9.896858e-13 1.180602e-08
190 0.590000 0.001000 4246 9.994157e-13 1.200435e-08
191 0.591000 0.001000 4405 9.867678e-13 1.221148e-08
192 0.592000 0.001000 4728 9.928494e-13 1.274891e-08
193 0.593000 0.001000 5052 9.889188e-13 1.357500e-08
194 0.594000 0.001000 5207 9.741472e-13 1.465322e-08
195 0.595000 0.001000 5477 9.978234e-13 1.672673e-08
196 0.596000 0.001000 5669 9.871470e-13 1.627418e-08
197 0.597000 0.001000 6128 9.980022e-13 1.613371e-08
198 0.598000 0.001000 6401 9.958630e-13 1.674128e-08
199 0.599000 0.001000 6783 9.981260e-13 1.846340e-08
200 0.600000 0.001000 7245 9.971221e-13 2.016862e-08
201 0.601000 0.001000 7476 9.966989e-13 2.009683e-08
202 0.602000 0.001000 7509 9.985185e-13 1.902491e-08
203 0.603000 0.001000 7609 9.997740e-13 1.862400e-08
204 0.604000 0.001000 7738 9.981630e-13 1.973695e-08
205 0.605000 0.001000 7685 9.994998e-13 1.928002e-08
206 0.606000 0.001000 7629 9.903212e-13 1.904090e-08
207 0.607000 0.001000 7735 9.997377e-13 1.970274e-08
208 0.608000 0.001000 8024 9.989945e-13 2.101139e-08
209 0.609000 0.001000 8501 9.985684e-13 2.375399e-08
210 0.610000 0.001000 8793 9.995704e-13 2.642488e-08
211 0.611000 0.001000 9005 9.998204e-13 2.669038e-08
212 0.612000 0.001000 8891 9.984968e-13 2.704737e-08
213 0.613000 0.001000 8748 9.955263e-13 2.769618e-08
214 0.614000 0.001000 8751 9.952644e-13 2.808387e-08
215 0.615000 0.001000 9014 9.974616e-13 2.753101e-08
216 0.616000 0.001000 9160 9.949091e-13 2.830310e-08
217 0.617000 0.001000 9261 9.996589e-13 3.015923e-08
218 0.618000 0.001000 9284 9.993183e-13 3.212124e-08
219 0.619000 0.001000 9105 9.984297e-13 3.247619e-08
220 0.620000 0.001000 9003 9.945869e-13 3.460739e-08
221 0.621000 0.001000 9219 9.989687e-13 4.237391e-08
222 0.622000 0.001000 9282 9.995751e-13 4.163975e-08
223 0.623000 0.001000 8907 9.990875e-13 3.845479e-08
224 0.624000 0.001000 8874 9.987234e-13 3.401523e-08
225 0.625000 0.001000 9039 9.987638e-13 3.233437e-08
226 0.626000 0.001000 9178 9.994663e-13 3.165139e-08
227 0.627000 0.001000 9241 9.999891e-13 3.268991e-08
228 0.628000 0.001000 9271 9.992763e-13 3.293652e-08
229 0.629000 0.001000 9188 9.996326e-13 3.381010e-08
230 0.630000 0.001000 9056 9.991727e-13 2.869616e-08
231 0.631000 0.001000 9145 9.990965e-13 2.639600e-08
232 0.632000 0.001000 9236 9.941505e-13 2.604752e-08
233 0.633000 0.001000 9363 9.977268e-13 2.680252e-08
234 0.634000 0.001000 9550 9.988705e-13 2.657094e-08
235 0.635000 0.001000 9980 9.970047e-13 2.856163e-08
236 0.636000 0.001000 10674 9.992405e-13 3.190611e-08
237 0.637000 0.001000 11041 9.970687e-13 3.809225e-08
238 0.638000 0.001000 11278 9.948634e-13 4.111417e-08
239 0.639000 0.001000 11522 9.981970e-13 4.156261e-08
240 0.640000 0.001000 11701 9.929145e-13 4.455673e-08
241 0.641000 0.001000 11782 9.985433e-13 4.258251e-08
242 0.642000 0.001000 11956 9.998659e-13 4.367551e-08
243 0.643000 0.001000 12302 9.930414e-13 4.895870e-08
244 0.644000 0.001000 12695 9.853709e-13 5.572241e-08
245 0.645000 0.001000 12875 9.937193e-13 5.897579e-08
246 0.646000 0.001000 12906 9.881150e-13 6.398689e-08
247 0.647000 0.001000 12929 9.914153e-13 6.953865e-08
248 0.648000 0.001000 12986 9.962046e-13 7.177104e-08
249 0.649000 0.001000 13060 9.991204e-13 7.986854e-08
250 0.650000 0.001000 13168 9.955697e-13 8.457653e-08
251 0.651000 0.001000 13297 9.943083e-13 9.196430e-08
252 0.652000 0.001000 13385 9.972774e-13 1.002116e-07
253 0.653000 0.001000 13409 9.997033e-13 9.422384e-08
254 0.654000 0.001000 13442 9.986530e-13 9.768585e-08
255 0.655000 0.001000 13568 9.870621e-13 9.978997e-08
256 0.656000 0.001000 13683 9.936534e-13 1.005203e-07
257 0.657000 0.001000 13888 9.970503e-13 1.046207e-07
258 0.658000 0.001000 14067 9.974313e-13 1.071869e-07
259 0.659000 0.001000 14234 9.967116e-13 1.113296e-07
260 0.660000 0.001000 14357 9.924429e-13 1.057721e-07
261 0.661000 0.001000 14412 9.872812e-13 1.134817e-07
262 0.662000 0.001000 14424 9.901469e-13 1.244176e-07
263 0.663000 0.001000 14364 9.954566e-13 1.260419e-07
264 0.664000 0.001000 14188 9.955519e-13 1.142117e-07
265 0.665000 0.001000 14104 9.847966e-13 1.099691e-07
266 0.666000 0.001000 14064 9.969677e-13 1.102369e-07
267 0.667000 0.001000 14039 9.962446e-13 1.148070e-07
268 0.668000 0.001000 13969 9.994853e-13 1.048245e-07
269 0.669000 0.001000 13799 9.955557e-13 1.056428e-07
270 0.670000 0.001000 13669 9.934880e-13 1.168887e-07
271 0.671000 0.001000 13606 9.774458e-13 1.290819e-07
272 0.672000 0.001000 13606 9.903446e-13 1.260163e-07
273 0.673000 0.001000 13551 9.928245e-13 1.100790e-07
274 0.674000 0.001000 13494 9.982968e-13 9.356251e-08
275 0.675000 0.001000 13449 9.966654e-13 8.937202e-08
276 0.676000 0.001000 13394 9.939460e-13 8.739642e-08
277 0.677000 0.001000 13340 9.944642e-13 7.912615e-08
278 0.678000 0.001000 13172 9.971053e-13 6.936029e-08
279 0.679000 0.001000 13049 9.975883e-13 6.741355e-08
280 0.680000 0.001000 13015 9.971624e-13 7.812453e-08
281 0.681000 0.001000 12981 9.986657e-13 8.643798e-08
282 0.682000 0.001000 12893 9.980991e-13 8.660212e-08
283 0.683000 0.001000 12890 9.955692e-13 9.773123e-08
284 0.684000 0.001000 12866 9.918135e-13 9.830433e-08
285 0.685000 0.001000 12843 9.944147e-13 9.558350e-08
286 0.686000 0.001000 12787 9.837439e-13 9.182139e-08
287 0.687000 0.001000 12595 9.979042e-13 9.522842e-08
288 0.688000 0.001000 12501 9.999236e-13 9.503985e-08
289 0.689000 0.001000 12498 9.966471e-13 9.570000e-08
290 0.690000 0.001000 12547 9.891945e-13 1.012827e-07
291 0.691000 0.001000 12741 9.956682e-13 1.136937e-07
292 0.692000 0.001000 12826 9.885576e-13 1.333914e-07
293 0.693000 0.001000 12894 9.956920e-13 1.295941e-07
294 0.694000 0.001000 12995 9.778286e-13 1.376675e-07
295 0.695000 0.001000 13067 9.953738e-13 1.531821e-07
296 0.696000 0.001000 13058 9.925855e-13 1.659030e-07
297 0.697000 0.001000 13091 9.989521e-13 1.966461e-07
298 0.698000 0.001000 13197 9.984708e-13 2.124972e-07
299 0.699000 0.001000 13444 9.950873e-13 2.221267e-07
300 0.700000 0.001000 13924 9.942627e-13 2.433427e-07
301 0.701000 0.001000 14188 9.996139e-13 2.910716e-07
302 0.702000 0.001000 14325 9.962888e-13 3.235203e-07
303 0.703000 0.001000 14407 9.919027e-13 2.921866e-07
304 0.704000 0.001000 14377 9.988230e-13 2.536360e-07
305 0.705000 0.001000 14361 9.929988e-13 2.189778e-07
306 0.706000 0.001000 14378 9.928581e-13 1.980368e-07
307 0.707000 0.001000 14358 9.917852e-13 1.846882e-07
308 0.708000 0.001000 14328 9.753157e-13 1.795624e-07
309 0.709000 0.001000 14292 9.966465e-13 1.578583e-07
310 0.710000 0.001000 14261 9.912144e-13 1.397169e-07
311 0.711000 0.001000 14300 9.748496e-13 1.367654e-07
312 0.712000 0.001000 14388 9.876400e-13 1.373178e-07
313 0.713000 0.001000 14476 9.927761e-13 1.272349e-07
314 0.714000 0.001000 14655 9.950269e-13 1.222504e-07
315 0.715000 0.001000 14701 9.839195e-13 1.153333e-07
316 0.716000 0.001000 14711 9.972216e-13 1.051990e-07
317 0.717000 0.001000 14711 9.916884e-13 9.833871e-08
318 0.718000 0.001000 14711 9.833202e-13 1.038782e-07
319 0.719000 0.001000 14698 9.912277e-13 1.056737e-07
320 0.720000 0.001000 14696 9.982556e-13 9.535592e-08
321 0.721000 0.001000 14729 9.779276e-13 9.461983e-08
322 0.722000 0.001000 14790 9.867683e-13 9.039751e-08
323 0.723000 0.001000 14847 9.986668e-13 8.939996e-08
324 0.724000 0.001000 14895 9.940062e-13 9.828619e-08
325 0.725000 0.001000 14979 9.821718e-13 9.949315e-08
326 0.726000 0.001000 15020 9.997639e-13 8.628689e-08
327 0.727000 0.001000 15108 9.885979e-13 7.516900e-08
328 0.728000 0.001000 15239 9.988535e-13 7.015387e-08
329 0.729000 0.001000 15382 9.975394e-13 7.016804e-08
330 0.730000 0.001000 15533 9.974337e-13 7.308810e-08
331 0.731000 0.001000 15596 9.988217e-13 7.575741e-08
332 0.732000 0.001000 15671 9.916627e-13 7.532180e-08
333 0.733000 0.001000 15691 9.949535e-13 7.301221e-08
334 0.734000 0.001000 15742 9.962434e-13 7.268108e-08
335 0.735000 0.001000 15812 9.999126e-13 6.898615e-08
336 0.736000 0.001000 16227 9.931800e-13 6.945546e-08
337 0.737000 0.001000 16229 9.999106e-13 7.038211e-08
338 0.738000 0.001000 16061 9.992758e-13 7.186087e-08
339 0.739000 0.001000 15724 9.901982e-13 6.619043e-08
340 0.740000 0.001000 15548 9.920881e-13 6.255050e-08
341 0.741000 0.001000 15286 9.900294e-13 6.190251e-08
342 0.742000 0.001000 15169 9.949319e-13 6.195593e-08
343 0.743000 0.001000 15136 9.982185e-13 6.101129e-08
344 0.744000 0.001000 14965 9.898535e-13 5.895651e-08
345 0.745000 0.001000 14657 9.995997e-13 5.258136e-08
346 0.746000 0.001000 14421 9.963428e-13 4.968070e-08
347 0.747000 0.001000 14112 9.999177e-13 4.827380e-08
348 0.748000 0.001000 13906 9.851774e-13 4.622646e-08
349 0.749000 0.001000 13772 9.889872e-13 4.367144e-08
350 0.750000 0.001000 13740 9.852241e-13 4.630592e-08
351 0.751000 0.001000 13656 9.811489e-13 4.876508e-08
352 0.752000 0.001000 13484 9.981475e-13 4.739220e-08
353 0.753000 0.001000 13327 9.915091e-13 4.562872e-08
354 0.754000 0.001000 13226 9.989007e-13 4.520494e-08
355 0.755000 0.001000 13010 9.975577e-13 4.702716e-08
356 0.756000 0.001000 12483 9.997288e-13 4.615995e-08
357 0.757000 0.001000 11678 9.983677e-13 4.319791e-08
358 0.758000 0.001000 10642 9.990602e-13 4.152367e-08
359 0.759000 0.001000 10008 9.995926e-13 4.079309e-08
360 0.760000 0.001000 9573 9.984338e-13 3.813749e-08
361 0.761000 0.001000 9535 9.994917e-13 3.849683e-08
362 0.762000 0.001000 9701 9.977744e-13 4.047618e-08
363 0.763000 0.001000 9777 9.988836e-13 4.111987e-08
364 0.764000 0.001000 9513 9.995796e-13 3.528293e-08
365 0.765000 0.001000 9572 9.990189e-13 3.296272e-08
366 0.766000 0.001000 10179 9.991002e-13 3.314944e-08
367 0.767000 0.001000 10902 9.984296e-13 3.399347e-08
368 0.768000 0.001000 11641 9.995744e-13 3.735314e-08
369 0.769000 0.001000 12560 9.966496e-13 4.258311e-08
370 0.770000 0.001000 13660 9.983631e-13 4.416437e-08
371 0.771000 0.001000 14784 9.998485e-13 4.624265e-08
372 0.772000 0.001000 15476 9.995378e-13 4.988871e-08
373 0.773000 0.001000 15886 9.984668e-13 5.185692e-08
374 0.774000 0.001000 16697 9.987654e-13 5.203229e-08
375 0.775000 0.001000 17048 9.979140e-13 5.435644e-08
376 0.776000 0.001000 17550 9.996323e-13 5.458195e-08
377 0.777000 0.001000 17986 9.967048e-13 5.280725e-08
378 0.778000 0.001000 18350 9.951585e-13 5.429839e-08
379 0.779000 0.001000 18696 9.990151e-13 5.670404e-08
380 0.780000 0.001000 18914 9.992870e-13 6.066975e-08
381 0.781000 0.001000 19014 9.995015e-13 6.379340e-08
382 0.782000 0.001000 19008 9.991165e-13 6.367967e-08
383 0.783000 0.001000 18998 9.996707e-13 6.659920e-08
384 0.784000 0.001000 18906 9.985709e-13 6.903026e-08
385 0.785000 0.001000 18804 9.952010e-13 6.248595e-08
386 0.786000 0.001000 18535 9.994591e-13 6.023120e-08
387 0.787000 0.001000 18729 9.984418e-13 5.884010e-08
388 0.788000 0.001000 18824 9.989098e-13 5.962300e-08
389 0.789000 0.001000 18731 9.994258e-13 5.882966e-08
390 0.790000 0.001000 18586 9.999991e-13 5.992846e-08
391 0.791000 0.001000 18448 9.998744e-13 6.682595e-08
392 0.792000 0.001000 18220 9.972400e-13 6.912821e-08
393 0.793000 0.001000 17940 9.975227e-13 6.929486e-08
394 0.794000 0.001000 17563 9.985263e-13 7.247091e-08
395 0.795000 0.001000 16954 9.989015e-13 7.577636e-08
396 0.796000 0.001000 16609 9.988916e-13 7.260452e-08
397 0.797000 0.001000 16151 9.951458e-13 6.950591e-08
398 0.798000 0.001000 15486 9.965610e-13 7.099919e-08
399 0.799000 0.001000 14619 9.998272e-13 7.609321e-08
400 0.800000 0.001000 13939 9.995638e-13 7.194826e-08
401 0.801000 0.001000 13317 9.885188e-13 7.074727e-08
402 0.802000 0.001000 12898 9.996571e-13 7.184123e-08
403 0.803000 0.001000 12745 9.981370e-13 7.817759e-08
404 0.804000 0.001000 12628 9.899502e-13 7.808955e-08
405 0.805000 0.001000 12648 9.854367e-13 7.834833e-08
406 0.806000 0.001000 12704 9.992104e-13 7.573924e-08
407 0.807000 0.001000 12727 9.991784e-13 7.599169e-08
408 0.808000 0.001000 12741 9.851795e-13 7.768669e-08
409 0.809000 0.001000 12701 9.976898e-13 8.436546e-08
410 0.810000 0.001000 12712 9.865926e-13 9.472355e-08
411 0.811000 0.001000 12859 9.876549e-13 9.777802e-08
412 0.812000 0.001000 13129 9.996627e-13 1.001671e-07
413 0.813000 0.001000 13293 9.997877e-13 9.973357e-08
414 0.814000 0.001000 13575 9.955415e-13 1.122599e-07
415 0.815000 0.001000 13864 9.984641e-13 1.329529e-07
416 0.816000 0.001000 13863 9.892664e-13 1.265535e-07
417 0.817000 0.001000 13925 9.960951e-13 1.192020e-07
418 0.818000 0.001000 14054 9.909881e-13 1.228044e-07
419 0.819000 0.001000 14143 9.995258e-13 1.183807e-07
420 0.820000 0.001000 14199 9.985160e-13 1.238654e-07
421 0.821000 0.001000 14345 9.961104e-13 1.300615e-07
422 0.822000 0.001000 14496 9.985584e-13 1.462556e-07
423 0.823000 0.001000 14653 9.998677e-13 1.643833e-07
424 0.824000 0.001000 14830 9.991445e-13 1.594642e-07
425 0.825000 0.001000 15162 9.982066e-13 1.682706e-07
426 0.826000 0.001000 15405 9.991590e-13 1.737132e-07
427 0.827000 0.001000 15733 9.923539e-13 1.800788e-07
428 0.828000 0.001000 16111 9.979421e-13 1.926762e-07
429 0.829000 0.001000 16651 9.999097e-13 1.935963e-07
430 0.830000 0.001000 17290 9.999826e-13 2.202055e-07
431 0.831000 0.001000 17833 9.991056e-13 2.277684e-07
432 0.832000 0.001000 18184 9.992646e-13 2.373154e-07
433 0.833000 0.001000 18370 9.972566e-13 2.419310e-07
434 0.834000 0.001000 18719 9.993422e-13 2.663706e-07
435 0.835000 0.001000 19013 9.998281e-13 3.064205e-07
436 0.836000 0.001000 19154 9.997945e-13 3.411035e-07
437 0.837000 0.001000 19193 9.985844e-13 3.689029e-07
438 0.838000 0.001000 18923 9.995773e-13 3.760777e-07
439 0.839000 0.001000 18637 9.976119e-13 4.044691e-07
440 0.840000 0.001000 18495 9.966243e-13 4.419008e-07
441 0.841000 0.001000 17958 9.980550e-13 4.762330e-07
442 0.842000 0.001000 17390 9.941543e-13 5.005792e-07
443 0.843000 0.001000 17026 9.967105e-13 5.670461e-07
444 0.844000 0.001000 16622 9.984478e-13 7.180311e-07
445 0.845000 0.001000 16280 9.987078e-13 8.963536e-07
446 0.846000 0.001000 16148 9.981401e-13 9.900090e-07
447 0.847000 0.001000 15811 9.977763e-13 1.061052e-06
448 0.848000 0.001000 15582 9.973491e-13 1.276787e-06
449 0.849000 0.001000 15281 9.989724e-13 1.382345e-06
450 0.850000 0.001000 14790 9.934459e-13 1.146690e-06
451 0.851000 0.001000 13942 9.999933e-13 9.408785e-07
452 0.852000 0.001000 13315 9.960132e-13 7.479051e-07
453 0.853000 0.001000 12139 9.986372e-13 5.806808e-07
454 0.854000 0.001000 11403 9.984616e-13 4.438836e-07
455 0.855000 0.001000 10871 9.997636e-13 3.621299e-07
456 0.856000 0.001000 10541 9.986511e-13 3.171244e-07
457 0.857000 0.001000 10320 9.984877e-13 2.843894e-07
458 0.858000 0.001000 10422 9.995655e-13 2.770519e-07
459 0.859000 0.001000 10220 9.988889e-13 2.549165e-07
460 0.860000 0.001000 10201 9.988434e-13 2.295752e-07
461 0.861000 0.001000 10111 9.987115e-13 2.105633e-07
462 0.862000 0.001000 9994 9.989911e-13 1.966279e-07
463 0.863000 0.001000 9879 9.990199e-13 1.874534e-07
464 0.864000 0.001000 9885 9.990627e-13 1.891962e-07
465 0.865000 0.001000 9691 9.999506e-13 1.889579e-07
466 0.866000 0.001000 9428 9.986866e-13 1.822039e-07
467 0.867000 0.001000 8941 9.981724e-13 1.825132e-07
468 0.868000 0.001000 8774 9.897872e-13 1.605991e-07
469 0.869000 0.001000 8962 9.992359e-13 1.465338e-07
470 0.870000 0.001000 9197 9.978738e-13 1.452269e-07
471 0.871000 0.001000 9403 9.974487e-13 1.410370e-07
472 0.872000 0.001000 9529 9.954150e-13 1.459025e-07
473 0.873000 0.001000 9689 9.999532e-13 1.492562e-07
474 0.874000 0.001000 9777 9.994991e-13 1.683972e-07
475 0.875000 0.001000 10111 9.985401e-13 2.021944e-07
476 0.876000 0.001000 10372 9.951784e-13 2.528642e-07
477 0.877000 0.001000 10162 9.991905e-13 3.124883e-07
478 0.878000 0.001000 10009 9.997554e-13 3.051440e-07
479 0.879000 0.001000 9974 9.924707e-13 2.515457e-07
480 0.880000 0.001000 9823 9.998012e-13 2.017253e-07
481 0.881000 0.001000 9148 9.979990e-13 1.643436e-07
482 0.882000 0.001000 8677 9.987437e-13 1.330904e-07
483 0.883000 0.001000 8681 9.970588e-13 1.168474e-07
484 0.884000 0.001000 8677 9.969542e-13 1.023250e-07
485 0.885000 0.001000 8549 9.993352e-13 8.884390e-08
486 0.886000 0.001000 8727 9.992103e-13 8.367048e-08
487 0.887000 0.001000 9071 9.925415e-13 8.031291e-08
488 0.888000 0.001000 9087 9.968135e-13 7.584814e-08
489 0.889000 0.001000 8797 9.957368e-13 7.026457e-08
490 0.890000 0.001000 8382 9.994482e-13 6.491655e-08
491 0.891000 0.001000 8100 9.961255e-13 6.123288e-08
492 0.892000 0.001000 8195 9.909227e-13 6.038918e-08
493 0.893000 0.001000 8822 9.999020e-13 6.093951e-08
494 0.894000 0.001000 9455 9.890458e-13 5.980984e-08
495 0.895000 0.001000 9991 9.931796e-13 5.963187e-08
496 0.896000 0.001000 10267 9.997796e-13 5.950347e-08
497 0.897000 0.001000 10577 9.882668e-13 5.864403e-08
498 0.898000 0.001000 10690 9.997257e-13 5.807131e-08
499 0.899000 0.001000 10788 9.937251e-13 5.762632e-08
500 0.900000 0.001000 10937 9.955349e-13 5.293241e-08
501 0.901000 0.001000 11126 9.986556e-13 5.155419e-08
502 0.902000 0.001000 11412 9.993966e-13 5.179334e-08
503 0.903000 0.001000 11712 9.976559e-13 5.442836e-08
504 0.904000 0.001000 11913 9.985644e-13 5.745588e-08
505 0.905000 0.001000 12240 9.988962e-13 6.291235e-08
506 0.906000 0.001000 12746 9.971133e-13 6.710817e-08
507 0.907000 0.001000 13618 9.981866e-13 6.836819e-08
508 0.908000 0.001000 13828 9.995833e-13 6.577144e-08
509 0.909000 0.001000 13611 9.996623e-13 6.299699e-08
510 0.910000 0.001000 12533 9.992175e-13 6.470293e-08
511 0.911000 0.001000 11680 9.994847e-13 6.150579e-08
512 0.912000 0.001000 11230 9.924197e-13 5.801304e-08
513 0.913000 0.001000 10704 9.968244e-13 5.448788e-08
514 0.914000 0.001000 9936 9.993187e-13 4.977502e-08
515 0.915000 0.001000 9261 9.995504e-13 4.569500e-08
516 0.916000 0.001000 8636 9.985684e-13 4.465474e-08
517 0.917000 0.001000 8019 9.985051e-13 4.166088e-08
518 0.918000 0.001000 7805 9.993268e-13 4.096867e-08
519 0.919000 0.001000 7614 9.998085e-13 4.069686e-08
520 0.920000 0.001000 7247 9.997378e-13 4.015477e-08
521 0.921000 0.001000 7564 9.985788e-13 4.182086e-08
522 0.922000 0.001000 7909 9.994036e-13 4.220941e-08
523 0.923000 0.001000 8168 9.993680e-13 4.101306e-08
524 0.924000 0.001000 8161 9.968244e-13 4.034437e-08
525 0.925000 0.001000 7706 9.998844e-13 3.955755e-08
526 0.926000 0.001000 6895 9.997024e-13 3.716273e-08
527 0.927000 0.001000 6274 9.990030e-13 3.515834e-08
528 0.928000 0.001000 6126 9.946520e-13 3.573218e-08
529 0.929000 0.001000 6383 9.982483e-13 3.757956e-08
530 0.930000 0.001000 6730 9.962853e-13 3.723831e-08
531 0.931000 0.001000 6908 9.926519e-13 3.592247e-08
532 0.932000 0.001000 7041 9.977860e-13 3.518069e-08
533 0.933000 0.001000 7165 9.946598e-13 3.460389e-08
534 0.934000 0.001000 7276 9.949815e-13 3.482581e-08
535 0.935000 0.001000 7276 9.974555e-13 3.551475e-08
536 0.936000 0.001000 7110 9.947888e-13 3.392741e-08
537 0.937000 0.001000 7038 9.947742e-13 3.354601e-08
538 0.938000 0.001000 6970 9.976138e-13 3.290554e-08
539 0.939000 0.001000 6679 9.993743e-13 3.242457e-08
540 0.940000 0.001000 6267 9.989496e-13 3.231674e-08
541 0.941000 0.001000 5829 9.767152e-13 3.094275e-08
542 0.942000 0.001000 5640 9.891903e-13 2.965118e-08
543 0.943000 0.001000 5665 9.909738e-13 2.999351e-08
544 0.944000 0.001000 5733 9.867349e-13 2.997403e-08
545 0.945000 0.001000 5806 9.978480e-13 3.014069e-08
546 0.946000 0.001000 5830 9.830875e-13 3.002621e-08
547 0.947000 0.001000 5837 9.982829e-13 3.120346e-08
548 0.948000 0.001000 5778 9.952427e-13 3.307467e-08
549 0.949000 0.001000 5636 9.961127e-13 3.375521e-08
550 0.950000 0.001000 4998 9.990235e-13 3.051428e-08
551 0.951000 0.001000 4530 9.982530e-13 2.826636e-08
552 0.952000 0.001000 4418 9.969976e-13 2.728336e-08
553 0.953000 0.001000 4481 9.941001e-13 2.751550e-08
554 0.954000 0.001000 4563 9.951794e-13 2.737503e-08
555 0.955000 0.001000 4621 9.988254e-13 2.752489e-08
556 0.956000 0.001000 5108 9.998173e-13 2.968925e-08
557 0.957000 0.001000 5511 9.954241e-13 3.081605e-08
558 0.958000 0.001000 5568 9.995352e-13 2.826405e-08
559 0.959000 0.001000 5337 9.994246e-13 2.684182e-08
560 0.960000 0.001000 5099 9.942054e-13 2.697297e-08
561 0.961000 0.001000 4803 9.987046e-13 2.636386e-08
562 0.962000 0.001000 4431 9.679383e-13 2.504142e-08
563 0.963000 0.001000 4422 9.959069e-13 2.461649e-08
564 0.964000 0.001000 4398 9.960810e-13 2.446477e-08
565 0.965000 0.001000 4344 9.966815e-13 2.479304e-08
566 0.966000 0.001000 4449 9.940092e-13 2.635245e-08
567 0.967000 0.001000 4978 9.976144e-13 2.771887e-08
568 0.968000 0.001000 5281 9.969812e-13 2.741560e-08
569 0.969000 0.001000 5618 9.967908e-13 2.867210e-08
570 0.970000 0.001000 5614 9.987083e-13 2.798395e-08
571 0.971000 0.001000 5690 9.991219e-13 2.744044e-08
572 0.972000 0.001000 5810 9.965074e-13 2.856410e-08
573 0.973000 0.001000 5462 9.944674e-13 2.827755e-08
574 0.974000 0.001000 4997 9.980299e-13 2.824970e-08
575 0.975000 0.001000 4806 9.914977e-13 2.573916e-08
576 0.976000 0.001000 4892 9.940815e-13 2.557735e-08
577 0.977000 0.001000 5173 9.997176e-13 2.642962e-08
578 0.978000 0.001000 5678 9.942530e-13 2.631272e-08
579 0.979000 0.001000 6202 9.985947e-13 2.719540e-08
580 0.980000 0.001000 6696 9.998164e-13 2.726991e-08
581 0.981000 0.001000 7010 9.996792e-13 2.739594e-08
582 0.982000 0.001000 7362 9.997513e-13 2.756936e-08
583 0.983000 0.001000 7730 9.951839e-13 2.737297e-08
584 0.984000 0.001000 7989 9.928307e-13 2.844377e-08
585 0.985000 0.001000 8421 9.999136e-13 2.963824e-08
586 0.986000 0.001000 8849 9.959961e-13 3.064426e-08
587 0.987000 0.001000 9587 9.967141e-13 3.094349e-08
588 0.988000 0.001000 9944 9.935825e-13 3.002547e-08
589 0.989000 0.001000 10085 9.920840e-13 3.037649e-08
590 0.990000 0.001000 10129 9.956176e-13 2.978896e-08
591 0.991000 0.001000 10192 9.971817e-13 2.912585e-08
592 0.992000 0.001000 10224 9.732542e-13 3.062676e-08
593 0.993000 0.001000 10228 9.761117e-13 3.140076e-08
594 0.994000 0.001000 10219 9.992922e-13 3.048479e-08
595 0.995000 0.001000 10224 9.881766e-13 3.088103e-08
596 0.996000 0.001000 10247 9.926349e-13 3.026346e-08
597 0.997000 0.001000 10241 9.902318e-13 3.028564e-08
598 0.998000 0.001000 10172 9.968588e-13 3.170435e-08
599 0.999000 0.001000 10054 9.915178e-13 3.249905e-08
600 1.000000 0.001000 9765 9.958539e-13 3.231330e-08
601 1.001000 0.001000 9610 9.986969e-13 3.023034e-08
602 1.002000 0.001000 8972 9.993891e-13 2.954390e-08
603 1.003000 0.001000 7904 9.976540e-13 2.800251e-08
604 1.004000 0.001000 7225 9.943098e-13 2.618540e-08
605 1.005000 0.001000 7098 9.983104e-13 2.656674e-08
606 1.006000 0.001000 6962 9.994706e-13 2.621726e-08
607 1.007000 0.001000 6893 9.993939e-13 2.679295e-08
608 1.008000 0.001000 6731 9.974218e-13 2.789311e-08
609 1.009000 0.001000 6591 9.950858e-13 2.733093e-08
610 1.010000 0.001000 5995 9.892823e-13 2.554769e-08
611 1.011000 0.001000 5835 9.848763e-13 2.477023e-08
612 1.012000 0.001000 5808 9.947840e-13 2.544380e-08
613 1.013000 0.001000 5988 9.989364e-13 2.712174e-08
614 1.014000 0.001000 6173 9.987055e-13 2.702745e-08
615 1.015000 0.001000 6290 9.995209e-13 2.691993e-08
616 1.016000 0.001000 6344 9.987716e-13 2.830417e-08
617 1.017000 0.001000 6233 9.990302e-13 2.817700e-08
618 1.018000 0.001000 6318 9.989901e-13 2.694395e-08
619 1.019000 0.001000 6155 9.971585e-13 2.443322e-08
620 1.020000 0.001000 5767 9.994723e-13 2.253484e-08
621 1.021000 0.001000 5714 9.989332e-13 2.238352e-08
622 1.022000 0.001000 5682 9.998546e-13 2.275670e-08
623 1.023000 0.001000 5437 9.995449e-13 2.290617e-08
624 1.024000 0.001000 5409 9.971268e-13 2.433622e-08
625 1.025000 0.001000 5598 9.956879e-13 2.402509e-08
626 1.026000 0.001000 6022 9.952141e-13 2.403472e-08
627 1.027000 0.001000 6260 9.994950e-13 2.302028e-08
628 1.028000 0.001000 6396 9.974572e-13 2.274988e-08
629 1.029000 0.001000 6464 9.993480e-13 2.280739e-08
630 1.030000 0.001000 6284 9.996456e-13 2.305980e-08
631 1.031000 0.001000 6106 9.995858e-13 2.357315e-08
632 1.032000 0.001000 5872 9.989822e-13 2.262169e-08
633 1.033000 0.001000 5965 9.995017e-13 2.233186e-08
634 1.034000 0.001000 6317 9.958760e-13 2.351745e-08
635 1.035000 0.001000 6853 9.910582e-13 2.642898e-08
636 1.036000 0.001000 7210 9.921542e-13 2.944045e-08
637 1.037000 0.001000 7484 9.850578e-13 3.055537e-08
638 1.038000 0.001000 7612 9.984721e-13 2.786522e-08
639 1.039000 0.001000 7724 9.995078e-13 2.562386e-08
640 1.040000 0.001000 7574 9.963775e-13 2.556898e-08
641 1.041000 0.001000 7471 9.886235e-13 2.608858e-08
642 1.042000 0.001000 7435 9.939979e-13 2.708034e-08
643 1.043000 0.001000 7421 9.925753e-13 2.842150e-08
644 1.044000 0.001000 7451 9.823312e-13 2.916378e-08
645 1.045000 0.001000 7510 9.962871e-13 2.843452e-08
646 1.046000 0.001000 7588 9.928080e-13 2.864164e-08
647 1.047000 0.001000 7608 9.972962e-13 2.952911e-08
648 1.048000 0.001000 7588 9.976456e-13 3.031223e-08
649 1.049000 0.001000 7618 9.991426e-13 3.075239e-08
650 1.050000 0.001000 7383 9.951590e-13 3.018343e-08
651 1.051000 0.001000 7147 9.808820e-13 2.786963e-08
652 1.052000 0.001000 6839 9.952641e-13 2.537634e-08
653 1.053000 0.001000 6234 9.995125e-13 2.392049e-08
654 1.054000 0.001000 6115 9.927945e-13 2.446065e-08
655 1.055000 0.001000 6291 9.983587e-13 2.640098e-08
656 1.056000 0.001000 6493 9.957175e-13 2.663937e-08
657 1.057000 0.001000 6652 9.969071e-13 2.722273e-08
658 1.058000 0.001000 6573 9.995419e-13 2.883638e-08
659 1.059000 0.001000 6277 9.973730e-13 2.806745e-08
660 1.060000 0.001000 6204 9.981726e-13 2.853720e-08
661 1.061000 0.001000 6183 9.942869e-13 2.672636e-08
662 1.062000 0.001000 6272 9.964239e-13 2.687416e-08
663 1.063000 0.001000 6652 9.998469e-13 2.879497e-08
664 1.064000 0.001000 6798 9.998641e-13 3.035006e-08
665 1.065000 0.001000 6629 9.990940e-13 3.055020e-08
666 1.066000 0.001000 6443 9.996073e-13 2.851077e-08
667 1.067000 0.001000 6184 9.541801e-13 2.903074e-08
668 1.068000 0.001000 6071 9.914324e-13 2.886539e-08
669 1.069000 0.001000 5521 9.994635e-13 2.792493e-08
670 1.070000 0.001000 4863 9.936318e-13 2.566927e-08
671 1.071000 0.001000 4609 9.907029e-13 2.328647e-08
672 1.072000 0.001000 4277 9.989100e-13 2.252678e-08
673 1.073000 0.001000 4296 9.959069e-13 2.355205e-08
674 1.074000 0.001000 4275 9.960295e-13 2.344385e-08
675 1.075000 0.001000 4275 9.975586e-13 2.293542e-08
676 1.076000 0.001000 4161 9.953931e-13 2.274875e-08
677 1.077000 0.001000 4071 9.947905e-13 2.303441e-08
678 1.078000 0.001000 4066 9.981170e-13 2.363719e-08
679 1.079000 0.001000 4102 9.968849e-13 2.388585e-08
680 1.080000 0.001000 4425 9.900269e-13 2.673180e-08
681 1.081000 0.001000 4797 9.882085e-13 2.846615e-08
682 1.082000 0.001000 4869 9.959795e-13 2.933069e-08
683 1.083000 0.001000 4996 9.964765e-13 2.858819e-08
684 1.084000 0.001000 5179 9.997830e-13 2.802134e-08
685 1.085000 0.001000 5398 9.999075e-13 2.951267e-08
686 1.086000 0.001000 5652 9.997439e-13 3.106962e-08
687 1.087000 0.001000 5622 9.993954e-13 2.956798e-08
688 1.088000 0.001000 5563 9.994051e-13 2.886317e-08
689 1.089000 0.001000 5673 9.991324e-13 3.058655e-08
690 1.090000 0.001000 5687 9.995931e-13 3.068543e-08
691 1.091000 0.001000 5601 9.983344e-13 2.795152e-08
692 1.092000 0.001000 5550 9.991286e-13 2.648575e-08
693 1.093000 0.001000 5646 9.947475e-13 2.709554e-08
694 1.094000 0.001000 5772 9.973033e-13 2.810453e-08
695 1.095000 0.001000 5972 9.937861e-13 2.862772e-08
696 1.096000 0.001000 6064 9.920881e-13 2.946626e-08
697 1.097000 0.001000 6139 9.804179e-13 2.922307e-08
698 1.098000 0.001000 6282 9.967902e-13 3.039561e-08
699 1.099000 0.001000 6375 9.938061e-13 3.257923e-08
700 1.100000 0.001000 6479 9.908092e-13 3.453871e-08
701 1.101000 0.001000 6512 9.973310e-13 3.422979e-08
702 1.102000 0.001000 6515 9.966893e-13 3.640438e-08
703 1.103000 0.001000 6499 9.919547e-13 3.723205e-08
704 1.104000 0.001000 6502 9.964127e-13 3.881897e-08
705 1.105000 0.001000 6527 9.961259e-13 4.076682e-08
706 1.106000 0.001000 6504 9.789722e-13 3.827612e-08
707 1.107000 0.001000 6359 9.911699e-13 3.724742e-08
708 1.108000 0.001000 6169 9.918659e-13 3.754232e-08
709 1.109000 0.001000 5968 9.827503e-13 3.504767e-08
710 1.110000 0.001000 5716 9.960506e-13 3.486823e-08
711 1.111000 0.001000 5600 9.971175e-13 3.517139e-08
712 1.112000 0.001000 5641 9.944838e-13 3.859454e-08
713 1.113000 0.001000 5716 9.996316e-13 4.150239e-08
714 1.114000 0.001000 5711 9.975041e-13 4.303467e-08
715 1.115000 0.001000 5605 9.917617e-13 3.864742e-08
716 1.116000 0.001000 5445 9.977982e-13 3.782947e-08
717 1.117000 0.001000 5283 9.966544e-13 3.579792e-08
718 1.118000 0.001000 5156 9.820595e-13 3.095835e-08
719 1.119000 0.001000 5091 9.990151e-13 2.960367e-08
720 1.120000 0.001000 5100 9.944502e-13 3.021539e-08
721 1.121000 0.001000 5181 9.929024e-13 3.349842e-08
722 1.122000 0.001000 5163 9.999672e-13 3.563216e-08
723 1.123000 0.001000 5102 9.991730e-13 3.662883e-08
724 1.124000 0.001000 5320 9.983946e-13 4.155348e-08
725 1.125000 0.001000 5539 9.980015e-13 4.021005e-08
726 1.126000 0.001000 5397 9.984313e-13 3.874353e-08
727 1.127000 0.001000 5253 9.984652e-13 4.016101e-08
728 1.128000 0.001000 5258 9.933395e-13 4.026873e-08
729 1.129000 0.001000 5267 9.993872e-13 4.309383e-08
730 1.130000 0.001000 5137 9.980338e-13 4.169487e-08
731 1.131000 0.001000 5114 9.949099e-13 4.061067e-08
732 1.132000 0.001000 5109 9.970259e-13 3.941215e-08
733 1.133000 0.001000 5198 9.986020e-13 4.072777e-08
734 1.134000 0.001000 5219 9.952345e-13 4.048080e-08
735 1.135000 0.001000 5257 9.919488e-13 4.126618e-08
736 1.136000 0.001000 5326 9.989667e-13 4.515396e-08
737 1.137000 0.001000 5375 9.955155e-13 4.765408e-08
738 1.138000 0.001000 5346 9.949700e-13 4.477746e-08
739 1.139000 0.001000 5321 9.978832e-13 4.005698e-08
740 1.140000 0.001000 5339 9.967339e-13 4.021742e-08
741 1.141000 0.001000 5383 9.946149e-13 4.073665e-08
742 1.142000 0.001000 5465 9.994089e-13 4.105813e-08
743 1.143000 0.001000 5533 9.904783e-13 4.130140e-08
744 1.144000 0.001000 5518 9.913440e-13 4.160021e-08
745 1.145000 0.001000 5535 9.933360e-13 4.300660e-08
746 1.146000 0.001000 5552 9.966348e-13 4.437354e-08
747 1.147000 0.001000 5560 9.816205e-13 4.633179e-08
748 1.148000 0.001000 5606 9.957389e-13 4.308293e-08
749 1.149000 0.001000 5683 9.783562e-13 4.524478e-08
750 1.150000 0.001000 5767 9.938709e-13 4.758288e-08
751 1.151000 0.001000 5831 9.835619e-13 5.047816e-08
752 1.152000 0.001000 5978 9.886055e-13 5.943933e-08
753 1.153000 0.001000 6131 9.970847e-13 6.184235e-08
754 1.154000 0.001000 6247 9.990805e-13 6.105695e-08
755 1.155000 0.001000 6359 9.945981e-13 5.982266e-08
756 1.156000 0.001000 6227 9.984668e-13 6.086928e-08
757 1.157000 0.001000 6000 9.922044e-13 5.756775e-08
758 1.158000 0.001000 5767 9.961472e-13 5.577988e-08
759 1.159000 0.001000 5641 9.935012e-13 5.502083e-08
760 1.160000 0.001000 5477 9.971767e-13 4.889552e-08
761 1.161000 0.001000 5405 9.963610e-13 4.982124e-08
762 1.162000 0.001000 5287 9.982460e-13 5.101048e-08
763 1.163000 0.001000 5190 9.858995e-13 5.355645e-08
764 1.164000 0.001000 5075 9.981011e-13 5.358762e-08
765 1.165000 0.001000 4830 9.980713e-13 4.628678e-08
766 1.166000 0.001000 4655 9.948361e-13 4.365103e-08
767 1.167000 0.001000 4437 9.995391e-13 4.245239e-08
768 1.168000 0.001000 4261 9.999202e-13 4.337974e-08
769 1.169000 0.001000 4463 9.980132e-13 4.970713e-08
770 1.170000 0.001000 4662 9.988222e-13 5.465781e-08
771 1.171000 0.001000 4691 9.932135e-13 5.539030e-08
772 1.172000 0.001000 4543 9.967718e-13 5.686927e-08
773 1.173000 0.001000 4326 9.988408e-13 5.631881e-08
774 1.174000 0.001000 4091 9.999225e-13 4.819289e-08
775 1.175000 0.001000 4168 9.973666e-13 4.536655e-08
776 1.176000 0.001000 4269 9.991254e-13 4.646731e-08
777 1.177000 0.001000 4285 9.987018e-13 4.803298e-08
778 1.178000 0.001000 4339 9.985632e-13 4.895314e-08
779 1.179000 0.001000 4340 9.982213e-13 5.196490e-08
780 1.180000 0.001000 4361 9.988346e-13 5.789824e-08
781 1.181000 0.001000 4349 9.946409e-13 5.868708e-08
782 1.182000 0.001000 4284 9.978532e-13 5.545579e-08
783 1.183000 0.001000 4262 9.975264e-13 5.528557e-08
784 1.184000 0.001000 4283 9.985615e-13 5.632923e-08
785 1.185000 0.001000 4286 9.985747e-13 5.937998e-08
786 1.186000 0.001000 4206 9.994410e-13 5.991843e-08
787 1.187000 0.001000 4149 9.946724e-13 5.993290e-08
788 1.188000 0.001000 4293 9.981913e-13 6.435371e-08
789 1.189000 0.001000 4296 9.981420e-13 6.368949e-08
790 1.190000 0.001000 4084 9.963915e-13 6.101547e-08
791 1.191000 0.001000 4089 9.990521e-13 6.558203e-08
792 1.192000 0.001000 4228 9.985191e-13 7.011471e-08
793 1.193000 0.001000 4328 9.956984e-13 6.934287e-08
794 1.194000 0.001000 4400 9.973007e-13 7.462051e-08
795 1.195000 0.001000 4411 9.994356e-13 8.007107e-08
796 1.196000 0.001000 4400 9.960462e-13 8.139711e-08
797 1.197000 0.001000 4337 9.922023e-13 8.254916e-08
798 1.198000 0.001000 4356 9.878268e-13 8.062276e-08
799 1.199000 0.001000 4423 9.973190e-13 8.633550e-08
800 1.200000 0.001000 4504 9.986019e-13 8.737969e-08
801 1.201000 0.001000 4591 9.996492e-13 8.386663e-08
802 1.202000 0.001000 4650 9.983590e-13 8.724780e-08
803 1.203000 0.001000 4689 9.956114e-13 9.699885e-08
804 1.204000 0.001000 4729 9.845142e-13 1.031822e-07
805 1.205000 0.001000 4764 9.990198e-13 1.052508e-07
806 1.206000 0.001000 4798 9.661233e-13 1.138213e-07
807 1.207000 0.001000 4805 9.894775e-13 1.239920e-07
808 1.208000 0.001000 4723 9.747430e-13 1.308113e-07
809 1.209000 0.001000 4635 9.901502e-13 1.202390e-07
810 1.210000 0.001000 4481 9.769103e-13 1.096249e-07
811 1.211000 0.001000 4192 9.928562e-13 1.033903e-07
812 1.212000 0.001000 4053 9.884750e-13 1.008754e-07
813 1.213000 0.001000 3925 9.891298e-13 1.004547e-07
814 1.214000 0.001000 3822 9.978076e-13 1.013688e-07
815 1.215000 0.001000 3576 9.917384e-13 9.417157e-08
816 1.216000 0.001000 3413 9.985343e-13 9.633178e-08
817 1.217000 0.001000 3411 9.991540e-13 1.069549e-07
818 1.218000 0.001000 3429 9.982893e-13 1.138186e-07
819 1.219000 0.001000 3446 9.995523e-13 1.255646e-07
820 1.220000 0.001000 3473 9.941409e-13 1.520716e-07
821 1.221000 0.001000 3441 9.958325e-13 1.666085e-07
822 1.222000 0.001000 3342 9.956393e-13 1.458444e-07
823 1.223000 0.001000 3249 9.989244e-13 1.356804e-07
824 1.224000 0.001000 3122 9.957326e-13 1.275741e-07
825 1.225000 0.001000 3135 9.956921e-13 1.289641e-07
826 1.226000 0.001000 3308 9.989442e-13 1.511463e-07
827 1.227000 0.001000 3332 9.947974e-13 1.671262e-07
828 1.228000 0.001000 3359 9.978311e-13 1.699046e-07
829 1.229000 0.001000 3310 9.994636e-13 1.666982e-07
830 1.230000 0.001000 3209 9.927219e-13 1.582119e-07
831 1.231000 0.001000 3195 9.962080e-13 1.632833e-07
832 1.232000 0.001000 3168 9.984905e-13 1.848702e-07
833 1.233000 0.001000 3155 9.906096e-13 1.834587e-07
834 1.234000 0.001000 3172 9.976807e-13 1.780143e-07
835 1.235000 0.001000 3170 9.785519e-13 1.919524e-07
836 1.236000 0.001000 3192 9.985221e-13 2.104137e-07
837 1.237000 0.001000 3223 9.874826e-13 2.276995e-07
838 1.238000 0.001000 3271 9.688566e-13 2.460494e-07
839 1.239000 0.001000 3288 9.695515e-13 2.805478e-07
840 1.240000 0.001000 3293 9.808047e-13 2.823652e-07
841 1.241000 0.001000 3318 9.954729e-13 2.798356e-07
842 1.242000 0.001000 3343 9.993932e-13 2.808018e-07
843 1.243000 0.001000 3309 9.749194e-13 2.879567e-07
844 1.244000 0.001000 3233 9.969435e-13 3.019953e-07
845 1.245000 0.001000 3085 9.615563e-13 3.220268e-07
846 1.246000 0.001000 2939 9.924651e-13 3.685566e-07
847 1.247000 0.001000 2819 9.910671e-13 4.054566e-07
848 1.248000 0.001000 2706 9.640362e-13 4.617462e-07
849 1.249000 0.001000 2624 9.758425e-13 5.022778e-07
850 1.250000 0.001000 2482 9.982257e-13 5.358537e-07
851 1.251000 0.001000 2456 9.889685e-13 5.694771e-07
852 1.252000 0.001000 2419 9.891091e-13 5.907644e-07
853 1.253000 0.001000 2416 9.823840e-13 6.600656e-07
854 1.254000 0.001000 2386 9.873317e-13 7.461590e-07
855 1.255000 0.001000 2283 9.803983e-13 7.787088e-07
856 1.256000 0.001000 2159 9.788607e-13 8.278813e-07
857 1.257000 0.001000 2081 9.328530e-13 8.736240e-07
858 1.258000 0.001000 2061 9.889920e-13 1.083133e-06
859 1.259000 0.001000 2027 9.419545e-13 1.519254e-06
860 1.260000 0.001000 1905 9.787187e-13 2.020371e-06
861 1.261000 0.001000 1726 9.805237e-13 2.140467e-06
862 1.262000 0.001000 1517 9.932900e-13 2.224550e-06
863 1.263000 0.001000 1271 9.891062e-13 2.353899e-06
864 1.264000 0.001000 995 9.842800e-13 2.441229e-06
865 1.265000 0.001000 868 9.492159e-13 1.961374e-06
866 1.266000 0.001000 742 9.978747e-13 1.783589e-06
867 1.267000 0.001000 605 9.683835e-13 1.814393e-06
868 1.268000 0.001000 462 9.564787e-13 1.249065e-06
869 1.269000 0.001000 374 9.006139e-13 7.763404e-07
870 1.270000 0.001000 331 9.493879e-13 5.512915e-07
871 1.271000 0.001000 299 9.158113e-13 4.298271e-07
872 1.272000 0.001000 275 9.596339e-13 3.545150e-07
873 1.273000 0.001000 255 9.709484e-13 3.031396e-07
874 1.274000 0.001000 238 9.483208e-13 2.657038e-07
875 1.275000 0.001000 222 9.327757e-13 2.371031e-07
876 1.276000 0.001000 208 9.982768e-13 2.144676e-07
877 1.277000 0.001000 199 9.187987e-13 1.960601e-07
878 1.278000 0.001000 190 9.870512e-13 1.807656e-07
879 1.279000 0.001000 183 9.251229e-13 1.678349e-07
880 1.280000 0.001000 176 9.791368e-13 1.567448e-07
881 1.281000 0.001000 170 9.602826e-13 1.471181e-07
882 1.282000 0.001000 165 8.627208e-13 1.386760e-07
883 1.283000 0.001000 159 9.857603e-13 1.312071e-07
884 1.284000 0.001000 154 9.746236e-13 1.245486e-07
885 1.285000 0.001000 150 8.940939e-13 1.185726e-07
886 1.286000 0.001000 146 8.415661e-13 1.131770e-07
887 1.287000 0.001000 142 8.746630e-13 1.082797e-07
888 1.288000 0.001000 138 9.798480e-13 1.038135e-07
889 1.289000 0.001000 135 9.225208e-13 9.972291e-08
890 1.290000 0.001000 132 9.329464e-13 9.596171e-08
891 1.291000 0.001000 129 9.888624e-13 9.249111e-08
892 1.292000 0.001000 127 8.740491e-13 8.927827e-08
893 1.293000 0.001000 124 9.617081e-13 8.629511e-08
894 1.294000 0.001000 122 8.956523e-13 8.351765e-08
895 1.295000 0.001000 120 8.529283e-13 8.092507e-08
896 1.296000 0.001000 118 8.293640e-13 7.849935e-08
897 1.297000 0.001000 116 8.161488e-13 7.622477e-08
898 1.298000 0.001000 114 8.346712e-13 7.408752e-08
899 1.299000 0.001000 112 8.589027e-13 7.207550e-08
900 1.300000 0.001000 110 9.095262e-13 7.017791e-08
901 1.301000 0.001000 108 9.809417e-13 6.838526e-08
902 1.302000 0.001000 107 8.580729e-13 6.668906e-08
903 1.303000 0.001000 105 9.861221e-13 6.508169e-08
904 1.304000 0.001000 104 8.818431e-13 6.355637e-08
905 1.305000 0.001000 103 7.957988e-13 6.210693e-08
906 1.306000 0.001000 101 9.298472e-13 6.072783e-08
907 1.307000 0.001000 100 8.734672e-13 5.941418e-08
908 1.308000 0.001000 99 8.265358e-13 5.816136e-08
909 1.309000 0.001000 98 7.788040e-13 5.696527e-08
910 1.310000 0.001000 97 7.502588e-13 5.582217e-08
911 1.311000 0.001000 95 9.931060e-13 5.472859e-08
912 1.312000 0.001000 94 9.667677e-13 5.368143e-08
913 1.313000 0.001000 93 9.505318e-13 5.267784e-08
914 1.314000 0.001000 92 9.463944e-13 5.171513e-08
915 1.315000 0.001000 91 9.494115e-13 5.079089e-08
916 1.316000 0.001000 90 9.553464e-13 4.990283e-08
917 1.317000 0.001000 89 9.819221e-13 4.904894e-08
918 1.318000 0.001000 89 7.547376e-13 4.822729e-08
919 1.319000 0.001000 88 7.892265e-13 4.743610e-08
920 1.320000 0.001000 87 8.164412e-13 4.667377e-08
921 1.321000 0.001000 86 8.701252e-13 4.593870e-08
922 1.322000 0.001000 85 9.485366e-13 4.522951e-08
923 1.323000 0.001000 85 7.465877e-13 4.454485e-08
924 1.324000 0.001000 84 8.154423e-13 4.388349e-08
925 1.325000 0.001000 83 8.901424e-13 4.324428e-08
926 1.326000 0.001000 82 9.678756e-13 4.262615e-08
927 1.327000 0.001000 82 7.746878e-13 4.202811e-08
928 1.328000 0.001000 81 8.636264e-13 4.144919e-08
929 1.329000 0.001000 80 9.764879e-13 4.088852e-08
930 1.330000 0.001000 80 7.902368e-13 4.034523e-08
931 1.331000 0.001000 79 8.826600e-13 3.981857e-08
932 1.332000 0.001000 79 7.185579e-13 3.930778e-08
933 1.333000 0.001000 78 8.348255e-13 3.881217e-08
934 1.334000 0.001000 77 9.731028e-13 3.833107e-08
935 1.335000 0.001000 77 8.001883e-13 3.786392e-08
936 1.336000 0.001000 76 9.260685e-13 3.741009e-08
937 1.337000 0.001000 76 7.657650e-13 3.696906e-08
938 1.338000 0.001000 75 8.868159e-13 3.654029e-08
939 1.339000 0.001000 75 7.371680e-13 3.612329e-08
940 1.340000 0.001000 74 8.806701e-13 3.571758e-08
941 1.341000 0.001000 74 7.358481e-13 3.532275e-08
942 1.342000 0.001000 73 8.835561e-13 3.493833e-08
943 1.343000 0.001000 73 7.419928e-13 3.456397e-08
944 1.344000 0.001000 72 8.817178e-13 3.419930e-08
945 1.345000 0.001000 72 7.439636e-13 3.384391e-08
946 1.346000 0.001000 71 9.025513e-13 3.349748e-08
947 1.347000 0.001000 71 7.650006e-13 3.315968e-08
948 1.348000 0.001000 70 9.620979e-13 3.283019e-08
949 1.349000 0.001000 70 8.192362e-13 3.250875e-08
950 1.350000 0.001000 70 6.983064e-13 3.219506e-08
951 1.351000 0.001000 69 8.579319e-13 3.188884e-08
952 1.352000 0.001000 69 7.344374e-13 3.158984e-08
953 1.353000 0.001000 68 9.062166e-13 3.129783e-08
954 1.354000 0.001000 68 7.789138e-13 3.101256e-08
955 1.355000 0.001000 68 6.701082e-13 3.073380e-08
956 1.356000 0.001000 67 8.672025e-13 3.046133e-08
957 1.357000 0.001000 67 7.490344e-13 3.019499e-08
958 1.358000 0.001000 66 9.751124e-13 2.993448e-08
959 1.359000 0.001000 66 8.455813e-13 2.967976e-08
960 1.360000 0.001000 66 7.338557e-13 2.943058e-08
961 1.361000 0.001000 65 9.467223e-13 2.918676e-08
962 1.362000 0.001000 65 8.246726e-13 2.894814e-08
963 1.363000 0.001000 65 7.189080e-13 2.871456e-08
964 1.364000 0.001000 64 9.501542e-13 2.848583e-08
965 1.365000 0.001000 64 8.313122e-13 2.826188e-08
966 1.366000 0.001000 64 7.278578e-13 2.804252e-08
967 1.367000 0.001000 63 9.634571e-13 2.782765e-08
968 1.368000 0.001000 63 8.465279e-13 2.761709e-08
969 1.369000 0.001000 63 7.442925e-13 2.741074e-08
970 1.370000 0.001000 62 9.912848e-13 2.720845e-08
971 1.371000 0.001000 62 8.745641e-13 2.701016e-08
972 1.372000 0.001000 62 7.720780e-13 2.681574e-08
973 1.373000 0.001000 62 6.820295e-13 2.662507e-08
974 1.374000 0.001000 61 9.123479e-13 2.643805e-08
975 1.375000 0.001000 61 8.085291e-13 2.625458e-08
976 1.376000 0.001000 61 7.169485e-13 2.607456e-08
977 1.377000 0.001000 60 9.746239e-13 2.589786e-08
978 1.378000 0.001000 60 8.669148e-13 2.572448e-08
979 1.379000 0.001000 60 7.715408e-13 2.555429e-08
980 1.380000 0.001000 60 6.870387e-13 2.538720e-08
981 1.381000 0.001000 59 9.542275e-13 2.522311e-08
982 1.382000 0.001000 59 8.522130e-13 2.506198e-08
983 1.383000 0.001000 59 7.615023e-13 2.490372e-08
984 1.384000 0.001000 59 6.807979e-13 2.474826e-08
985 1.385000 0.001000 58 9.734408e-13 2.459549e-08
986 1.386000 0.001000 58 8.728303e-13 2.444541e-08
987 1.387000 0.001000 58 7.830004e-13 2.429792e-08
988 1.388000 0.001000 58 7.027542e-13 2.415295e-08
989 1.389000 0.001000 57 9.992849e-13 2.401044e-08
990 1.390000 0.001000 57 8.993470e-13 2.387035e-08
991 1.391000 0.001000 57 8.097736e-13 2.373261e-08
992 1.392000 0.001000 57 7.294508e-13 2.359715e-08
993 1.393000 0.001000 57 6.573883e-13 2.346394e-08
994 1.394000 0.001000 56 9.542415e-13 2.333294e-08
995 1.395000 0.001000 56 8.622436e-13 2.320404e-08
996 1.396000 0.001000 56 7.794448e-13 2.307723e-08
997 1.397000 0.001000 56 7.048915e-13 2.295245e-08
998 1.398000 0.001000 56 6.377327e-13 2.282967e-08
999 1.399000 0.001000 55 9.487679e-13 2.270879e-08
1000 1.400000 0.001000 55 8.606191e-13 2.258985e-08
