# Generalizd shifted MINRES method
# A = /home/u11674/DATA/VCNT10800h_A.csr
# B = /home/u11674/DATA/VCNT10800h_B.csr
# inner=1.000000e-08, outer=1.000000e-12
# status=-2560, time=252
# converged 1001 / 1001
0 0.400000 0.010000 2560 9.949543e-13 9.797963e-09
1 0.401000 0.010000 2558 9.984220e-13 9.804036e-09
2 0.402000 0.010000 2557 9.951745e-13 9.812744e-09
3 0.403000 0.010000 2556 9.932528e-13 9.824096e-09
4 0.404000 0.010000 2555 9.939809e-13 9.838221e-09
5 0.405000 0.010000 2554 9.940793e-13 9.855302e-09
6 0.406000 0.010000 2553 9.980540e-13 9.875557e-09
7 0.407000 0.010000 2553 9.937018e-13 9.899297e-09
8 0.408000 0.010000 2553 9.911760e-13 9.926645e-09
9 0.409000 0.010000 2552 9.995623e-13 9.957481e-09
10 0.410000 0.010000 2553 9.907407e-13 9.991449e-09
11 0.411000 0.010000 2553 9.919891e-13 1.002774e-08
12 0.412000 0.010000 2553 9.934442e-13 1.006520e-08
13 0.413000 0.010000 2553 9.944710e-13 1.010241e-08
14 0.414000 0.010000 2553 9.944807e-13 1.013775e-08
15 0.415000 0.010000 2553 9.929909e-13 1.016959e-08
16 0.416000 0.010000 2552 9.991689e-13 1.019647e-08
17 0.417000 0.010000 2552 9.937935e-13 1.021723e-08
18 0.418000 0.010000 2551 9.949160e-13 1.023106e-08
19 0.419000 0.010000 2550 9.944704e-13 1.023774e-08
20 0.420000 0.010000 2549 9.910874e-13 1.023750e-08
21 0.421000 0.010000 2547 9.972440e-13 1.023103e-08
22 0.422000 0.010000 2545 9.994748e-13 1.021929e-08
23 0.423000 0.010000 2544 9.918937e-13 1.020341e-08
24 0.424000 0.010000 2542 9.951330e-13 1.018452e-08
25 0.425000 0.010000 2540 9.953960e-13 1.016376e-08
26 0.426000 0.010000 2538 9.942041e-13 1.014214e-08
27 0.427000 0.010000 2536 9.932238e-13 1.012066e-08
28 0.428000 0.010000 2534 9.938131e-13 1.010017e-08
29 0.429000 0.010000 2532 9.956607e-13 1.008133e-08
30 0.430000 0.010000 2530 9.975731e-13 1.006459e-08
31 0.431000 0.010000 2528 9.986071e-13 1.005014e-08
32 0.432000 0.010000 2526 9.994684e-13 1.003780e-08
33 0.433000 0.010000 2525 9.922902e-13 1.002721e-08
34 0.434000 0.010000 2523 9.938689e-13 1.001779e-08
35 0.435000 0.010000 2521 9.966416e-13 1.000889e-08
36 0.436000 0.010000 2519 9.999669e-13 1.000011e-08
37 0.437000 0.010000 2518 9.907064e-13 9.991115e-09
38 0.438000 0.010000 2516 9.911980e-13 9.981739e-09
39 0.439000 0.010000 2513 9.998201e-13 9.972147e-09
40 0.440000 0.010000 2511 9.992483e-13 9.962380e-09
41 0.441000 0.010000 2509 9.987866e-13 9.952486e-09
42 0.442000 0.010000 2507 9.947093e-13 9.942643e-09
43 0.443000 0.010000 2504 9.998539e-13 9.932711e-09
44 0.444000 0.010000 2502 9.931608e-13 9.922619e-09
45 0.445000 0.010000 2499 9.946937e-13 9.912313e-09
46 0.446000 0.010000 2496 9.947331e-13 9.901536e-09
47 0.447000 0.010000 2493 9.949241e-13 9.890351e-09
48 0.448000 0.010000 2490 9.954123e-13 9.878980e-09
49 0.449000 0.010000 2487 9.955726e-13 9.867714e-09
50 0.450000 0.010000 2484 9.960960e-13 9.857345e-09
51 0.451000 0.010000 2482 9.898759e-13 9.848452e-09
52 0.452000 0.010000 2479 9.950374e-13 9.841612e-09
53 0.453000 0.010000 2477 9.911137e-13 9.837214e-09
54 0.454000 0.010000 2475 9.900950e-13 9.835067e-09
55 0.455000 0.010000 2473 9.932476e-13 9.834856e-09
56 0.456000 0.010000 2471 9.979005e-13 9.836146e-09
57 0.457000 0.010000 2470 9.880185e-13 9.838294e-09
58 0.458000 0.010000 2468 9.953875e-13 9.841026e-09
59 0.459000 0.010000 2467 9.898539e-13 9.844179e-09
60 0.460000 0.010000 2465 9.946832e-13 9.847621e-09
61 0.461000 0.010000 2464 9.924775e-13 9.851395e-09
62 0.462000 0.010000 2462 9.953597e-13 9.855432e-09
63 0.463000 0.010000 2460 9.983977e-13 9.859468e-09
64 0.464000 0.010000 2459 9.928559e-13 9.863407e-09
65 0.465000 0.010000 2457 9.937092e-13 9.867042e-09
66 0.466000 0.010000 2455 9.949140e-13 9.870381e-09
67 0.467000 0.010000 2453 9.961837e-13 9.873573e-09
68 0.468000 0.010000 2451 9.965843e-13 9.876830e-09
69 0.469000 0.010000 2449 9.952141e-13 9.880377e-09
70 0.470000 0.010000 2447 9.947714e-13 9.884290e-09
71 0.471000 0.010000 2445 9.951631e-13 9.888512e-09
72 0.472000 0.010000 2443 9.929958e-13 9.892891e-09
73 0.473000 0.010000 2440 9.995106e-13 9.897231e-09
74 0.474000 0.010000 2438 9.948036e-13 9.901434e-09
75 0.475000 0.010000 2435 9.970871e-13 9.905616e-09
76 0.476000 0.010000 2432 9.974446e-13 9.909903e-09
77 0.477000 0.010000 2429 9.960310e-13 9.914443e-09
78 0.478000 0.010000 2426 9.934295e-13 9.919329e-09
79 0.479000 0.010000 2423 9.914565e-13 9.924520e-09
80 0.480000 0.010000 2419 9.965378e-13 9.929791e-09
81 0.481000 0.010000 2416 9.881682e-13 9.935001e-09
82 0.482000 0.010000 2412 9.945362e-13 9.939831e-09
83 0.483000 0.010000 2408 9.883371e-13 9.944176e-09
84 0.484000 0.010000 2403 9.935588e-13 9.947897e-09
85 0.485000 0.010000 2398 9.948711e-13 9.950854e-09
86 0.486000 0.010000 2393 9.913187e-13 9.953072e-09
87 0.487000 0.010000 2387 9.937159e-13 9.954523e-09
88 0.488000 0.010000 2381 9.901816e-13 9.955227e-09
89 0.489000 0.010000 2375 9.873006e-13 9.955362e-09
90 0.490000 0.010000 2368 9.888209e-13 9.954938e-09
91 0.491000 0.010000 2360 9.959979e-13 9.954014e-09
92 0.492000 0.010000 2352 9.950831e-13 9.952656e-09
93 0.493000 0.010000 2344 9.890177e-13 9.950779e-09
94 0.494000 0.010000 2334 9.981192e-13 9.948396e-09
95 0.495000 0.010000 2326 9.888384e-13 9.945416e-09
96 0.496000 0.010000 2317 9.955480e-13 9.941672e-09
97 0.497000 0.010000 2309 9.856190e-13 9.936913e-09
98 0.498000 0.010000 2298 9.968111e-13 9.930731e-09
99 0.499000 0.010000 2285 9.998591e-13 9.922577e-09
100 0.500000 0.010000 2271 9.983685e-13 9.911933e-09
101 0.501000 0.010000 2258 9.880688e-13 9.898241e-09
102 0.502000 0.010000 2242 9.959980e-13 9.881165e-09
103 0.503000 0.010000 2224 9.954799e-13 9.860722e-09
104 0.504000 0.010000 2207 9.958276e-13 9.837238e-09
105 0.505000 0.010000 2192 9.945579e-13 9.811364e-09
106 0.506000 0.010000 2174 9.943217e-13 9.784022e-09
107 0.507000 0.010000 2155 9.969182e-13 9.756169e-09
108 0.508000 0.010000 2138 9.953628e-13 9.728737e-09
109 0.509000 0.010000 2120 9.905175e-13 9.702478e-09
110 0.510000 0.010000 2099 9.994792e-13 9.677944e-09
111 0.511000 0.010000 2084 9.800122e-13 9.655506e-09
112 0.512000 0.010000 2070 9.971264e-13 9.635348e-09
113 0.513000 0.010000 2057 9.958454e-13 9.617580e-09
114 0.514000 0.010000 2045 9.884331e-13 9.602165e-09
115 0.515000 0.010000 2032 9.999277e-13 9.589074e-09
116 0.516000 0.010000 2021 9.789855e-13 9.578283e-09
117 0.517000 0.010000 2010 9.684585e-13 9.569668e-09
118 0.518000 0.010000 1999 9.880366e-13 9.563123e-09
119 0.519000 0.010000 1989 9.671821e-13 9.558441e-09
120 0.520000 0.010000 1978 9.975161e-13 9.555483e-09
121 0.521000 0.010000 1968 9.773914e-13 9.554094e-09
122 0.522000 0.010000 1957 9.951754e-13 9.554043e-09
123 0.523000 0.010000 1947 9.875938e-13 9.555172e-09
124 0.524000 0.010000 1939 9.709949e-13 9.557391e-09
125 0.525000 0.010000 1931 9.893284e-13 9.560690e-09
126 0.526000 0.010000 1924 9.791234e-13 9.565078e-09
127 0.527000 0.010000 1918 9.774486e-13 9.570488e-09
128 0.528000 0.010000 1913 9.502178e-13 9.576912e-09
129 0.529000 0.010000 1906 9.992958e-13 9.584295e-09
130 0.530000 0.010000 1902 9.835234e-13 9.592460e-09
131 0.531000 0.010000 1897 9.830842e-13 9.601188e-09
132 0.532000 0.010000 1892 9.987009e-13 9.610343e-09
133 0.533000 0.010000 1889 9.735865e-13 9.619734e-09
134 0.534000 0.010000 1884 9.995323e-13 9.629273e-09
135 0.535000 0.010000 1881 9.881279e-13 9.638929e-09
136 0.536000 0.010000 1877 9.760279e-13 9.648837e-09
137 0.537000 0.010000 1874 9.630971e-13 9.659164e-09
138 0.538000 0.010000 1871 9.698103e-13 9.670145e-09
139 0.539000 0.010000 1868 9.890971e-13 9.682058e-09
140 0.540000 0.010000 1866 9.402286e-13 9.695148e-09
141 0.541000 0.010000 1863 9.716411e-13 9.709635e-09
142 0.542000 0.010000 1861 9.469156e-13 9.725609e-09
143 0.543000 0.010000 1858 9.906120e-13 9.743125e-09
144 0.544000 0.010000 1856 9.909460e-13 9.762229e-09
145 0.545000 0.010000 1855 9.966241e-13 9.782874e-09
146 0.546000 0.010000 1853 9.993654e-13 9.804908e-09
147 0.547000 0.010000 1853 9.619415e-13 9.828216e-09
148 0.548000 0.010000 1852 9.991017e-13 9.852686e-09
149 0.549000 0.010000 1851 9.791909e-13 9.878093e-09
150 0.550000 0.010000 1851 9.628077e-13 9.904189e-09
151 0.551000 0.010000 1851 9.530771e-13 9.930823e-09
152 0.552000 0.010000 1851 9.491048e-13 9.957794e-09
153 0.553000 0.010000 1851 9.500725e-13 9.984834e-09
154 0.554000 0.010000 1851 9.554948e-13 1.001176e-08
155 0.555000 0.010000 1851 9.654209e-13 1.003855e-08
156 0.556000 0.010000 1851 9.804690e-13 1.006518e-08
157 0.557000 0.010000 1852 9.999725e-13 1.009159e-08
158 0.558000 0.010000 1853 9.634938e-13 1.011780e-08
159 0.559000 0.010000 1853 9.986284e-13 1.014389e-08
160 0.560000 0.010000 1855 9.942756e-13 1.016990e-08
161 0.561000 0.010000 1856 9.765770e-13 1.019585e-08
162 0.562000 0.010000 1858 9.786476e-13 1.022176e-08
163 0.563000 0.010000 1859 9.856788e-13 1.024780e-08
164 0.564000 0.010000 1861 9.783119e-13 1.027410e-08
165 0.565000 0.010000 1864 9.363351e-13 1.030084e-08
166 0.566000 0.010000 1866 9.516030e-13 1.032811e-08
167 0.567000 0.010000 1867 9.920785e-13 1.035603e-08
168 0.568000 0.010000 1870 9.901491e-13 1.038470e-08
169 0.569000 0.010000 1872 9.888874e-13 1.041404e-08
170 0.570000 0.010000 1875 9.990039e-13 1.044410e-08
171 0.571000 0.010000 1879 9.782032e-13 1.047493e-08
172 0.572000 0.010000 1882 9.763960e-13 1.050657e-08
173 0.573000 0.010000 1885 9.896387e-13 1.053912e-08
174 0.574000 0.010000 1890 9.510050e-13 1.057274e-08
175 0.575000 0.010000 1893 9.777718e-13 1.060772e-08
176 0.576000 0.010000 1898 9.410113e-13 1.064424e-08
177 0.577000 0.010000 1901 9.791692e-13 1.068264e-08
178 0.578000 0.010000 1906 9.609943e-13 1.072305e-08
179 0.579000 0.010000 1911 9.589195e-13 1.076567e-08
180 0.580000 0.010000 1916 9.633405e-13 1.081053e-08
181 0.581000 0.010000 1921 9.811936e-13 1.085745e-08
182 0.582000 0.010000 1927 9.495845e-13 1.090639e-08
183 0.583000 0.010000 1932 9.810502e-13 1.095722e-08
184 0.584000 0.010000 1938 9.902984e-13 1.100989e-08
185 0.585000 0.010000 1945 9.941613e-13 1.106449e-08
186 0.586000 0.010000 1953 9.915148e-13 1.112125e-08
187 0.587000 0.010000 1961 9.969408e-13 1.118049e-08
188 0.588000 0.010000 1971 9.896858e-13 1.124249e-08
189 0.589000 0.010000 1980 9.806375e-13 1.130753e-08
190 0.590000 0.010000 1990 9.635298e-13 1.137581e-08
191 0.591000 0.010000 2000 9.760828e-13 1.144737e-08
192 0.592000 0.010000 2010 9.940812e-13 1.152220e-08
193 0.593000 0.010000 2020 9.995650e-13 1.160011e-08
194 0.594000 0.010000 2030 9.907713e-13 1.168096e-08
195 0.595000 0.010000 2040 9.915995e-13 1.176459e-08
196 0.596000 0.010000 2051 9.949199e-13 1.185103e-08
197 0.597000 0.010000 2063 9.976084e-13 1.194019e-08
198 0.598000 0.010000 2074 9.950439e-13 1.203231e-08
199 0.599000 0.010000 2087 9.887633e-13 1.212756e-08
200 0.600000 0.010000 2101 9.897139e-13 1.222622e-08
201 0.601000 0.010000 2118 9.996956e-13 1.232861e-08
202 0.602000 0.010000 2133 9.972611e-13 1.243485e-08
203 0.603000 0.010000 2146 9.938723e-13 1.254529e-08
204 0.604000 0.010000 2159 9.896420e-13 1.266001e-08
205 0.605000 0.010000 2173 9.869304e-13 1.277900e-08
206 0.606000 0.010000 2186 9.939330e-13 1.290240e-08
207 0.607000 0.010000 2198 9.903433e-13 1.302999e-08
208 0.608000 0.010000 2209 9.971667e-13 1.316171e-08
209 0.609000 0.010000 2220 9.976030e-13 1.329758e-08
210 0.610000 0.010000 2231 9.953299e-13 1.343728e-08
211 0.611000 0.010000 2242 9.909875e-13 1.358079e-08
212 0.612000 0.010000 2251 9.891727e-13 1.372811e-08
213 0.613000 0.010000 2259 9.945032e-13 1.387902e-08
214 0.614000 0.010000 2267 9.968463e-13 1.403351e-08
215 0.615000 0.010000 2275 9.966715e-13 1.419127e-08
216 0.616000 0.010000 2283 9.906625e-13 1.435175e-08
217 0.617000 0.010000 2290 9.918889e-13 1.451408e-08
218 0.618000 0.010000 2296 9.942130e-13 1.467705e-08
219 0.619000 0.010000 2302 9.855994e-13 1.483922e-08
220 0.620000 0.010000 2307 9.837353e-13 1.499920e-08
221 0.621000 0.010000 2310 9.975686e-13 1.515585e-08
222 0.622000 0.010000 2315 9.873524e-13 1.530856e-08
223 0.623000 0.010000 2318 9.952814e-13 1.545735e-08
224 0.624000 0.010000 2322 9.942085e-13 1.560316e-08
225 0.625000 0.010000 2325 9.934590e-13 1.574744e-08
226 0.626000 0.010000 2328 9.933023e-13 1.589236e-08
227 0.627000 0.010000 2331 9.899296e-13 1.604058e-08
228 0.628000 0.010000 2333 9.985238e-13 1.619476e-08
229 0.629000 0.010000 2336 9.941369e-13 1.635803e-08
230 0.630000 0.010000 2339 9.895394e-13 1.653329e-08
231 0.631000 0.010000 2341 9.976193e-13 1.672319e-08
232 0.632000 0.010000 2344 9.964714e-13 1.693014e-08
233 0.633000 0.010000 2347 9.963002e-13 1.715573e-08
234 0.634000 0.010000 2350 9.999340e-13 1.740082e-08
235 0.635000 0.010000 2354 9.960330e-13 1.766561e-08
236 0.636000 0.010000 2358 9.917419e-13 1.794953e-08
237 0.637000 0.010000 2361 9.996233e-13 1.825180e-08
238 0.638000 0.010000 2366 9.860053e-13 1.857174e-08
239 0.639000 0.010000 2369 9.956942e-13 1.890882e-08
240 0.640000 0.010000 2373 9.998536e-13 1.926317e-08
241 0.641000 0.010000 2377 9.956357e-13 1.963493e-08
242 0.642000 0.010000 2382 9.897984e-13 2.002421e-08
243 0.643000 0.010000 2386 9.938596e-13 2.043054e-08
244 0.644000 0.010000 2390 9.940582e-13 2.085224e-08
245 0.645000 0.010000 2394 9.976232e-13 2.128688e-08
246 0.646000 0.010000 2398 9.958593e-13 2.173107e-08
247 0.647000 0.010000 2402 9.956363e-13 2.218086e-08
248 0.648000 0.010000 2406 9.895347e-13 2.263252e-08
249 0.649000 0.010000 2409 9.929188e-13 2.308220e-08
250 0.650000 0.010000 2412 9.945461e-13 2.352639e-08
251 0.651000 0.010000 2415 9.962063e-13 2.396182e-08
252 0.652000 0.010000 2418 9.954354e-13 2.438514e-08
253 0.653000 0.010000 2420 9.994643e-13 2.479335e-08
254 0.654000 0.010000 2423 9.921646e-13 2.518349e-08
255 0.655000 0.010000 2425 9.920587e-13 2.555315e-08
256 0.656000 0.010000 2427 9.911658e-13 2.590039e-08
257 0.657000 0.010000 2428 9.965339e-13 2.622371e-08
258 0.658000 0.010000 2430 9.900405e-13 2.652261e-08
259 0.659000 0.010000 2431 9.928008e-13 2.679690e-08
260 0.660000 0.010000 2432 9.938515e-13 2.704742e-08
261 0.661000 0.010000 2433 9.888745e-13 2.727599e-08
262 0.662000 0.010000 2433 9.951195e-13 2.748516e-08
263 0.663000 0.010000 2433 9.994079e-13 2.767900e-08
264 0.664000 0.010000 2434 9.930094e-13 2.786204e-08
265 0.665000 0.010000 2434 9.932662e-13 2.803871e-08
266 0.666000 0.010000 2434 9.915425e-13 2.821281e-08
267 0.667000 0.010000 2433 9.966833e-13 2.838602e-08
268 0.668000 0.010000 2433 9.910836e-13 2.855836e-08
269 0.669000 0.010000 2432 9.969020e-13 2.872832e-08
270 0.670000 0.010000 2431 9.961446e-13 2.889368e-08
271 0.671000 0.010000 2430 9.949432e-13 2.905351e-08
272 0.672000 0.010000 2429 9.955005e-13 2.920870e-08
273 0.673000 0.010000 2428 9.886775e-13 2.936304e-08
274 0.674000 0.010000 2426 9.979064e-13 2.952311e-08
275 0.675000 0.010000 2425 9.904877e-13 2.969704e-08
276 0.676000 0.010000 2423 9.983281e-13 2.989396e-08
277 0.677000 0.010000 2422 9.943167e-13 3.012257e-08
278 0.678000 0.010000 2421 9.974026e-13 3.039034e-08
279 0.679000 0.010000 2420 9.964286e-13 3.070363e-08
280 0.680000 0.010000 2420 9.893369e-13 3.106691e-08
281 0.681000 0.010000 2419 9.954689e-13 3.148312e-08
282 0.682000 0.010000 2419 9.929802e-13 3.195422e-08
283 0.683000 0.010000 2419 9.924918e-13 3.248083e-08
284 0.684000 0.010000 2419 9.937871e-13 3.306359e-08
285 0.685000 0.010000 2419 9.966941e-13 3.370320e-08
286 0.686000 0.010000 2420 9.893957e-13 3.440036e-08
287 0.687000 0.010000 2420 9.950386e-13 3.515616e-08
288 0.688000 0.010000 2421 9.943977e-13 3.597093e-08
289 0.689000 0.010000 2422 9.887945e-13 3.684364e-08
290 0.690000 0.010000 2422 9.987383e-13 3.777149e-08
291 0.691000 0.010000 2423 9.989859e-13 3.874908e-08
292 0.692000 0.010000 2425 9.906883e-13 3.976838e-08
293 0.693000 0.010000 2426 9.942896e-13 4.081835e-08
294 0.694000 0.010000 2427 9.970196e-13 4.188433e-08
295 0.695000 0.010000 2428 9.982959e-13 4.294728e-08
296 0.696000 0.010000 2430 9.898711e-13 4.398324e-08
297 0.697000 0.010000 2430 9.994734e-13 4.496303e-08
298 0.698000 0.010000 2431 9.962973e-13 4.585292e-08
299 0.699000 0.010000 2432 9.902253e-13 4.661647e-08
300 0.700000 0.010000 2432 9.902675e-13 4.721756e-08
301 0.701000 0.010000 2431 9.958863e-13 4.762443e-08
302 0.702000 0.010000 2430 9.971052e-13 4.781448e-08
303 0.703000 0.010000 2429 9.950367e-13 4.777794e-08
304 0.704000 0.010000 2427 9.962920e-13 4.751956e-08
305 0.705000 0.010000 2425 9.937573e-13 4.705782e-08
306 0.706000 0.010000 2422 9.980624e-13 4.642127e-08
307 0.707000 0.010000 2420 9.898636e-13 4.564431e-08
308 0.708000 0.010000 2417 9.888085e-13 4.476284e-08
309 0.709000 0.010000 2413 9.981753e-13 4.381063e-08
310 0.710000 0.010000 2410 9.933511e-13 4.281749e-08
311 0.711000 0.010000 2406 9.972984e-13 4.180811e-08
312 0.712000 0.010000 2403 9.915715e-13 4.080184e-08
313 0.713000 0.010000 2399 9.941708e-13 3.981333e-08
314 0.714000 0.010000 2395 9.978560e-13 3.885290e-08
315 0.715000 0.010000 2392 9.919803e-13 3.792731e-08
316 0.716000 0.010000 2388 9.929930e-13 3.704056e-08
317 0.717000 0.010000 2384 9.995205e-13 3.619437e-08
318 0.718000 0.010000 2381 9.944255e-13 3.538904e-08
319 0.719000 0.010000 2377 9.978416e-13 3.462404e-08
320 0.720000 0.010000 2374 9.939140e-13 3.389846e-08
321 0.721000 0.010000 2371 9.897321e-13 3.321111e-08
322 0.722000 0.010000 2367 9.948334e-13 3.256078e-08
323 0.723000 0.010000 2364 9.906037e-13 3.194593e-08
324 0.724000 0.010000 2360 9.998048e-13 3.136493e-08
325 0.725000 0.010000 2357 9.959960e-13 3.081656e-08
326 0.726000 0.010000 2354 9.925891e-13 3.029987e-08
327 0.727000 0.010000 2350 9.997441e-13 2.981455e-08
328 0.728000 0.010000 2347 9.963207e-13 2.936051e-08
329 0.729000 0.010000 2344 9.952091e-13 2.893732e-08
330 0.730000 0.010000 2341 9.936452e-13 2.854388e-08
331 0.731000 0.010000 2338 9.929196e-13 2.817814e-08
332 0.732000 0.010000 2335 9.926761e-13 2.783714e-08
333 0.733000 0.010000 2332 9.916803e-13 2.751753e-08
334 0.734000 0.010000 2329 9.910050e-13 2.721592e-08
335 0.735000 0.010000 2326 9.881958e-13 2.692942e-08
336 0.736000 0.010000 2323 9.863559e-13 2.665611e-08
337 0.737000 0.010000 2319 9.982147e-13 2.639499e-08
338 0.738000 0.010000 2316 9.962066e-13 2.614612e-08
339 0.739000 0.010000 2313 9.922187e-13 2.591018e-08
340 0.740000 0.010000 2309 9.991105e-13 2.568792e-08
341 0.741000 0.010000 2306 9.938837e-13 2.548010e-08
342 0.742000 0.010000 2302 9.972546e-13 2.528706e-08
343 0.743000 0.010000 2299 9.934410e-13 2.510871e-08
344 0.744000 0.010000 2295 9.999086e-13 2.494513e-08
345 0.745000 0.010000 2292 9.936627e-13 2.479624e-08
346 0.746000 0.010000 2288 9.999858e-13 2.466201e-08
347 0.747000 0.010000 2285 9.939258e-13 2.454253e-08
348 0.748000 0.010000 2281 9.991382e-13 2.443745e-08
349 0.749000 0.010000 2278 9.942250e-13 2.434620e-08
350 0.750000 0.010000 2275 9.935303e-13 2.426827e-08
351 0.751000 0.010000 2272 9.896093e-13 2.420304e-08
352 0.752000 0.010000 2268 9.987532e-13 2.415044e-08
353 0.753000 0.010000 2265 9.964496e-13 2.411126e-08
354 0.754000 0.010000 2262 9.950246e-13 2.408668e-08
355 0.755000 0.010000 2259 9.926701e-13 2.407887e-08
356 0.756000 0.010000 2256 9.913813e-13 2.409033e-08
357 0.757000 0.010000 2253 9.907437e-13 2.412335e-08
358 0.758000 0.010000 2250 9.907457e-13 2.418025e-08
359 0.759000 0.010000 2247 9.907885e-13 2.426252e-08
360 0.760000 0.010000 2244 9.917938e-13 2.437087e-08
361 0.761000 0.010000 2241 9.930029e-13 2.450538e-08
362 0.762000 0.010000 2238 9.983662e-13 2.466518e-08
363 0.763000 0.010000 2236 9.959218e-13 2.484898e-08
364 0.764000 0.010000 2234 9.960528e-13 2.505523e-08
365 0.765000 0.010000 2233 9.911258e-13 2.528200e-08
366 0.766000 0.010000 2232 9.895372e-13 2.552734e-08
367 0.767000 0.010000 2231 9.923762e-13 2.578934e-08
368 0.768000 0.010000 2230 9.999162e-13 2.606593e-08
369 0.769000 0.010000 2230 9.997902e-13 2.635541e-08
370 0.770000 0.010000 2231 9.910213e-13 2.665645e-08
371 0.771000 0.010000 2231 9.950938e-13 2.696799e-08
372 0.772000 0.010000 2232 9.895510e-13 2.728978e-08
373 0.773000 0.010000 2232 9.945391e-13 2.762169e-08
374 0.774000 0.010000 2232 9.990995e-13 2.796372e-08
375 0.775000 0.010000 2233 9.926327e-13 2.831593e-08
376 0.776000 0.010000 2233 9.953209e-13 2.867772e-08
377 0.777000 0.010000 2233 9.968142e-13 2.904832e-08
378 0.778000 0.010000 2233 9.970204e-13 2.942685e-08
379 0.779000 0.010000 2233 9.958667e-13 2.981213e-08
380 0.780000 0.010000 2233 9.932882e-13 3.020364e-08
381 0.781000 0.010000 2232 9.991431e-13 3.060138e-08
382 0.782000 0.010000 2232 9.935114e-13 3.100605e-08
383 0.783000 0.010000 2231 9.972785e-13 3.141977e-08
384 0.784000 0.010000 2231 9.888764e-13 3.184547e-08
385 0.785000 0.010000 2230 9.910367e-13 3.228670e-08
386 0.786000 0.010000 2229 9.902688e-13 3.274754e-08
387 0.787000 0.010000 2228 9.902581e-13 3.323093e-08
388 0.788000 0.010000 2226 9.999072e-13 3.373868e-08
389 0.789000 0.010000 2225 9.977322e-13 3.427102e-08
390 0.790000 0.010000 2224 9.969963e-13 3.482592e-08
391 0.791000 0.010000 2223 9.955668e-13 3.540079e-08
392 0.792000 0.010000 2222 9.920213e-13 3.599263e-08
393 0.793000 0.010000 2221 9.899848e-13 3.659921e-08
394 0.794000 0.010000 2219 9.988456e-13 3.722037e-08
395 0.795000 0.010000 2218 9.962363e-13 3.785777e-08
396 0.796000 0.010000 2217 9.943994e-13 3.851511e-08
397 0.797000 0.010000 2216 9.901160e-13 3.919772e-08
398 0.798000 0.010000 2214 9.979468e-13 3.991169e-08
399 0.799000 0.010000 2213 9.940909e-13 4.066349e-08
400 0.800000 0.010000 2212 9.918013e-13 4.145958e-08
401 0.801000 0.010000 2211 9.906973e-13 4.230578e-08
402 0.802000 0.010000 2210 9.906523e-13 4.320726e-08
403 0.803000 0.010000 2209 9.902339e-13 4.416831e-08
404 0.804000 0.010000 2208 9.928082e-13 4.519210e-08
405 0.805000 0.010000 2207 9.996930e-13 4.628142e-08
406 0.806000 0.010000 2207 9.942079e-13 4.743852e-08
407 0.807000 0.010000 2206 9.996100e-13 4.866529e-08
408 0.808000 0.010000 2206 9.974631e-13 4.996379e-08
409 0.809000 0.010000 2206 9.968442e-13 5.133496e-08
410 0.810000 0.010000 2206 9.975874e-13 5.277906e-08
411 0.811000 0.010000 2206 9.995229e-13 5.429541e-08
412 0.812000 0.010000 2207 9.933322e-13 5.588177e-08
413 0.813000 0.010000 2207 9.971870e-13 5.753582e-08
414 0.814000 0.010000 2208 9.884583e-13 5.925486e-08
415 0.815000 0.010000 2208 9.940054e-13 6.103631e-08
416 0.816000 0.010000 2209 9.884431e-13 6.287956e-08
417 0.817000 0.010000 2209 9.957386e-13 6.478537e-08
418 0.818000 0.010000 2210 9.935138e-13 6.675716e-08
419 0.819000 0.010000 2211 9.923390e-13 6.880129e-08
420 0.820000 0.010000 2212 9.912065e-13 7.092572e-08
421 0.821000 0.010000 2213 9.904384e-13 7.314107e-08
422 0.822000 0.010000 2214 9.935111e-13 7.546014e-08
423 0.823000 0.010000 2215 9.976032e-13 7.789795e-08
424 0.824000 0.010000 2217 9.893178e-13 8.047307e-08
425 0.825000 0.010000 2218 9.936662e-13 8.320606e-08
426 0.826000 0.010000 2219 9.979249e-13 8.611894e-08
427 0.827000 0.010000 2221 9.914780e-13 8.923332e-08
428 0.828000 0.010000 2222 9.964800e-13 9.256769e-08
429 0.829000 0.010000 2224 9.912916e-13 9.613711e-08
430 0.830000 0.010000 2225 9.955600e-13 9.995161e-08
431 0.831000 0.010000 2226 9.994489e-13 1.040170e-07
432 0.832000 0.010000 2228 9.938079e-13 1.083356e-07
433 0.833000 0.010000 2229 9.953470e-13 1.129054e-07
434 0.834000 0.010000 2230 9.985336e-13 1.177211e-07
435 0.835000 0.010000 2232 9.891444e-13 1.227727e-07
436 0.836000 0.010000 2233 9.896051e-13 1.280449e-07
437 0.837000 0.010000 2234 9.893054e-13 1.335168e-07
438 0.838000 0.010000 2234 9.983067e-13 1.391584e-07
439 0.839000 0.010000 2235 9.938016e-13 1.449276e-07
440 0.840000 0.010000 2235 9.984157e-13 1.507633e-07
441 0.841000 0.010000 2236 9.885387e-13 1.565779e-07
442 0.842000 0.010000 2235 9.984793e-13 1.622521e-07
443 0.843000 0.010000 2235 9.926970e-13 1.676298e-07
444 0.844000 0.010000 2234 9.935820e-13 1.725219e-07
445 0.845000 0.010000 2233 9.882912e-13 1.767160e-07
446 0.846000 0.010000 2231 9.896658e-13 1.799928e-07
447 0.847000 0.010000 2228 9.948649e-13 1.821520e-07
448 0.848000 0.010000 2225 9.906651e-13 1.830373e-07
449 0.849000 0.010000 2221 9.911112e-13 1.825633e-07
450 0.850000 0.010000 2216 9.967541e-13 1.807317e-07
451 0.851000 0.010000 2211 9.961861e-13 1.776344e-07
452 0.852000 0.010000 2206 9.906334e-13 1.734427e-07
453 0.853000 0.010000 2200 9.914501e-13 1.683816e-07
454 0.854000 0.010000 2194 9.887329e-13 1.626992e-07
455 0.855000 0.010000 2187 9.959890e-13 1.566395e-07
456 0.856000 0.010000 2181 9.928796e-13 1.504184e-07
457 0.857000 0.010000 2175 9.906204e-13 1.442135e-07
458 0.858000 0.010000 2169 9.868804e-13 1.381594e-07
459 0.859000 0.010000 2162 9.967485e-13 1.323505e-07
460 0.860000 0.010000 2156 9.999803e-13 1.268482e-07
461 0.861000 0.010000 2151 9.924168e-13 1.216867e-07
462 0.862000 0.010000 2145 9.987448e-13 1.168805e-07
463 0.863000 0.010000 2140 9.941083e-13 1.124302e-07
464 0.864000 0.010000 2135 9.929538e-13 1.083268e-07
465 0.865000 0.010000 2130 9.906847e-13 1.045558e-07
466 0.866000 0.010000 2125 9.916655e-13 1.011007e-07
467 0.867000 0.010000 2120 9.938477e-13 9.794424e-08
468 0.868000 0.010000 2115 9.962844e-13 9.506993e-08
469 0.869000 0.010000 2111 9.911673e-13 9.246125e-08
470 0.870000 0.010000 2106 9.997775e-13 9.009991e-08
471 0.871000 0.010000 2102 9.972769e-13 8.796377e-08
472 0.872000 0.010000 2098 9.980586e-13 8.602373e-08
473 0.873000 0.010000 2094 9.996431e-13 8.424236e-08
474 0.874000 0.010000 2090 9.977121e-13 8.257406e-08
475 0.875000 0.010000 2086 9.965268e-13 8.096742e-08
476 0.876000 0.010000 2082 9.916573e-13 7.937082e-08
477 0.877000 0.010000 2077 9.964293e-13 7.773895e-08
478 0.878000 0.010000 2072 9.992539e-13 7.603917e-08
479 0.879000 0.010000 2067 9.934404e-13 7.425608e-08
480 0.880000 0.010000 2062 9.893147e-13 7.239169e-08
481 0.881000 0.010000 2056 9.878483e-13 7.046312e-08
482 0.882000 0.010000 2050 9.946243e-13 6.849750e-08
483 0.883000 0.010000 2044 9.929335e-13 6.652600e-08
484 0.884000 0.010000 2038 9.942041e-13 6.457927e-08
485 0.885000 0.010000 2032 9.909918e-13 6.268356e-08
486 0.886000 0.010000 2026 9.889907e-13 6.085869e-08
487 0.887000 0.010000 2020 9.917088e-13 5.911802e-08
488 0.888000 0.010000 2014 9.954808e-13 5.746882e-08
489 0.889000 0.010000 2009 9.929884e-13 5.591337e-08
490 0.890000 0.010000 2004 9.882217e-13 5.445071e-08
491 0.891000 0.010000 1999 9.927232e-13 5.307760e-08
492 0.892000 0.010000 1995 9.870200e-13 5.178933e-08
493 0.893000 0.010000 1990 9.966005e-13 5.058080e-08
494 0.894000 0.010000 1987 9.900938e-13 4.944655e-08
495 0.895000 0.010000 1983 9.935519e-13 4.838105e-08
496 0.896000 0.010000 1980 9.892556e-13 4.737927e-08
497 0.897000 0.010000 1977 9.884317e-13 4.643646e-08
498 0.898000 0.010000 1974 9.881585e-13 4.554835e-08
499 0.899000 0.010000 1971 9.904472e-13 4.471143e-08
500 0.900000 0.010000 1968 9.948002e-13 4.392244e-08
501 0.901000 0.010000 1965 9.990393e-13 4.317839e-08
502 0.902000 0.010000 1963 9.903834e-13 4.247620e-08
503 0.903000 0.010000 1960 9.936564e-13 4.181225e-08
504 0.904000 0.010000 1957 9.972758e-13 4.118255e-08
505 0.905000 0.010000 1954 9.995225e-13 4.058259e-08
506 0.906000 0.010000 1951 9.985072e-13 4.000761e-08
507 0.907000 0.010000 1948 9.957403e-13 3.945337e-08
508 0.908000 0.010000 1945 9.890347e-13 3.891606e-08
509 0.909000 0.010000 1941 9.927645e-13 3.839282e-08
510 0.910000 0.010000 1937 9.958439e-13 3.788178e-08
511 0.911000 0.010000 1933 9.913944e-13 3.738176e-08
512 0.912000 0.010000 1929 9.878802e-13 3.689209e-08
513 0.913000 0.010000 1924 9.909170e-13 3.641257e-08
514 0.914000 0.010000 1919 9.907589e-13 3.594314e-08
515 0.915000 0.010000 1914 9.913713e-13 3.548411e-08
516 0.916000 0.010000 1909 9.917377e-13 3.503581e-08
517 0.917000 0.010000 1904 9.904769e-13 3.459864e-08
518 0.918000 0.010000 1899 9.911134e-13 3.417298e-08
519 0.919000 0.010000 1894 9.929817e-13 3.375885e-08
520 0.920000 0.010000 1889 9.942762e-13 3.335628e-08
521 0.921000 0.010000 1884 9.956330e-13 3.296520e-08
522 0.922000 0.010000 1879 9.991243e-13 3.258527e-08
523 0.923000 0.010000 1875 9.895587e-13 3.221626e-08
524 0.924000 0.010000 1870 9.999085e-13 3.185802e-08
525 0.925000 0.010000 1866 9.966208e-13 3.151014e-08
526 0.926000 0.010000 1862 9.935090e-13 3.117250e-08
527 0.927000 0.010000 1858 9.948374e-13 3.084514e-08
528 0.928000 0.010000 1854 9.923491e-13 3.052799e-08
529 0.929000 0.010000 1850 9.928527e-13 3.022115e-08
530 0.930000 0.010000 1846 9.911942e-13 2.992465e-08
531 0.931000 0.010000 1842 9.921250e-13 2.963809e-08
532 0.932000 0.010000 1838 9.875138e-13 2.936109e-08
533 0.933000 0.010000 1833 9.970426e-13 2.909287e-08
534 0.934000 0.010000 1829 9.925443e-13 2.883251e-08
535 0.935000 0.010000 1824 9.989231e-13 2.857925e-08
536 0.936000 0.010000 1820 9.910943e-13 2.833226e-08
537 0.937000 0.010000 1815 9.965107e-13 2.809109e-08
538 0.938000 0.010000 1810 9.982464e-13 2.785554e-08
539 0.939000 0.010000 1806 9.885339e-13 2.762558e-08
540 0.940000 0.010000 1801 9.921878e-13 2.740133e-08
541 0.941000 0.010000 1796 9.962671e-13 2.718292e-08
542 0.942000 0.010000 1792 9.914158e-13 2.697047e-08
543 0.943000 0.010000 1787 9.966482e-13 2.676386e-08
544 0.944000 0.010000 1783 9.916301e-13 2.656290e-08
545 0.945000 0.010000 1779 9.881678e-13 2.636733e-08
546 0.946000 0.010000 1775 9.878459e-13 2.617647e-08
547 0.947000 0.010000 1771 9.881761e-13 2.598987e-08
548 0.948000 0.010000 1767 9.912482e-13 2.580709e-08
549 0.949000 0.010000 1763 9.888145e-13 2.562751e-08
550 0.950000 0.010000 1759 9.886745e-13 2.545102e-08
551 0.951000 0.010000 1755 9.928319e-13 2.527767e-08
552 0.952000 0.010000 1751 9.989182e-13 2.510743e-08
553 0.953000 0.010000 1748 9.939898e-13 2.494057e-08
554 0.954000 0.010000 1745 9.991029e-13 2.477731e-08
555 0.955000 0.010000 1742 9.942644e-13 2.461761e-08
556 0.956000 0.010000 1739 9.918370e-13 2.446165e-08
557 0.957000 0.010000 1736 9.974522e-13 2.430974e-08
558 0.958000 0.010000 1733 9.966889e-13 2.416203e-08
559 0.959000 0.010000 1730 9.937932e-13 2.401895e-08
560 0.960000 0.010000 1727 9.919998e-13 2.388108e-08
561 0.961000 0.010000 1724 9.984674e-13 2.374868e-08
562 0.962000 0.010000 1722 9.870091e-13 2.362202e-08
563 0.963000 0.010000 1719 9.936592e-13 2.350132e-08
564 0.964000 0.010000 1717 9.970910e-13 2.338640e-08
565 0.965000 0.010000 1715 9.917209e-13 2.327686e-08
566 0.966000 0.010000 1714 9.821364e-13 2.317231e-08
567 0.967000 0.010000 1712 9.935746e-13 2.307204e-08
568 0.968000 0.010000 1710 9.940019e-13 2.297527e-08
569 0.969000 0.010000 1709 9.965255e-13 2.288159e-08
570 0.970000 0.010000 1708 9.926597e-13 2.279042e-08
571 0.971000 0.010000 1706 9.905546e-13 2.270142e-08
572 0.972000 0.010000 1705 9.876422e-13 2.261458e-08
573 0.973000 0.010000 1703 9.968788e-13 2.252978e-08
574 0.974000 0.010000 1702 9.881896e-13 2.244707e-08
575 0.975000 0.010000 1701 9.889342e-13 2.236670e-08
576 0.976000 0.010000 1699 9.999230e-13 2.228879e-08
577 0.977000 0.010000 1699 9.879288e-13 2.221364e-08
578 0.978000 0.010000 1698 9.912459e-13 2.214155e-08
579 0.979000 0.010000 1698 9.841816e-13 2.207266e-08
580 0.980000 0.010000 1697 9.942214e-13 2.200716e-08
581 0.981000 0.010000 1697 9.886516e-13 2.194499e-08
582 0.982000 0.010000 1696 9.976808e-13 2.188593e-08
583 0.983000 0.010000 1696 9.906317e-13 2.182951e-08
584 0.984000 0.010000 1695 9.931808e-13 2.177513e-08
585 0.985000 0.010000 1694 9.980717e-13 2.172209e-08
586 0.986000 0.010000 1694 9.862339e-13 2.166971e-08
587 0.987000 0.010000 1693 9.893194e-13 2.161747e-08
588 0.988000 0.010000 1691 9.956830e-13 2.156504e-08
589 0.989000 0.010000 1690 9.900770e-13 2.151225e-08
590 0.990000 0.010000 1689 9.860287e-13 2.145897e-08
591 0.991000 0.010000 1687 9.878816e-13 2.140527e-08
592 0.992000 0.010000 1685 9.898300e-13 2.135102e-08
593 0.993000 0.010000 1683 9.882528e-13 2.129615e-08
594 0.994000 0.010000 1681 9.845368e-13 2.124076e-08
595 0.995000 0.010000 1678 9.901250e-13 2.118469e-08
596 0.996000 0.010000 1676 9.875317e-13 2.112782e-08
597 0.997000 0.010000 1673 9.859460e-13 2.107021e-08
598 0.998000 0.010000 1670 9.947998e-13 2.101146e-08
599 0.999000 0.010000 1667 9.960443e-13 2.095161e-08
600 1.000000 0.010000 1664 9.872280e-13 2.089066e-08
601 1.001000 0.010000 1660 9.937601e-13 2.082876e-08
602 1.002000 0.010000 1656 9.998680e-13 2.076645e-08
603 1.003000 0.010000 1653 9.898358e-13 2.070411e-08
604 1.004000 0.010000 1649 9.928016e-13 2.064215e-08
605 1.005000 0.010000 1645 9.981969e-13 2.058069e-08
606 1.006000 0.010000 1642 9.904219e-13 2.051974e-08
607 1.007000 0.010000 1638 9.960032e-13 2.045911e-08
608 1.008000 0.010000 1635 9.847112e-13 2.039868e-08
609 1.009000 0.010000 1631 9.912906e-13 2.033840e-08
610 1.010000 0.010000 1628 9.903143e-13 2.027835e-08
611 1.011000 0.010000 1624 9.966024e-13 2.021869e-08
612 1.012000 0.010000 1621 9.885206e-13 2.015966e-08
613 1.013000 0.010000 1617 9.988364e-13 2.010151e-08
614 1.014000 0.010000 1614 9.963152e-13 2.004442e-08
615 1.015000 0.010000 1611 9.878742e-13 1.998857e-08
616 1.016000 0.010000 1607 9.984284e-13 1.993402e-08
617 1.017000 0.010000 1604 9.926827e-13 1.988085e-08
618 1.018000 0.010000 1601 9.861596e-13 1.982933e-08
619 1.019000 0.010000 1597 9.935027e-13 1.977978e-08
620 1.020000 0.010000 1593 9.985126e-13 1.973251e-08
621 1.021000 0.010000 1590 9.925556e-13 1.968797e-08
622 1.022000 0.010000 1587 9.886443e-13 1.964630e-08
623 1.023000 0.010000 1583 9.982822e-13 1.960764e-08
624 1.024000 0.010000 1580 9.946536e-13 1.957211e-08
625 1.025000 0.010000 1577 9.970309e-13 1.953970e-08
626 1.026000 0.010000 1574 9.963829e-13 1.951052e-08
627 1.027000 0.010000 1571 9.965728e-13 1.948487e-08
628 1.028000 0.010000 1569 9.893197e-13 1.946283e-08
629 1.029000 0.010000 1566 9.897627e-13 1.944447e-08
630 1.030000 0.010000 1563 9.986500e-13 1.942984e-08
631 1.031000 0.010000 1561 9.897380e-13 1.941849e-08
632 1.032000 0.010000 1559 9.884079e-13 1.940995e-08
633 1.033000 0.010000 1556 9.961343e-13 1.940363e-08
634 1.034000 0.010000 1554 9.982343e-13 1.939876e-08
635 1.035000 0.010000 1552 9.933231e-13 1.939469e-08
636 1.036000 0.010000 1550 9.944035e-13 1.939110e-08
637 1.037000 0.010000 1548 9.968137e-13 1.938774e-08
638 1.038000 0.010000 1546 9.930816e-13 1.938492e-08
639 1.039000 0.010000 1544 9.984175e-13 1.938317e-08
640 1.040000 0.010000 1542 9.902061e-13 1.938297e-08
641 1.041000 0.010000 1540 9.945406e-13 1.938503e-08
642 1.042000 0.010000 1538 9.893924e-13 1.938951e-08
643 1.043000 0.010000 1535 9.978027e-13 1.939634e-08
644 1.044000 0.010000 1533 9.921987e-13 1.940528e-08
645 1.045000 0.010000 1530 9.939018e-13 1.941566e-08
646 1.046000 0.010000 1527 9.998030e-13 1.942682e-08
647 1.047000 0.010000 1524 9.997662e-13 1.943813e-08
648 1.048000 0.010000 1521 9.981201e-13 1.944885e-08
649 1.049000 0.010000 1518 9.995690e-13 1.945860e-08
650 1.050000 0.010000 1515 9.929773e-13 1.946722e-08
651 1.051000 0.010000 1512 9.913278e-13 1.947477e-08
652 1.052000 0.010000 1509 9.838945e-13 1.948180e-08
653 1.053000 0.010000 1505 9.935371e-13 1.948897e-08
654 1.054000 0.010000 1502 9.879946e-13 1.949696e-08
655 1.055000 0.010000 1498 9.967958e-13 1.950656e-08
656 1.056000 0.010000 1495 9.928192e-13 1.951810e-08
657 1.057000 0.010000 1492 9.838799e-13 1.953199e-08
658 1.058000 0.010000 1488 9.882207e-13 1.954822e-08
659 1.059000 0.010000 1484 9.974027e-13 1.956678e-08
660 1.060000 0.010000 1481 9.852672e-13 1.958747e-08
661 1.061000 0.010000 1477 9.868543e-13 1.961004e-08
662 1.062000 0.010000 1473 9.902799e-13 1.963399e-08
663 1.063000 0.010000 1469 9.912315e-13 1.965860e-08
664 1.064000 0.010000 1465 9.848166e-13 1.968311e-08
665 1.065000 0.010000 1460 9.958830e-13 1.970647e-08
666 1.066000 0.010000 1456 9.870538e-13 1.972780e-08
667 1.067000 0.010000 1451 9.911950e-13 1.974675e-08
668 1.068000 0.010000 1446 9.962189e-13 1.976319e-08
669 1.069000 0.010000 1441 9.989410e-13 1.977759e-08
670 1.070000 0.010000 1437 9.887554e-13 1.979106e-08
671 1.071000 0.010000 1432 9.925221e-13 1.980466e-08
672 1.072000 0.010000 1427 9.969840e-13 1.981971e-08
673 1.073000 0.010000 1423 9.887922e-13 1.983752e-08
674 1.074000 0.010000 1419 9.853971e-13 1.985893e-08
675 1.075000 0.010000 1415 9.866018e-13 1.988476e-08
676 1.076000 0.010000 1411 9.955419e-13 1.991561e-08
677 1.077000 0.010000 1408 9.886169e-13 1.995160e-08
678 1.078000 0.010000 1405 9.973541e-13 1.999293e-08
679 1.079000 0.010000 1403 9.861532e-13 2.003942e-08
680 1.080000 0.010000 1401 9.867083e-13 2.009046e-08
681 1.081000 0.010000 1399 9.893721e-13 2.014556e-08
682 1.082000 0.010000 1397 9.875257e-13 2.020396e-08
683 1.083000 0.010000 1395 9.934831e-13 2.026472e-08
684 1.084000 0.010000 1393 9.966212e-13 2.032736e-08
685 1.085000 0.010000 1391 9.961094e-13 2.039123e-08
686 1.086000 0.010000 1389 9.950069e-13 2.045578e-08
687 1.087000 0.010000 1387 9.918238e-13 2.052094e-08
688 1.088000 0.010000 1385 9.871938e-13 2.058669e-08
689 1.089000 0.010000 1382 9.965169e-13 2.065327e-08
690 1.090000 0.010000 1380 9.868910e-13 2.072154e-08
691 1.091000 0.010000 1377 9.930542e-13 2.079237e-08
692 1.092000 0.010000 1375 9.848715e-13 2.086660e-08
693 1.093000 0.010000 1372 9.853146e-13 2.094525e-08
694 1.094000 0.010000 1369 9.964756e-13 2.102871e-08
695 1.095000 0.010000 1366 9.982544e-13 2.111711e-08
696 1.096000 0.010000 1364 9.929004e-13 2.121020e-08
697 1.097000 0.010000 1361 9.915275e-13 2.130714e-08
698 1.098000 0.010000 1359 9.853471e-13 2.140684e-08
699 1.099000 0.010000 1356 9.840480e-13 2.150785e-08
700 1.100000 0.010000 1353 9.937456e-13 2.160874e-08
701 1.101000 0.010000 1350 9.886149e-13 2.170794e-08
702 1.102000 0.010000 1347 9.971353e-13 2.180423e-08
703 1.103000 0.010000 1344 9.890880e-13 2.189685e-08
704 1.104000 0.010000 1341 9.898197e-13 2.198524e-08
705 1.105000 0.010000 1337 9.987505e-13 2.206954e-08
706 1.106000 0.010000 1334 9.945361e-13 2.215037e-08
707 1.107000 0.010000 1331 9.896133e-13 2.222830e-08
708 1.108000 0.010000 1327 9.952476e-13 2.230442e-08
709 1.109000 0.010000 1324 9.912832e-13 2.237976e-08
710 1.110000 0.010000 1320 9.927987e-13 2.245481e-08
711 1.111000 0.010000 1317 9.856894e-13 2.253050e-08
712 1.112000 0.010000 1313 9.869859e-13 2.260697e-08
713 1.113000 0.010000 1309 9.873761e-13 2.268441e-08
714 1.114000 0.010000 1305 9.935721e-13 2.276350e-08
715 1.115000 0.010000 1301 9.954380e-13 2.284456e-08
716 1.116000 0.010000 1297 9.960319e-13 2.292862e-08
717 1.117000 0.010000 1294 9.853129e-13 2.301724e-08
718 1.118000 0.010000 1290 9.855859e-13 2.311125e-08
719 1.119000 0.010000 1286 9.925545e-13 2.321184e-08
720 1.120000 0.010000 1282 9.993638e-13 2.331952e-08
721 1.121000 0.010000 1279 9.884568e-13 2.343354e-08
722 1.122000 0.010000 1276 9.802194e-13 2.355326e-08
723 1.123000 0.010000 1272 9.934692e-13 2.367734e-08
724 1.124000 0.010000 1269 9.889129e-13 2.380428e-08
725 1.125000 0.010000 1265 9.990808e-13 2.393362e-08
726 1.126000 0.010000 1262 9.940664e-13 2.406469e-08
727 1.127000 0.010000 1259 9.867290e-13 2.419739e-08
728 1.128000 0.010000 1255 9.978357e-13 2.433215e-08
729 1.129000 0.010000 1252 9.906374e-13 2.446878e-08
730 1.130000 0.010000 1248 9.992376e-13 2.460722e-08
731 1.131000 0.010000 1245 9.878590e-13 2.474751e-08
732 1.132000 0.010000 1241 9.956578e-13 2.488894e-08
733 1.133000 0.010000 1238 9.810533e-13 2.503116e-08
734 1.134000 0.010000 1234 9.882753e-13 2.517377e-08
735 1.135000 0.010000 1230 9.909885e-13 2.531627e-08
736 1.136000 0.010000 1226 9.982388e-13 2.545869e-08
737 1.137000 0.010000 1222 9.941436e-13 2.560140e-08
738 1.138000 0.010000 1218 9.937794e-13 2.574538e-08
739 1.139000 0.010000 1214 9.925448e-13 2.589214e-08
740 1.140000 0.010000 1210 9.933601e-13 2.604338e-08
741 1.141000 0.010000 1206 9.893103e-13 2.620102e-08
742 1.142000 0.010000 1202 9.891183e-13 2.636672e-08
743 1.143000 0.010000 1198 9.874020e-13 2.654154e-08
744 1.144000 0.010000 1194 9.866312e-13 2.672635e-08
745 1.145000 0.010000 1190 9.854073e-13 2.692126e-08
746 1.146000 0.010000 1186 9.835910e-13 2.712589e-08
747 1.147000 0.010000 1182 9.820415e-13 2.733969e-08
748 1.148000 0.010000 1177 9.939310e-13 2.756133e-08
749 1.149000 0.010000 1173 9.947703e-13 2.778916e-08
750 1.150000 0.010000 1169 9.836724e-13 2.802106e-08
751 1.151000 0.010000 1164 9.969788e-13 2.825426e-08
752 1.152000 0.010000 1160 9.971802e-13 2.848582e-08
753 1.153000 0.010000 1156 9.907230e-13 2.871329e-08
754 1.154000 0.010000 1151 9.979245e-13 2.893433e-08
755 1.155000 0.010000 1147 9.810459e-13 2.914795e-08
756 1.156000 0.010000 1142 9.953628e-13 2.935436e-08
757 1.157000 0.010000 1137 9.922575e-13 2.955425e-08
758 1.158000 0.010000 1132 9.871041e-13 2.974969e-08
759 1.159000 0.010000 1127 9.879983e-13 2.994279e-08
760 1.160000 0.010000 1122 9.948391e-13 3.013566e-08
761 1.161000 0.010000 1117 9.885209e-13 3.033063e-08
762 1.162000 0.010000 1112 9.811022e-13 3.052958e-08
763 1.163000 0.010000 1107 9.871922e-13 3.073421e-08
764 1.164000 0.010000 1102 9.751917e-13 3.094636e-08
765 1.165000 0.010000 1096 9.929460e-13 3.116704e-08
766 1.166000 0.010000 1091 9.855035e-13 3.139719e-08
767 1.167000 0.010000 1086 9.804995e-13 3.163704e-08
768 1.168000 0.010000 1081 9.789767e-13 3.188598e-08
769 1.169000 0.010000 1076 9.789673e-13 3.214325e-08
770 1.170000 0.010000 1070 9.982522e-13 3.240765e-08
771 1.171000 0.010000 1065 9.933256e-13 3.267847e-08
772 1.172000 0.010000 1060 9.913386e-13 3.295583e-08
773 1.173000 0.010000 1055 9.913576e-13 3.324051e-08
774 1.174000 0.010000 1050 9.942458e-13 3.353422e-08
775 1.175000 0.010000 1045 9.998844e-13 3.383889e-08
776 1.176000 0.010000 1041 9.823980e-13 3.415633e-08
777 1.177000 0.010000 1036 9.811707e-13 3.448809e-08
778 1.178000 0.010000 1031 9.837731e-13 3.483503e-08
779 1.179000 0.010000 1026 9.836467e-13 3.519750e-08
780 1.180000 0.010000 1021 9.871751e-13 3.557577e-08
781 1.181000 0.010000 1016 9.888533e-13 3.596983e-08
782 1.182000 0.010000 1011 9.866472e-13 3.637968e-08
783 1.183000 0.010000 1006 9.870130e-13 3.680565e-08
784 1.184000 0.010000 1001 9.811079e-13 3.724808e-08
785 1.185000 0.010000 995 9.948487e-13 3.770725e-08
786 1.186000 0.010000 991 9.772761e-13 3.818378e-08
787 1.187000 0.010000 985 9.942110e-13 3.867826e-08
788 1.188000 0.010000 980 9.888983e-13 3.919141e-08
789 1.189000 0.010000 975 9.927433e-13 3.972418e-08
790 1.190000 0.010000 970 9.858019e-13 4.027754e-08
791 1.191000 0.010000 965 9.771300e-13 4.085215e-08
792 1.192000 0.010000 960 9.749002e-13 4.144885e-08
793 1.193000 0.010000 954 9.832736e-13 4.206740e-08
794 1.194000 0.010000 949 9.816061e-13 4.270792e-08
795 1.195000 0.010000 943 9.867136e-13 4.337011e-08
796 1.196000 0.010000 937 9.914341e-13 4.405378e-08
797 1.197000 0.010000 931 9.981209e-13 4.475976e-08
798 1.198000 0.010000 926 9.828819e-13 4.548921e-08
799 1.199000 0.010000 920 9.822747e-13 4.624402e-08
800 1.200000 0.010000 914 9.970055e-13 4.702668e-08
801 1.201000 0.010000 909 9.747448e-13 4.783892e-08
802 1.202000 0.010000 902 9.991051e-13 4.868181e-08
803 1.203000 0.010000 897 9.749027e-13 4.955490e-08
804 1.204000 0.010000 891 9.746841e-13 5.045604e-08
805 1.205000 0.010000 885 9.784932e-13 5.138184e-08
806 1.206000 0.010000 878 9.971665e-13 5.232745e-08
807 1.207000 0.010000 872 9.999129e-13 5.328825e-08
808 1.208000 0.010000 866 9.828762e-13 5.426024e-08
809 1.209000 0.010000 859 9.933937e-13 5.524156e-08
810 1.210000 0.010000 853 9.810800e-13 5.623391e-08
811 1.211000 0.010000 846 9.950271e-13 5.724170e-08
812 1.212000 0.010000 839 9.926556e-13 5.827351e-08
813 1.213000 0.010000 832 9.953087e-13 5.933925e-08
814 1.214000 0.010000 825 9.753690e-13 6.044963e-08
815 1.215000 0.010000 817 9.865612e-13 6.161438e-08
816 1.216000 0.010000 811 9.851978e-13 6.284049e-08
817 1.217000 0.010000 804 9.733079e-13 6.413116e-08
818 1.218000 0.010000 797 9.711347e-13 6.548727e-08
819 1.219000 0.010000 790 9.875782e-13 6.690675e-08
820 1.220000 0.010000 783 9.697243e-13 6.838757e-08
821 1.221000 0.010000 775 9.795069e-13 6.992963e-08
822 1.222000 0.010000 767 9.902250e-13 7.153517e-08
823 1.223000 0.010000 760 9.845052e-13 7.321048e-08
824 1.224000 0.010000 752 9.798451e-13 7.496458e-08
825 1.225000 0.010000 745 9.887795e-13 7.680813e-08
826 1.226000 0.010000 738 9.648152e-13 7.875231e-08
827 1.227000 0.010000 730 9.705082e-13 8.080818e-08
828 1.228000 0.010000 722 9.841328e-13 8.298646e-08
829 1.229000 0.010000 714 9.880084e-13 8.529788e-08
830 1.230000 0.010000 706 9.970922e-13 8.775281e-08
831 1.231000 0.010000 698 9.713425e-13 9.036142e-08
832 1.232000 0.010000 689 9.870899e-13 9.313215e-08
833 1.233000 0.010000 680 9.742473e-13 9.607141e-08
834 1.234000 0.010000 672 9.849928e-13 9.918375e-08
835 1.235000 0.010000 663 9.798216e-13 1.024709e-07
836 1.236000 0.010000 654 9.693416e-13 1.059342e-07
837 1.237000 0.010000 644 9.952010e-13 1.095750e-07
838 1.238000 0.010000 634 9.992780e-13 1.133969e-07
839 1.239000 0.010000 625 9.675260e-13 1.174069e-07
840 1.240000 0.010000 615 9.598688e-13 1.216169e-07
841 1.241000 0.010000 604 9.990543e-13 1.260416e-07
842 1.242000 0.010000 595 9.597992e-13 1.306973e-07
843 1.243000 0.010000 584 9.972660e-13 1.356007e-07
844 1.244000 0.010000 575 9.590471e-13 1.407663e-07
845 1.245000 0.010000 563 9.931123e-13 1.462061e-07
846 1.246000 0.010000 551 9.792891e-13 1.519293e-07
847 1.247000 0.010000 540 9.742303e-13 1.579431e-07
848 1.248000 0.010000 529 9.891986e-13 1.642541e-07
849 1.249000 0.010000 518 9.570435e-13 1.708691e-07
850 1.250000 0.010000 506 9.710796e-13 1.777957e-07
851 1.251000 0.010000 494 9.597304e-13 1.850398e-07
852 1.252000 0.010000 481 9.558150e-13 1.926001e-07
853 1.253000 0.010000 466 9.572726e-13 2.004595e-07
854 1.254000 0.010000 452 9.660343e-13 2.085730e-07
855 1.255000 0.010000 439 9.459207e-13 2.168538e-07
856 1.256000 0.010000 424 9.811874e-13 2.251616e-07
857 1.257000 0.010000 408 9.676828e-13 2.332945e-07
858 1.258000 0.010000 394 9.439236e-13 2.409890e-07
859 1.259000 0.010000 379 9.689107e-13 2.479311e-07
860 1.260000 0.010000 366 9.669419e-13 2.537810e-07
861 1.261000 0.010000 352 9.807827e-13 2.582064e-07
862 1.262000 0.010000 338 9.870281e-13 2.609177e-07
863 1.263000 0.010000 325 9.937710e-13 2.617034e-07
864 1.264000 0.010000 311 9.948357e-13 2.604542e-07
865 1.265000 0.010000 298 9.918449e-13 2.571785e-07
866 1.266000 0.010000 286 9.861457e-13 2.520025e-07
867 1.267000 0.010000 275 9.010006e-13 2.451578e-07
868 1.268000 0.010000 263 9.839119e-13 2.369564e-07
869 1.269000 0.010000 252 9.307825e-13 2.277571e-07
870 1.270000 0.010000 241 9.571839e-13 2.179275e-07
871 1.271000 0.010000 230 9.906701e-13 2.078096e-07
872 1.272000 0.010000 220 9.143081e-13 1.976944e-07
873 1.273000 0.010000 210 9.140102e-13 1.878084e-07
874 1.274000 0.010000 202 9.132007e-13 1.783119e-07
875 1.275000 0.010000 195 8.975824e-13 1.693065e-07
876 1.276000 0.010000 188 9.210130e-13 1.608459e-07
877 1.277000 0.010000 182 9.124879e-13 1.529490e-07
878 1.278000 0.010000 176 9.590240e-13 1.456101e-07
879 1.279000 0.010000 171 8.980892e-13 1.388076e-07
880 1.280000 0.010000 166 8.928611e-13 1.325110e-07
881 1.281000 0.010000 161 9.388905e-13 1.266853e-07
882 1.282000 0.010000 156 9.778789e-13 1.212939e-07
883 1.283000 0.010000 152 9.323205e-13 1.163008e-07
884 1.284000 0.010000 148 9.075456e-13 1.116715e-07
885 1.285000 0.010000 144 9.427460e-13 1.073739e-07
886 1.286000 0.010000 141 8.682307e-13 1.033784e-07
887 1.287000 0.010000 138 8.445235e-13 9.965775e-08
888 1.288000 0.010000 135 8.260283e-13 9.618754e-08
889 1.289000 0.010000 132 8.628708e-13 9.294549e-08
890 1.290000 0.010000 129 9.406982e-13 8.991176e-08
891 1.291000 0.010000 127 8.519688e-13 8.706824e-08
892 1.292000 0.010000 124 9.573453e-13 8.439880e-08
893 1.293000 0.010000 122 9.079682e-13 8.188890e-08
894 1.294000 0.010000 120 8.784756e-13 7.952543e-08
895 1.295000 0.010000 118 8.660084e-13 7.729662e-08
896 1.296000 0.010000 116 8.623621e-13 7.519184e-08
897 1.297000 0.010000 114 8.909650e-13 7.320148e-08
898 1.298000 0.010000 112 9.248318e-13 7.131682e-08
899 1.299000 0.010000 110 9.865587e-13 6.953004e-08
900 1.300000 0.010000 109 8.438746e-13 6.783398e-08
901 1.301000 0.010000 107 9.424116e-13 6.622212e-08
902 1.302000 0.010000 106 8.445643e-13 6.468859e-08
903 1.303000 0.010000 104 9.774838e-13 6.322800e-08
904 1.304000 0.010000 103 8.857511e-13 6.183546e-08
905 1.305000 0.010000 102 8.031957e-13 6.050648e-08
906 1.306000 0.010000 100 9.775434e-13 5.923688e-08
907 1.307000 0.010000 99 9.274372e-13 5.802291e-08
908 1.308000 0.010000 98 8.758789e-13 5.686112e-08
909 1.309000 0.010000 97 8.454292e-13 5.574828e-08
910 1.310000 0.010000 96 8.395052e-13 5.468148e-08
911 1.311000 0.010000 95 8.313288e-13 5.365800e-08
912 1.312000 0.010000 94 8.155381e-13 5.267531e-08
913 1.313000 0.010000 93 8.076740e-13 5.173106e-08
914 1.314000 0.010000 92 8.096879e-13 5.082317e-08
915 1.315000 0.010000 91 8.175372e-13 4.994955e-08
916 1.316000 0.010000 90 8.276242e-13 4.910846e-08
917 1.317000 0.010000 89 8.555487e-13 4.829807e-08
918 1.318000 0.010000 88 8.944821e-13 4.751683e-08
919 1.319000 0.010000 87 9.251265e-13 4.676315e-08
920 1.320000 0.010000 86 9.856062e-13 4.603574e-08
921 1.321000 0.010000 86 7.725275e-13 4.533326e-08
922 1.322000 0.010000 85 8.459836e-13 4.465445e-08
923 1.323000 0.010000 84 9.233422e-13 4.399822e-08
924 1.324000 0.010000 84 7.325709e-13 4.336345e-08
925 1.325000 0.010000 83 8.028903e-13 4.274914e-08
926 1.326000 0.010000 82 8.762783e-13 4.215436e-08
927 1.327000 0.010000 81 9.759126e-13 4.157820e-08
928 1.328000 0.010000 81 7.865705e-13 4.101985e-08
929 1.329000 0.010000 80 8.923738e-13 4.047848e-08
930 1.330000 0.010000 79 9.956502e-13 3.995338e-08
931 1.331000 0.010000 79 8.108180e-13 3.944385e-08
932 1.332000 0.010000 78 9.408374e-13 3.894921e-08
933 1.333000 0.010000 78 7.706075e-13 3.846885e-08
934 1.334000 0.010000 77 9.008078e-13 3.800218e-08
935 1.335000 0.010000 77 7.420034e-13 3.754863e-08
936 1.336000 0.010000 76 8.610031e-13 3.710768e-08
937 1.337000 0.010000 75 9.957244e-13 3.667882e-08
938 1.338000 0.010000 75 8.277925e-13 3.626158e-08
939 1.339000 0.010000 74 9.874578e-13 3.585551e-08
940 1.340000 0.010000 74 8.251320e-13 3.546018e-08
941 1.341000 0.010000 73 9.892036e-13 3.507519e-08
942 1.342000 0.010000 73 8.307386e-13 3.470013e-08
943 1.343000 0.010000 72 9.856607e-13 3.433465e-08
944 1.344000 0.010000 72 8.316645e-13 3.397840e-08
945 1.345000 0.010000 72 7.025209e-13 3.363104e-08
946 1.346000 0.010000 71 8.538421e-13 3.329227e-08
947 1.347000 0.010000 71 7.244694e-13 3.296176e-08
948 1.348000 0.010000 70 9.127818e-13 3.263925e-08
949 1.349000 0.010000 70 7.779929e-13 3.232443e-08
950 1.350000 0.010000 69 9.542577e-13 3.201705e-08
951 1.351000 0.010000 69 8.168287e-13 3.171687e-08
952 1.352000 0.010000 69 6.998584e-13 3.142365e-08
953 1.353000 0.010000 68 8.648266e-13 3.113715e-08
954 1.354000 0.010000 68 7.439394e-13 3.085715e-08
955 1.355000 0.010000 67 9.611427e-13 3.058344e-08
956 1.356000 0.010000 67 8.300743e-13 3.031582e-08
957 1.357000 0.010000 67 7.174898e-13 3.005410e-08
958 1.358000 0.010000 66 9.353223e-13 2.979807e-08
959 1.359000 0.010000 66 8.116294e-13 2.954759e-08
960 1.360000 0.010000 66 7.048568e-13 2.930248e-08
961 1.361000 0.010000 65 9.104316e-13 2.906257e-08
962 1.362000 0.010000 65 7.935513e-13 2.882769e-08
963 1.363000 0.010000 65 6.921949e-13 2.859771e-08
964 1.364000 0.010000 64 9.159234e-13 2.837245e-08
965 1.365000 0.010000 64 8.018139e-13 2.815182e-08
966 1.366000 0.010000 64 7.024156e-13 2.793565e-08
967 1.367000 0.010000 63 9.308051e-13 2.772384e-08
968 1.368000 0.010000 63 8.182583e-13 2.751623e-08
969 1.369000 0.010000 63 7.197971e-13 2.731273e-08
970 1.370000 0.010000 62 9.596556e-13 2.711319e-08
971 1.371000 0.010000 62 8.470561e-13 2.691753e-08
972 1.372000 0.010000 62 7.481358e-13 2.672565e-08
973 1.373000 0.010000 61 9.991074e-13 2.653743e-08
974 1.374000 0.010000 61 8.852648e-13 2.635277e-08
975 1.375000 0.010000 61 7.848572e-13 2.617157e-08
976 1.376000 0.010000 61 6.962434e-13 2.599374e-08
977 1.377000 0.010000 60 9.472843e-13 2.581917e-08
978 1.378000 0.010000 60 8.429219e-13 2.564783e-08
979 1.379000 0.010000 60 7.504706e-13 2.547961e-08
980 1.380000 0.010000 60 6.685228e-13 2.531442e-08
981 1.381000 0.010000 59 9.292267e-13 2.515220e-08
982 1.382000 0.010000 59 8.301736e-13 2.499285e-08
983 1.383000 0.010000 59 7.420613e-13 2.483630e-08
984 1.384000 0.010000 59 6.636381e-13 2.468250e-08
985 1.385000 0.010000 58 9.496092e-13 2.453134e-08
986 1.386000 0.010000 58 8.517292e-13 2.438281e-08
987 1.387000 0.010000 58 7.643058e-13 2.423682e-08
988 1.388000 0.010000 58 6.861819e-13 2.409331e-08
989 1.389000 0.010000 57 9.763738e-13 2.395223e-08
990 1.390000 0.010000 57 8.789771e-13 2.381350e-08
991 1.391000 0.010000 57 7.916531e-13 2.367707e-08
992 1.392000 0.010000 57 7.133223e-13 2.354290e-08
993 1.393000 0.010000 57 6.430251e-13 2.341092e-08
994 1.394000 0.010000 56 9.339665e-13 2.328111e-08
995 1.395000 0.010000 56 8.441368e-13 2.315337e-08
996 1.396000 0.010000 56 7.632660e-13 2.302769e-08
997 1.397000 0.010000 56 6.904282e-13 2.290401e-08
998 1.398000 0.010000 56 6.247963e-13 2.278229e-08
999 1.399000 0.010000 55 9.300696e-13 2.266247e-08
1000 1.400000 0.010000 55 8.438484e-13 2.254453e-08
