# Generalizd shifted MINRES method
# A = /home/u11674/DATA/VCNT10800h_A.csr
# B = /home/u11674/DATA/VCNT10800h_B.csr
# inner=1.000000e-10, outer=1.000000e-12
# status=-2548, time=286
# converged 1001 / 1001
0 0.400000 0.010000 2548 9.960816e-13 9.398372e-11
1 0.401000 0.010000 2547 9.900552e-13 9.418043e-11
2 0.402000 0.010000 2545 9.953032e-13 9.445244e-11
3 0.403000 0.010000 2544 9.932332e-13 9.473182e-11
4 0.404000 0.010000 2543 9.918677e-13 9.508898e-11
5 0.405000 0.010000 2542 9.918321e-13 9.551555e-11
6 0.406000 0.010000 2541 9.946470e-13 9.596547e-11
7 0.407000 0.010000 2540 9.981422e-13 9.648583e-11
8 0.408000 0.010000 2540 9.948077e-13 9.703904e-11
9 0.409000 0.010000 2540 9.931234e-13 9.761646e-11
10 0.410000 0.010000 2540 9.927391e-13 9.819563e-11
11 0.411000 0.010000 2540 9.931487e-13 9.877540e-11
12 0.412000 0.010000 2540 9.937424e-13 9.931043e-11
13 0.413000 0.010000 2540 9.938826e-13 9.977658e-11
14 0.414000 0.010000 2540 9.929811e-13 1.002121e-10
15 0.415000 0.010000 2539 9.999872e-13 1.005326e-10
16 0.416000 0.010000 2539 9.956311e-13 1.007643e-10
17 0.417000 0.010000 2538 9.990685e-13 1.009544e-10
18 0.418000 0.010000 2537 9.992389e-13 1.009922e-10
19 0.419000 0.010000 2536 9.972410e-13 1.009665e-10
20 0.420000 0.010000 2535 9.936280e-13 1.008970e-10
21 0.421000 0.010000 2533 9.967314e-13 1.006762e-10
22 0.422000 0.010000 2531 9.986825e-13 1.004634e-10
23 0.423000 0.010000 2529 9.992817e-13 1.001507e-10
24 0.424000 0.010000 2527 9.980287e-13 9.979943e-11
25 0.425000 0.010000 2525 9.969627e-13 9.944610e-11
26 0.426000 0.010000 2523 9.957750e-13 9.906783e-11
27 0.427000 0.010000 2521 9.955397e-13 9.870791e-11
28 0.428000 0.010000 2519 9.944452e-13 9.837666e-11
29 0.429000 0.010000 2517 9.940464e-13 9.804513e-11
30 0.430000 0.010000 2515 9.936288e-13 9.781136e-11
31 0.431000 0.010000 2513 9.949671e-13 9.760294e-11
32 0.432000 0.010000 2511 9.963877e-13 9.742760e-11
33 0.433000 0.010000 2509 9.960164e-13 9.733813e-11
34 0.434000 0.010000 2507 9.951567e-13 9.723691e-11
35 0.435000 0.010000 2505 9.968298e-13 9.718864e-11
36 0.436000 0.010000 2503 9.976501e-13 9.719265e-11
37 0.437000 0.010000 2501 9.955295e-13 9.714593e-11
38 0.438000 0.010000 2499 9.943270e-13 9.715900e-11
39 0.439000 0.010000 2497 9.941574e-13 9.714608e-11
40 0.440000 0.010000 2495 9.936243e-13 9.711048e-11
41 0.441000 0.010000 2492 9.990114e-13 9.707114e-11
42 0.442000 0.010000 2490 9.950538e-13 9.701291e-11
43 0.443000 0.010000 2487 9.960913e-13 9.691992e-11
44 0.444000 0.010000 2484 9.978217e-13 9.682774e-11
45 0.445000 0.010000 2481 9.972505e-13 9.671593e-11
46 0.446000 0.010000 2478 9.961755e-13 9.659335e-11
47 0.447000 0.010000 2475 9.935555e-13 9.648451e-11
48 0.448000 0.010000 2472 9.919700e-13 9.639227e-11
49 0.449000 0.010000 2468 9.980861e-13 9.629791e-11
50 0.450000 0.010000 2466 9.885101e-13 9.624801e-11
51 0.451000 0.010000 2463 9.889545e-13 9.623572e-11
52 0.452000 0.010000 2460 9.962543e-13 9.621283e-11
53 0.453000 0.010000 2458 9.883499e-13 9.628370e-11
54 0.454000 0.010000 2456 9.858691e-13 9.637521e-11
55 0.455000 0.010000 2453 9.967604e-13 9.645951e-11
56 0.456000 0.010000 2451 9.961300e-13 9.661756e-11
57 0.457000 0.010000 2449 9.998337e-13 9.677582e-11
58 0.458000 0.010000 2448 9.898512e-13 9.690451e-11
59 0.459000 0.010000 2446 9.908729e-13 9.709817e-11
60 0.460000 0.010000 2444 9.920971e-13 9.725177e-11
61 0.461000 0.010000 2442 9.911260e-13 9.738489e-11
62 0.462000 0.010000 2440 9.903770e-13 9.756423e-11
63 0.463000 0.010000 2437 9.996449e-13 9.768859e-11
64 0.464000 0.010000 2435 9.993917e-13 9.782604e-11
65 0.465000 0.010000 2433 9.984726e-13 9.798561e-11
66 0.466000 0.010000 2431 9.965592e-13 9.805151e-11
67 0.467000 0.010000 2429 9.927733e-13 9.820348e-11
68 0.468000 0.010000 2426 9.992401e-13 9.833203e-11
69 0.469000 0.010000 2424 9.932328e-13 9.839894e-11
70 0.470000 0.010000 2421 9.981555e-13 9.854592e-11
71 0.471000 0.010000 2418 9.999769e-13 9.864000e-11
72 0.472000 0.010000 2416 9.921856e-13 9.868058e-11
73 0.473000 0.010000 2413 9.918527e-13 9.881730e-11
74 0.474000 0.010000 2409 9.991302e-13 9.884743e-11
75 0.475000 0.010000 2406 9.960620e-13 9.885171e-11
76 0.476000 0.010000 2402 9.990034e-13 9.895060e-11
77 0.477000 0.010000 2399 9.927506e-13 9.891002e-11
78 0.478000 0.010000 2395 9.931216e-13 9.890128e-11
79 0.479000 0.010000 2391 9.940433e-13 9.895707e-11
80 0.480000 0.010000 2386 9.985904e-13 9.887285e-11
81 0.481000 0.010000 2381 9.983998e-13 9.886998e-11
82 0.482000 0.010000 2376 9.968026e-13 9.889447e-11
83 0.483000 0.010000 2370 9.987102e-13 9.882355e-11
84 0.484000 0.010000 2364 9.943468e-13 9.881553e-11
85 0.485000 0.010000 2357 9.968455e-13 9.885091e-11
86 0.486000 0.010000 2350 9.960042e-13 9.876397e-11
87 0.487000 0.010000 2343 9.959755e-13 9.879102e-11
88 0.488000 0.010000 2336 9.992328e-13 9.881182e-11
89 0.489000 0.010000 2330 9.908949e-13 9.874398e-11
90 0.490000 0.010000 2323 9.926004e-13 9.879465e-11
91 0.491000 0.010000 2315 9.980171e-13 9.880691e-11
92 0.492000 0.010000 2307 9.931297e-13 9.880543e-11
93 0.493000 0.010000 2297 9.966282e-13 9.884954e-11
94 0.494000 0.010000 2287 9.889259e-13 9.890792e-11
95 0.495000 0.010000 2276 9.989608e-13 9.888944e-11
96 0.496000 0.010000 2266 9.935043e-13 9.895523e-11
97 0.497000 0.010000 2255 9.949129e-13 9.897572e-11
98 0.498000 0.010000 2241 9.993558e-13 9.893887e-11
99 0.499000 0.010000 2230 9.895412e-13 9.894667e-11
100 0.500000 0.010000 2218 9.904672e-13 9.887706e-11
101 0.501000 0.010000 2207 9.903705e-13 9.876152e-11
102 0.502000 0.010000 2194 9.976881e-13 9.861752e-11
103 0.503000 0.010000 2181 9.902314e-13 9.839518e-11
104 0.504000 0.010000 2168 9.839131e-13 9.807490e-11
105 0.505000 0.010000 2155 9.853239e-13 9.774330e-11
106 0.506000 0.010000 2142 9.917493e-13 9.738584e-11
107 0.507000 0.010000 2129 9.879293e-13 9.687765e-11
108 0.508000 0.010000 2116 9.852428e-13 9.642635e-11
109 0.509000 0.010000 2103 9.886578e-13 9.599670e-11
110 0.510000 0.010000 2091 9.987154e-13 9.551848e-11
111 0.511000 0.010000 2079 9.628172e-13 9.509205e-11
112 0.512000 0.010000 2066 9.681600e-13 9.470959e-11
113 0.513000 0.010000 2053 9.754734e-13 9.435501e-11
114 0.514000 0.010000 2040 9.957513e-13 9.405754e-11
115 0.515000 0.010000 2029 9.693271e-13 9.379625e-11
116 0.516000 0.010000 2017 9.830129e-13 9.356240e-11
117 0.517000 0.010000 2006 9.583723e-13 9.344499e-11
118 0.518000 0.010000 1995 9.678276e-13 9.329293e-11
119 0.519000 0.010000 1985 9.567972e-13 9.317726e-11
120 0.520000 0.010000 1974 9.821601e-13 9.313986e-11
121 0.521000 0.010000 1964 9.699768e-13 9.309566e-11
122 0.522000 0.010000 1953 9.820136e-13 9.306439e-11
123 0.523000 0.010000 1943 9.816421e-13 9.308692e-11
124 0.524000 0.010000 1935 9.615063e-13 9.310463e-11
125 0.525000 0.010000 1927 9.790719e-13 9.308174e-11
126 0.526000 0.010000 1920 9.910180e-13 9.313586e-11
127 0.527000 0.010000 1914 9.741500e-13 9.319156e-11
128 0.528000 0.010000 1908 9.969648e-13 9.325105e-11
129 0.529000 0.010000 1903 9.835896e-13 9.328246e-11
130 0.530000 0.010000 1898 9.723338e-13 9.334105e-11
131 0.531000 0.010000 1893 9.753309e-13 9.340905e-11
132 0.532000 0.010000 1888 9.926106e-13 9.350168e-11
133 0.533000 0.010000 1885 9.598330e-13 9.359692e-11
134 0.534000 0.010000 1880 9.879970e-13 9.369030e-11
135 0.535000 0.010000 1877 9.705369e-13 9.375390e-11
136 0.536000 0.010000 1873 9.939533e-13 9.389235e-11
137 0.537000 0.010000 1870 9.680737e-13 9.401334e-11
138 0.538000 0.010000 1867 9.631455e-13 9.414071e-11
139 0.539000 0.010000 1864 9.764610e-13 9.426246e-11
140 0.540000 0.010000 1862 9.415596e-13 9.438704e-11
141 0.541000 0.010000 1859 9.616520e-13 9.454266e-11
142 0.542000 0.010000 1857 9.620810e-13 9.469795e-11
143 0.543000 0.010000 1854 9.908659e-13 9.485781e-11
144 0.544000 0.010000 1853 9.957229e-13 9.504105e-11
145 0.545000 0.010000 1851 9.892767e-13 9.522395e-11
146 0.546000 0.010000 1851 9.453714e-13 9.544195e-11
147 0.547000 0.010000 1849 9.732299e-13 9.566915e-11
148 0.548000 0.010000 1848 9.939579e-13 9.587388e-11
149 0.549000 0.010000 1848 9.711712e-13 9.611051e-11
150 0.550000 0.010000 1847 9.997893e-13 9.638479e-11
151 0.551000 0.010000 1846 9.996325e-13 9.666548e-11
152 0.552000 0.010000 1846 9.960058e-13 9.691262e-11
153 0.553000 0.010000 1846 9.975362e-13 9.718552e-11
154 0.554000 0.010000 1847 9.918234e-13 9.750957e-11
155 0.555000 0.010000 1848 9.622500e-13 9.781231e-11
156 0.556000 0.010000 1848 9.780160e-13 9.809273e-11
157 0.557000 0.010000 1848 9.999273e-13 9.839827e-11
158 0.558000 0.010000 1849 9.686088e-13 9.874179e-11
159 0.559000 0.010000 1851 9.457359e-13 9.903122e-11
160 0.560000 0.010000 1851 9.872108e-13 9.931788e-11
161 0.561000 0.010000 1853 9.885031e-13 9.961206e-11
162 0.562000 0.010000 1854 9.724061e-13 9.993389e-11
163 0.563000 0.010000 1856 9.837849e-13 1.002346e-10
164 0.564000 0.010000 1857 9.837785e-13 1.005366e-10
165 0.565000 0.010000 1859 9.878590e-13 1.008536e-10
166 0.566000 0.010000 1862 9.442423e-13 1.011669e-10
167 0.567000 0.010000 1864 9.761860e-13 1.014870e-10
168 0.568000 0.010000 1867 9.437353e-13 1.018328e-10
169 0.569000 0.010000 1869 9.922885e-13 1.022299e-10
170 0.570000 0.010000 1872 9.771836e-13 1.025929e-10
171 0.571000 0.010000 1875 9.653416e-13 1.029918e-10
172 0.572000 0.010000 1878 9.732470e-13 1.034443e-10
173 0.573000 0.010000 1881 9.977717e-13 1.038829e-10
174 0.574000 0.010000 1886 9.513045e-13 1.043186e-10
175 0.575000 0.010000 1889 9.895018e-13 1.048188e-10
176 0.576000 0.010000 1893 9.963956e-13 1.053172e-10
177 0.577000 0.010000 1897 9.972847e-13 1.058192e-10
178 0.578000 0.010000 1902 9.715866e-13 1.063769e-10
179 0.579000 0.010000 1907 9.564219e-13 1.069330e-10
180 0.580000 0.010000 1912 9.538654e-13 1.074831e-10
181 0.581000 0.010000 1917 9.705226e-13 1.080963e-10
182 0.582000 0.010000 1923 9.552772e-13 1.087172e-10
183 0.583000 0.010000 1928 9.763258e-13 1.093296e-10
184 0.584000 0.010000 1935 9.788730e-13 1.099754e-10
185 0.585000 0.010000 1941 9.857186e-13 1.106330e-10
186 0.586000 0.010000 1949 9.833016e-13 1.113660e-10
187 0.587000 0.010000 1957 9.937370e-13 1.120731e-10
188 0.588000 0.010000 1967 9.737226e-13 1.128393e-10
189 0.589000 0.010000 1975 9.997299e-13 1.136614e-10
190 0.590000 0.010000 1985 9.985732e-13 1.145182e-10
191 0.591000 0.010000 1996 9.587679e-13 1.154203e-10
192 0.592000 0.010000 2006 9.775100e-13 1.163369e-10
193 0.593000 0.010000 2016 9.983683e-13 1.173726e-10
194 0.594000 0.010000 2027 9.684319e-13 1.184016e-10
195 0.595000 0.010000 2036 9.920967e-13 1.194609e-10
196 0.596000 0.010000 2047 9.995963e-13 1.206005e-10
197 0.597000 0.010000 2059 9.722295e-13 1.217312e-10
198 0.598000 0.010000 2070 9.737968e-13 1.229568e-10
199 0.599000 0.010000 2080 9.991693e-13 1.241703e-10
200 0.600000 0.010000 2093 9.674259e-13 1.254506e-10
201 0.601000 0.010000 2104 9.766993e-13 1.267719e-10
202 0.602000 0.010000 2114 9.927555e-13 1.281053e-10
203 0.603000 0.010000 2125 9.805663e-13 1.295407e-10
204 0.604000 0.010000 2135 9.820692e-13 1.310100e-10
205 0.605000 0.010000 2145 9.885595e-13 1.325416e-10
206 0.606000 0.010000 2156 9.830802e-13 1.341541e-10
207 0.607000 0.010000 2167 9.849818e-13 1.358652e-10
208 0.608000 0.010000 2177 9.892229e-13 1.376287e-10
209 0.609000 0.010000 2187 9.880906e-13 1.394917e-10
210 0.610000 0.010000 2196 9.924497e-13 1.414598e-10
211 0.611000 0.010000 2205 9.934831e-13 1.434620e-10
212 0.612000 0.010000 2214 9.849019e-13 1.455381e-10
213 0.613000 0.010000 2222 9.900698e-13 1.476931e-10
214 0.614000 0.010000 2230 9.976175e-13 1.498500e-10
215 0.615000 0.010000 2239 9.935755e-13 1.520597e-10
216 0.616000 0.010000 2247 9.973065e-13 1.542948e-10
217 0.617000 0.010000 2255 9.977674e-13 1.564996e-10
218 0.618000 0.010000 2262 9.951811e-13 1.587478e-10
219 0.619000 0.010000 2269 9.917903e-13 1.609185e-10
220 0.620000 0.010000 2275 9.866015e-13 1.630905e-10
221 0.621000 0.010000 2280 9.933539e-13 1.651704e-10
222 0.622000 0.010000 2285 9.933020e-13 1.671805e-10
223 0.623000 0.010000 2289 9.996552e-13 1.691942e-10
224 0.624000 0.010000 2294 9.899535e-13 1.710714e-10
225 0.625000 0.010000 2298 9.903548e-13 1.729536e-10
226 0.626000 0.010000 2301 9.938781e-13 1.748820e-10
227 0.627000 0.010000 2304 9.980854e-13 1.767389e-10
228 0.628000 0.010000 2308 9.936695e-13 1.787316e-10
229 0.629000 0.010000 2311 9.956856e-13 1.808461e-10
230 0.630000 0.010000 2314 9.981697e-13 1.829790e-10
231 0.631000 0.010000 2318 9.878129e-13 1.854449e-10
232 0.632000 0.010000 2321 9.903567e-13 1.880881e-10
233 0.633000 0.010000 2324 9.946286e-13 1.908674e-10
234 0.634000 0.010000 2328 9.910453e-13 1.941073e-10
235 0.635000 0.010000 2331 9.949763e-13 1.975418e-10
236 0.636000 0.010000 2335 9.939673e-13 2.012232e-10
237 0.637000 0.010000 2339 9.925714e-13 2.054032e-10
238 0.638000 0.010000 2343 9.966512e-13 2.097309e-10
239 0.639000 0.010000 2348 9.899064e-13 2.144368e-10
240 0.640000 0.010000 2352 9.983311e-13 2.195531e-10
241 0.641000 0.010000 2357 9.959568e-13 2.248594e-10
242 0.642000 0.010000 2362 9.939768e-13 2.305779e-10
243 0.643000 0.010000 2366 9.996215e-13 2.365887e-10
244 0.644000 0.010000 2371 9.955150e-13 2.428081e-10
245 0.645000 0.010000 2375 9.977811e-13 2.493107e-10
246 0.646000 0.010000 2380 9.887059e-13 2.559734e-10
247 0.647000 0.010000 2384 9.932708e-13 2.627233e-10
248 0.648000 0.010000 2388 9.902636e-13 2.695233e-10
249 0.649000 0.010000 2391 9.993155e-13 2.762752e-10
250 0.650000 0.010000 2395 9.938584e-13 2.828925e-10
251 0.651000 0.010000 2398 9.946507e-13 2.893398e-10
252 0.652000 0.010000 2401 9.948224e-13 2.954863e-10
253 0.653000 0.010000 2404 9.923875e-13 3.013419e-10
254 0.654000 0.010000 2406 9.984838e-13 3.069036e-10
255 0.655000 0.010000 2409 9.922932e-13 3.120722e-10
256 0.656000 0.010000 2411 9.947902e-13 3.169665e-10
257 0.657000 0.010000 2413 9.934704e-13 3.215476e-10
258 0.658000 0.010000 2415 9.898852e-13 3.257839e-10
259 0.659000 0.010000 2416 9.939718e-13 3.298227e-10
260 0.660000 0.010000 2417 9.953444e-13 3.335457e-10
261 0.661000 0.010000 2418 9.959174e-13 3.370179e-10
262 0.662000 0.010000 2419 9.941797e-13 3.403309e-10
263 0.663000 0.010000 2420 9.904148e-13 3.433526e-10
264 0.664000 0.010000 2420 9.945578e-13 3.462412e-10
265 0.665000 0.010000 2420 9.966801e-13 3.489888e-10
266 0.666000 0.010000 2420 9.967749e-13 3.514932e-10
267 0.667000 0.010000 2420 9.948459e-13 3.539298e-10
268 0.668000 0.010000 2420 9.909067e-13 3.561365e-10
269 0.669000 0.010000 2419 9.948072e-13 3.581101e-10
270 0.670000 0.010000 2418 9.974799e-13 3.598762e-10
271 0.671000 0.010000 2417 9.971240e-13 3.613182e-10
272 0.672000 0.010000 2416 9.966023e-13 3.624839e-10
273 0.673000 0.010000 2415 9.954329e-13 3.633783e-10
274 0.674000 0.010000 2414 9.915638e-13 3.641067e-10
275 0.675000 0.010000 2412 9.988554e-13 3.647111e-10
276 0.676000 0.010000 2411 9.953600e-13 3.653814e-10
277 0.677000 0.010000 2410 9.936420e-13 3.662458e-10
278 0.678000 0.010000 2409 9.936481e-13 3.673446e-10
279 0.679000 0.010000 2408 9.948648e-13 3.688715e-10
280 0.680000 0.010000 2407 9.992485e-13 3.708649e-10
281 0.681000 0.010000 2407 9.958564e-13 3.732719e-10
282 0.682000 0.010000 2407 9.946566e-13 3.762744e-10
283 0.683000 0.010000 2407 9.954424e-13 3.797782e-10
284 0.684000 0.010000 2407 9.980024e-13 3.837869e-10
285 0.685000 0.010000 2408 9.913512e-13 3.884632e-10
286 0.686000 0.010000 2408 9.968617e-13 3.936772e-10
287 0.687000 0.010000 2409 9.943784e-13 3.995045e-10
288 0.688000 0.010000 2410 9.935019e-13 4.060439e-10
289 0.689000 0.010000 2411 9.917945e-13 4.131291e-10
290 0.690000 0.010000 2412 9.930563e-13 4.208299e-10
291 0.691000 0.010000 2413 9.957412e-13 4.291077e-10
292 0.692000 0.010000 2414 9.969758e-13 4.377333e-10
293 0.693000 0.010000 2416 9.908563e-13 4.466806e-10
294 0.694000 0.010000 2417 9.919052e-13 4.557453e-10
295 0.695000 0.010000 2418 9.955589e-13 4.646271e-10
296 0.696000 0.010000 2419 9.984236e-13 4.731362e-10
297 0.697000 0.010000 2420 9.976214e-13 4.809438e-10
298 0.698000 0.010000 2421 9.959847e-13 4.876223e-10
299 0.699000 0.010000 2422 9.894425e-13 4.928867e-10
300 0.700000 0.010000 2422 9.901699e-13 4.964137e-10
301 0.701000 0.010000 2421 9.977962e-13 4.978209e-10
302 0.702000 0.010000 2420 9.992379e-13 4.970777e-10
303 0.703000 0.010000 2419 9.970137e-13 4.940673e-10
304 0.704000 0.010000 2417 9.990116e-13 4.888904e-10
305 0.705000 0.010000 2415 9.991287e-13 4.818883e-10
306 0.706000 0.010000 2413 9.942223e-13 4.732887e-10
307 0.707000 0.010000 2410 9.954854e-13 4.635114e-10
308 0.708000 0.010000 2407 9.934803e-13 4.529320e-10
309 0.709000 0.010000 2404 9.908679e-13 4.418717e-10
310 0.710000 0.010000 2400 9.986381e-13 4.305885e-10
311 0.711000 0.010000 2397 9.929370e-13 4.193842e-10
312 0.712000 0.010000 2393 9.968317e-13 4.083741e-10
313 0.713000 0.010000 2390 9.907170e-13 3.977182e-10
314 0.714000 0.010000 2386 9.938632e-13 3.875561e-10
315 0.715000 0.010000 2382 9.977785e-13 3.779018e-10
316 0.716000 0.010000 2379 9.940791e-13 3.688153e-10
317 0.717000 0.010000 2375 9.993276e-13 3.603245e-10
318 0.718000 0.010000 2372 9.927399e-13 3.523746e-10
319 0.719000 0.010000 2368 9.993808e-13 3.449945e-10
320 0.720000 0.010000 2365 9.947336e-13 3.381444e-10
321 0.721000 0.010000 2362 9.902646e-13 3.317615e-10
322 0.722000 0.010000 2358 9.965099e-13 3.258855e-10
323 0.723000 0.010000 2355 9.927410e-13 3.204311e-10
324 0.724000 0.010000 2352 9.906199e-13 3.153638e-10
325 0.725000 0.010000 2348 9.974918e-13 3.107685e-10
326 0.726000 0.010000 2345 9.973092e-13 3.064292e-10
327 0.727000 0.010000 2342 9.939417e-13 3.025569e-10
328 0.728000 0.010000 2339 9.927450e-13 2.989993e-10
329 0.729000 0.010000 2336 9.941770e-13 2.957264e-10
330 0.730000 0.010000 2333 9.937998e-13 2.928703e-10
331 0.731000 0.010000 2330 9.918185e-13 2.902319e-10
332 0.732000 0.010000 2327 9.913784e-13 2.878162e-10
333 0.733000 0.010000 2324 9.917752e-13 2.856858e-10
334 0.734000 0.010000 2321 9.920224e-13 2.836487e-10
335 0.735000 0.010000 2318 9.915939e-13 2.816740e-10
336 0.736000 0.010000 2315 9.906842e-13 2.798560e-10
337 0.737000 0.010000 2312 9.897484e-13 2.779611e-10
338 0.738000 0.010000 2308 9.988339e-13 2.760518e-10
339 0.739000 0.010000 2305 9.946460e-13 2.741852e-10
340 0.740000 0.010000 2302 9.912538e-13 2.722245e-10
341 0.741000 0.010000 2298 9.979620e-13 2.702606e-10
342 0.742000 0.010000 2295 9.942088e-13 2.683862e-10
343 0.743000 0.010000 2291 9.985688e-13 2.664574e-10
344 0.744000 0.010000 2288 9.939816e-13 2.646704e-10
345 0.745000 0.010000 2285 9.887531e-13 2.630388e-10
346 0.746000 0.010000 2281 9.944863e-13 2.614804e-10
347 0.747000 0.010000 2278 9.896307e-13 2.602043e-10
348 0.748000 0.010000 2274 9.971210e-13 2.590639e-10
349 0.749000 0.010000 2271 9.952426e-13 2.581757e-10
350 0.750000 0.010000 2268 9.906125e-13 2.575079e-10
351 0.751000 0.010000 2264 9.994290e-13 2.570136e-10
352 0.752000 0.010000 2261 9.983110e-13 2.567695e-10
353 0.753000 0.010000 2258 9.979042e-13 2.567270e-10
354 0.754000 0.010000 2255 9.952698e-13 2.569166e-10
355 0.755000 0.010000 2252 9.936515e-13 2.573435e-10
356 0.756000 0.010000 2249 9.928553e-13 2.580533e-10
357 0.757000 0.010000 2246 9.925350e-13 2.590256e-10
358 0.758000 0.010000 2243 9.917132e-13 2.603118e-10
359 0.759000 0.010000 2240 9.906215e-13 2.619147e-10
360 0.760000 0.010000 2237 9.920743e-13 2.638077e-10
361 0.761000 0.010000 2234 9.961076e-13 2.659810e-10
362 0.762000 0.010000 2232 9.896252e-13 2.684796e-10
363 0.763000 0.010000 2229 9.996479e-13 2.711185e-10
364 0.764000 0.010000 2228 9.917127e-13 2.739594e-10
365 0.765000 0.010000 2226 9.967047e-13 2.770612e-10
366 0.766000 0.010000 2225 9.958512e-13 2.801788e-10
367 0.767000 0.010000 2224 9.988484e-13 2.835604e-10
368 0.768000 0.010000 2224 9.955015e-13 2.871590e-10
369 0.769000 0.010000 2224 9.955588e-13 2.908327e-10
370 0.770000 0.010000 2224 9.981904e-13 2.948504e-10
371 0.771000 0.010000 2225 9.922104e-13 2.990529e-10
372 0.772000 0.010000 2225 9.973584e-13 3.033729e-10
373 0.773000 0.010000 2226 9.912952e-13 3.080669e-10
374 0.774000 0.010000 2226 9.960417e-13 3.128528e-10
375 0.775000 0.010000 2226 9.999754e-13 3.178338e-10
376 0.776000 0.010000 2227 9.908800e-13 3.231569e-10
377 0.777000 0.010000 2227 9.924928e-13 3.285142e-10
378 0.778000 0.010000 2227 9.928171e-13 3.341638e-10
379 0.779000 0.010000 2227 9.917810e-13 3.400237e-10
380 0.780000 0.010000 2227 9.893213e-13 3.459178e-10
381 0.781000 0.010000 2226 9.975752e-13 3.520817e-10
382 0.782000 0.010000 2226 9.921809e-13 3.582553e-10
383 0.783000 0.010000 2225 9.970215e-13 3.644639e-10
384 0.784000 0.010000 2224 9.985416e-13 3.707268e-10
385 0.785000 0.010000 2224 9.890348e-13 3.768639e-10
386 0.786000 0.010000 2223 9.905126e-13 3.829616e-10
387 0.787000 0.010000 2222 9.897891e-13 3.889928e-10
388 0.788000 0.010000 2220 9.988669e-13 3.948662e-10
389 0.789000 0.010000 2219 9.978788e-13 4.007602e-10
390 0.790000 0.010000 2218 9.986275e-13 4.065515e-10
391 0.791000 0.010000 2217 9.949871e-13 4.123551e-10
392 0.792000 0.010000 2216 9.936251e-13 4.182371e-10
393 0.793000 0.010000 2215 9.944801e-13 4.240214e-10
394 0.794000 0.010000 2214 9.899214e-13 4.300078e-10
395 0.795000 0.010000 2213 9.883338e-13 4.359464e-10
396 0.796000 0.010000 2211 9.953084e-13 4.418794e-10
397 0.797000 0.010000 2210 9.926331e-13 4.479938e-10
398 0.798000 0.010000 2208 9.998088e-13 4.538947e-10
399 0.799000 0.010000 2207 9.978733e-13 4.598868e-10
400 0.800000 0.010000 2206 9.946873e-13 4.659036e-10
401 0.801000 0.010000 2205 9.949722e-13 4.716678e-10
402 0.802000 0.010000 2204 9.925988e-13 4.776280e-10
403 0.803000 0.010000 2203 9.938222e-13 4.835400e-10
404 0.804000 0.010000 2202 9.999921e-13 4.894231e-10
405 0.805000 0.010000 2202 9.929045e-13 4.957777e-10
406 0.806000 0.010000 2201 9.960522e-13 5.022830e-10
407 0.807000 0.010000 2201 9.923556e-13 5.093626e-10
408 0.808000 0.010000 2201 9.903078e-13 5.172759e-10
409 0.809000 0.010000 2201 9.897741e-13 5.257810e-10
410 0.810000 0.010000 2201 9.905904e-13 5.354131e-10
411 0.811000 0.010000 2201 9.925882e-13 5.460765e-10
412 0.812000 0.010000 2201 9.956182e-13 5.576944e-10
413 0.813000 0.010000 2201 9.995670e-13 5.706948e-10
414 0.814000 0.010000 2202 9.958561e-13 5.847696e-10
415 0.815000 0.010000 2203 9.873309e-13 6.001152e-10
416 0.816000 0.010000 2203 9.937907e-13 6.169298e-10
417 0.817000 0.010000 2204 9.891789e-13 6.348878e-10
418 0.818000 0.010000 2204 9.976091e-13 6.543825e-10
419 0.819000 0.010000 2205 9.974019e-13 6.752262e-10
420 0.820000 0.010000 2206 9.965201e-13 6.973200e-10
421 0.821000 0.010000 2207 9.980541e-13 7.209860e-10
422 0.822000 0.010000 2208 9.977760e-13 7.459199e-10
423 0.823000 0.010000 2210 9.913292e-13 7.722884e-10
424 0.824000 0.010000 2211 9.936024e-13 8.002209e-10
425 0.825000 0.010000 2212 9.997381e-13 8.295720e-10
426 0.826000 0.010000 2214 9.921125e-13 8.607265e-10
427 0.827000 0.010000 2215 9.986272e-13 8.936791e-10
428 0.828000 0.010000 2217 9.905894e-13 9.285854e-10
429 0.829000 0.010000 2218 9.966624e-13 9.657811e-10
430 0.830000 0.010000 2220 9.892171e-13 1.005317e-09
431 0.831000 0.010000 2221 9.927384e-13 1.047524e-09
432 0.832000 0.010000 2222 9.977086e-13 1.092533e-09
433 0.833000 0.010000 2224 9.887075e-13 1.140396e-09
434 0.834000 0.010000 2225 9.916957e-13 1.191234e-09
435 0.835000 0.010000 2226 9.945130e-13 1.244781e-09
436 0.836000 0.010000 2227 9.935757e-13 1.300878e-09
437 0.837000 0.010000 2228 9.935238e-13 1.359126e-09
438 0.838000 0.010000 2229 9.909206e-13 1.418892e-09
439 0.839000 0.010000 2229 9.979952e-13 1.479696e-09
440 0.840000 0.010000 2230 9.916902e-13 1.540561e-09
441 0.841000 0.010000 2230 9.934971e-13 1.600626e-09
442 0.842000 0.010000 2230 9.918858e-13 1.658645e-09
443 0.843000 0.010000 2229 9.971628e-13 1.712950e-09
444 0.844000 0.010000 2228 9.982935e-13 1.761962e-09
445 0.845000 0.010000 2227 9.930833e-13 1.803373e-09
446 0.846000 0.010000 2225 9.939157e-13 1.835293e-09
447 0.847000 0.010000 2222 9.997992e-13 1.855778e-09
448 0.848000 0.010000 2219 9.972514e-13 1.863224e-09
449 0.849000 0.010000 2216 9.869324e-13 1.857127e-09
450 0.850000 0.010000 2211 9.922118e-13 1.837373e-09
451 0.851000 0.010000 2206 9.917627e-13 1.805128e-09
452 0.852000 0.010000 2200 9.975041e-13 1.762290e-09
453 0.853000 0.010000 2195 9.878083e-13 1.710998e-09
454 0.854000 0.010000 2188 9.967820e-13 1.654114e-09
455 0.855000 0.010000 2182 9.936075e-13 1.594060e-09
456 0.856000 0.010000 2176 9.924896e-13 1.532803e-09
457 0.857000 0.010000 2170 9.907601e-13 1.472460e-09
458 0.858000 0.010000 2164 9.849325e-13 1.413978e-09
459 0.859000 0.010000 2158 9.899742e-13 1.358146e-09
460 0.860000 0.010000 2152 9.936916e-13 1.305833e-09
461 0.861000 0.010000 2146 9.921463e-13 1.256686e-09
462 0.862000 0.010000 2141 9.917850e-13 1.211096e-09
463 0.863000 0.010000 2135 9.968532e-13 1.169046e-09
464 0.864000 0.010000 2130 9.959259e-13 1.129860e-09
465 0.865000 0.010000 2125 9.929454e-13 1.093904e-09
466 0.866000 0.010000 2120 9.955193e-13 1.060555e-09
467 0.867000 0.010000 2115 9.998264e-13 1.029447e-09
468 0.868000 0.010000 2111 9.929902e-13 1.000850e-09
469 0.869000 0.010000 2106 9.991455e-13 9.739263e-10
470 0.870000 0.010000 2102 9.947122e-13 9.488328e-10
471 0.871000 0.010000 2098 9.938450e-13 9.253742e-10
472 0.872000 0.010000 2094 9.936594e-13 9.028970e-10
473 0.873000 0.010000 2090 9.955356e-13 8.815105e-10
474 0.874000 0.010000 2086 9.956996e-13 8.604804e-10
475 0.875000 0.010000 2082 9.948717e-13 8.393332e-10
476 0.876000 0.010000 2078 9.913057e-13 8.178363e-10
477 0.877000 0.010000 2073 9.937414e-13 7.952351e-10
478 0.878000 0.010000 2068 9.950072e-13 7.715509e-10
479 0.879000 0.010000 2063 9.908348e-13 7.468002e-10
480 0.880000 0.010000 2057 9.966500e-13 7.209813e-10
481 0.881000 0.010000 2051 9.970379e-13 6.948121e-10
482 0.882000 0.010000 2046 9.877034e-13 6.686381e-10
483 0.883000 0.010000 2040 9.895859e-13 6.428316e-10
484 0.884000 0.010000 2034 9.929573e-13 6.181281e-10
485 0.885000 0.010000 2028 9.871682e-13 5.945440e-10
486 0.886000 0.010000 2021 9.980883e-13 5.723584e-10
487 0.887000 0.010000 2015 9.979457e-13 5.517781e-10
488 0.888000 0.010000 2010 9.901022e-13 5.325791e-10
489 0.889000 0.010000 2004 9.972905e-13 5.148773e-10
490 0.890000 0.010000 1999 9.932369e-13 4.986238e-10
491 0.891000 0.010000 1994 9.985201e-13 4.835416e-10
492 0.892000 0.010000 1990 9.958107e-13 4.697676e-10
493 0.893000 0.010000 1986 9.926177e-13 4.570783e-10
494 0.894000 0.010000 1982 9.947249e-13 4.453707e-10
495 0.895000 0.010000 1978 9.981221e-13 4.346424e-10
496 0.896000 0.010000 1975 9.956054e-13 4.247399e-10
497 0.897000 0.010000 1972 9.967174e-13 4.156201e-10
498 0.898000 0.010000 1969 9.978456e-13 4.072192e-10
499 0.899000 0.010000 1966 9.987372e-13 3.994557e-10
500 0.900000 0.010000 1964 9.928178e-13 3.923365e-10
501 0.901000 0.010000 1961 9.965856e-13 3.857158e-10
502 0.902000 0.010000 1958 9.993542e-13 3.795727e-10
503 0.903000 0.010000 1956 9.902730e-13 3.738726e-10
504 0.904000 0.010000 1953 9.949674e-13 3.684406e-10
505 0.905000 0.010000 1950 9.974697e-13 3.632661e-10
506 0.906000 0.010000 1947 9.958844e-13 3.582665e-10
507 0.907000 0.010000 1944 9.928317e-13 3.533077e-10
508 0.908000 0.010000 1941 9.873488e-13 3.483863e-10
509 0.909000 0.010000 1937 9.886838e-13 3.434291e-10
510 0.910000 0.010000 1933 9.899147e-13 3.384137e-10
511 0.911000 0.010000 1929 9.863021e-13 3.334107e-10
512 0.912000 0.010000 1925 9.831613e-13 3.283282e-10
513 0.913000 0.010000 1920 9.911733e-13 3.232974e-10
514 0.914000 0.010000 1915 9.930828e-13 3.183708e-10
515 0.915000 0.010000 1910 9.893525e-13 3.134858e-10
516 0.916000 0.010000 1905 9.887875e-13 3.087760e-10
517 0.917000 0.010000 1900 9.913095e-13 3.042567e-10
518 0.918000 0.010000 1895 9.916109e-13 2.998911e-10
519 0.919000 0.010000 1890 9.915828e-13 2.957075e-10
520 0.920000 0.010000 1885 9.926946e-13 2.917676e-10
521 0.921000 0.010000 1880 9.940020e-13 2.879682e-10
522 0.922000 0.010000 1875 9.964802e-13 2.843329e-10
523 0.923000 0.010000 1871 9.870787e-13 2.809045e-10
524 0.924000 0.010000 1866 9.968563e-13 2.775599e-10
525 0.925000 0.010000 1862 9.929558e-13 2.743653e-10
526 0.926000 0.010000 1858 9.912301e-13 2.713317e-10
527 0.927000 0.010000 1854 9.934330e-13 2.683598e-10
528 0.928000 0.010000 1850 9.926202e-13 2.654894e-10
529 0.929000 0.010000 1846 9.943666e-13 2.627448e-10
530 0.930000 0.010000 1842 9.917790e-13 2.600323e-10
531 0.931000 0.010000 1838 9.922581e-13 2.573952e-10
532 0.932000 0.010000 1834 9.890303e-13 2.548897e-10
533 0.933000 0.010000 1830 9.897895e-13 2.523576e-10
534 0.934000 0.010000 1825 9.969134e-13 2.499517e-10
535 0.935000 0.010000 1821 9.881534e-13 2.476653e-10
536 0.936000 0.010000 1816 9.937347e-13 2.453336e-10
537 0.937000 0.010000 1811 9.998701e-13 2.431467e-10
538 0.938000 0.010000 1807 9.896887e-13 2.410782e-10
539 0.939000 0.010000 1802 9.934871e-13 2.389423e-10
540 0.940000 0.010000 1797 9.967802e-13 2.369788e-10
541 0.941000 0.010000 1793 9.932365e-13 2.351673e-10
542 0.942000 0.010000 1789 9.838942e-13 2.332544e-10
543 0.943000 0.010000 1784 9.946063e-13 2.315353e-10
544 0.944000 0.010000 1780 9.916168e-13 2.299780e-10
545 0.945000 0.010000 1775 9.999456e-13 2.282690e-10
546 0.946000 0.010000 1772 9.904914e-13 2.267719e-10
547 0.947000 0.010000 1768 9.912254e-13 2.253548e-10
548 0.948000 0.010000 1764 9.926654e-13 2.238195e-10
549 0.949000 0.010000 1760 9.909569e-13 2.224581e-10
550 0.950000 0.010000 1756 9.966716e-13 2.211443e-10
551 0.951000 0.010000 1752 9.971090e-13 2.197237e-10
552 0.952000 0.010000 1749 9.880245e-13 2.184495e-10
553 0.953000 0.010000 1745 9.928167e-13 2.172448e-10
554 0.954000 0.010000 1742 9.873157e-13 2.159501e-10
555 0.955000 0.010000 1739 9.959305e-13 2.147993e-10
556 0.956000 0.010000 1736 9.997926e-13 2.137000e-10
557 0.957000 0.010000 1733 9.943370e-13 2.125385e-10
558 0.958000 0.010000 1730 9.923272e-13 2.114679e-10
559 0.959000 0.010000 1727 9.936571e-13 2.104632e-10
560 0.960000 0.010000 1724 9.968440e-13 2.093872e-10
561 0.961000 0.010000 1721 9.937393e-13 2.083752e-10
562 0.962000 0.010000 1718 9.967143e-13 2.074714e-10
563 0.963000 0.010000 1716 9.962636e-13 2.064674e-10
564 0.964000 0.010000 1714 9.868914e-13 2.055331e-10
565 0.965000 0.010000 1712 9.951972e-13 2.047469e-10
566 0.966000 0.010000 1710 9.914592e-13 2.038374e-10
567 0.967000 0.010000 1709 9.840484e-13 2.030266e-10
568 0.968000 0.010000 1707 9.970112e-13 2.023355e-10
569 0.969000 0.010000 1706 9.839204e-13 2.015258e-10
570 0.970000 0.010000 1705 9.798956e-13 2.008412e-10
571 0.971000 0.010000 1703 9.962030e-13 2.002167e-10
572 0.972000 0.010000 1701 9.958312e-13 1.995389e-10
573 0.973000 0.010000 1700 9.954978e-13 1.989494e-10
574 0.974000 0.010000 1699 9.935817e-13 1.984521e-10
575 0.975000 0.010000 1697 9.997946e-13 1.978713e-10
576 0.976000 0.010000 1697 9.854849e-13 1.974227e-10
577 0.977000 0.010000 1696 9.904825e-13 1.970277e-10
578 0.978000 0.010000 1695 9.953610e-13 1.965761e-10
579 0.979000 0.010000 1694 9.989712e-13 1.962449e-10
580 0.980000 0.010000 1694 9.926875e-13 1.959431e-10
581 0.981000 0.010000 1694 9.869379e-13 1.956196e-10
582 0.982000 0.010000 1693 9.946548e-13 1.953777e-10
583 0.983000 0.010000 1693 9.880547e-13 1.951637e-10
584 0.984000 0.010000 1692 9.972505e-13 1.949486e-10
585 0.985000 0.010000 1691 9.999120e-13 1.947644e-10
586 0.986000 0.010000 1690 9.978160e-13 1.946060e-10
587 0.987000 0.010000 1689 9.984438e-13 1.944539e-10
588 0.988000 0.010000 1688 9.989582e-13 1.942639e-10
589 0.989000 0.010000 1687 9.932187e-13 1.941397e-10
590 0.990000 0.010000 1685 9.957227e-13 1.939529e-10
591 0.991000 0.010000 1684 9.894168e-13 1.937294e-10
592 0.992000 0.010000 1681 9.997510e-13 1.935885e-10
593 0.993000 0.010000 1680 9.860727e-13 1.933446e-10
594 0.994000 0.010000 1677 9.934299e-13 1.930826e-10
595 0.995000 0.010000 1675 9.948064e-13 1.928932e-10
596 0.996000 0.010000 1672 9.958565e-13 1.926106e-10
597 0.997000 0.010000 1670 9.915408e-13 1.922908e-10
598 0.998000 0.010000 1667 9.913088e-13 1.920546e-10
599 0.999000 0.010000 1664 9.869085e-13 1.916938e-10
600 1.000000 0.010000 1660 9.993974e-13 1.913033e-10
601 1.001000 0.010000 1657 9.940600e-13 1.909588e-10
602 1.002000 0.010000 1653 9.989672e-13 1.904949e-10
603 1.003000 0.010000 1650 9.902299e-13 1.900242e-10
604 1.004000 0.010000 1646 9.951369e-13 1.895695e-10
605 1.005000 0.010000 1642 9.984453e-13 1.890613e-10
606 1.006000 0.010000 1639 9.866690e-13 1.885454e-10
607 1.007000 0.010000 1635 9.907099e-13 1.880892e-10
608 1.008000 0.010000 1631 9.961240e-13 1.876388e-10
609 1.009000 0.010000 1628 9.939613e-13 1.871943e-10
610 1.010000 0.010000 1625 9.827861e-13 1.868398e-10
611 1.011000 0.010000 1621 9.906256e-13 1.865349e-10
612 1.012000 0.010000 1618 9.894663e-13 1.861991e-10
613 1.013000 0.010000 1614 9.986717e-13 1.859439e-10
614 1.014000 0.010000 1611 9.902981e-13 1.857513e-10
615 1.015000 0.010000 1607 9.984835e-13 1.854505e-10
616 1.016000 0.010000 1604 9.928162e-13 1.852578e-10
617 1.017000 0.010000 1601 9.859909e-13 1.850607e-10
618 1.018000 0.010000 1597 9.920762e-13 1.847658e-10
619 1.019000 0.010000 1593 9.990818e-13 1.845827e-10
620 1.020000 0.010000 1590 9.931883e-13 1.843945e-10
621 1.021000 0.010000 1587 9.880746e-13 1.841147e-10
622 1.022000 0.010000 1583 9.949244e-13 1.840032e-10
623 1.023000 0.010000 1580 9.927937e-13 1.838834e-10
624 1.024000 0.010000 1577 9.942992e-13 1.837202e-10
625 1.025000 0.010000 1574 9.898371e-13 1.837648e-10
626 1.026000 0.010000 1571 9.919622e-13 1.837494e-10
627 1.027000 0.010000 1568 9.968373e-13 1.837421e-10
628 1.028000 0.010000 1565 9.998695e-13 1.839250e-10
629 1.029000 0.010000 1563 9.899966e-13 1.840218e-10
630 1.030000 0.010000 1560 9.953536e-13 1.841730e-10
631 1.031000 0.010000 1558 9.880785e-13 1.844640e-10
632 1.032000 0.010000 1555 9.996192e-13 1.846824e-10
633 1.033000 0.010000 1553 9.950011e-13 1.849657e-10
634 1.034000 0.010000 1551 9.905898e-13 1.853731e-10
635 1.035000 0.010000 1549 9.946124e-13 1.856879e-10
636 1.036000 0.010000 1547 9.912518e-13 1.860716e-10
637 1.037000 0.010000 1545 9.934042e-13 1.865249e-10
638 1.038000 0.010000 1543 9.957514e-13 1.868805e-10
639 1.039000 0.010000 1541 9.913491e-13 1.873373e-10
640 1.040000 0.010000 1539 9.965459e-13 1.877873e-10
641 1.041000 0.010000 1537 9.864250e-13 1.881737e-10
642 1.042000 0.010000 1535 9.864927e-13 1.886880e-10
643 1.043000 0.010000 1532 9.917122e-13 1.891098e-10
644 1.044000 0.010000 1530 9.851701e-13 1.895075e-10
645 1.045000 0.010000 1527 9.904867e-13 1.900016e-10
646 1.046000 0.010000 1524 9.965457e-13 1.903661e-10
647 1.047000 0.010000 1521 9.962664e-13 1.907016e-10
648 1.048000 0.010000 1518 9.991095e-13 1.910951e-10
649 1.049000 0.010000 1515 9.942334e-13 1.913714e-10
650 1.050000 0.010000 1512 9.956883e-13 1.916282e-10
651 1.051000 0.010000 1509 9.883421e-13 1.919127e-10
652 1.052000 0.010000 1505 9.963846e-13 1.921149e-10
653 1.053000 0.010000 1502 9.926307e-13 1.923321e-10
654 1.054000 0.010000 1498 9.990134e-13 1.925918e-10
655 1.055000 0.010000 1495 9.943033e-13 1.928010e-10
656 1.056000 0.010000 1492 9.856482e-13 1.930483e-10
657 1.057000 0.010000 1488 9.918153e-13 1.933198e-10
658 1.058000 0.010000 1485 9.870752e-13 1.935728e-10
659 1.059000 0.010000 1481 9.911505e-13 1.938517e-10
660 1.060000 0.010000 1477 9.923852e-13 1.941464e-10
661 1.061000 0.010000 1473 9.937929e-13 1.943826e-10
662 1.062000 0.010000 1469 9.974308e-13 1.946896e-10
663 1.063000 0.010000 1465 9.951426e-13 1.949617e-10
664 1.064000 0.010000 1461 9.916116e-13 1.951755e-10
665 1.065000 0.010000 1457 9.885055e-13 1.954352e-10
666 1.066000 0.010000 1453 9.881134e-13 1.956697e-10
667 1.067000 0.010000 1448 9.921961e-13 1.958083e-10
668 1.068000 0.010000 1443 9.977561e-13 1.960205e-10
669 1.069000 0.010000 1439 9.821207e-13 1.962056e-10
670 1.070000 0.010000 1434 9.828382e-13 1.963451e-10
671 1.071000 0.010000 1429 9.858371e-13 1.965779e-10
672 1.072000 0.010000 1424 9.928898e-13 1.968642e-10
673 1.073000 0.010000 1420 9.863599e-13 1.971555e-10
674 1.074000 0.010000 1415 9.970265e-13 1.975065e-10
675 1.075000 0.010000 1411 9.999636e-13 1.980251e-10
676 1.076000 0.010000 1408 9.893821e-13 1.985563e-10
677 1.077000 0.010000 1405 9.926503e-13 1.991336e-10
678 1.078000 0.010000 1402 9.920373e-13 1.999084e-10
679 1.079000 0.010000 1400 9.902919e-13 2.006719e-10
680 1.080000 0.010000 1397 9.993828e-13 2.014219e-10
681 1.081000 0.010000 1396 9.847555e-13 2.023555e-10
682 1.082000 0.010000 1394 9.917234e-13 2.032620e-10
683 1.083000 0.010000 1392 9.901573e-13 2.040910e-10
684 1.084000 0.010000 1390 9.929211e-13 2.050703e-10
685 1.085000 0.010000 1388 9.948351e-13 2.060338e-10
686 1.086000 0.010000 1386 9.943225e-13 2.068858e-10
687 1.087000 0.010000 1384 9.912335e-13 2.078841e-10
688 1.088000 0.010000 1382 9.854767e-13 2.088772e-10
689 1.089000 0.010000 1379 9.941583e-13 2.097556e-10
690 1.090000 0.010000 1377 9.870183e-13 2.107510e-10
691 1.091000 0.010000 1374 9.944268e-13 2.117515e-10
692 1.092000 0.010000 1371 9.994390e-13 2.126197e-10
693 1.093000 0.010000 1369 9.913082e-13 2.136506e-10
694 1.094000 0.010000 1366 9.929004e-13 2.146111e-10
695 1.095000 0.010000 1364 9.846316e-13 2.155829e-10
696 1.096000 0.010000 1361 9.867972e-13 2.165999e-10
697 1.097000 0.010000 1359 9.800004e-13 2.176316e-10
698 1.098000 0.010000 1355 9.975731e-13 2.187061e-10
699 1.099000 0.010000 1353 9.916925e-13 2.197906e-10
700 1.100000 0.010000 1350 9.900711e-13 2.209839e-10
701 1.101000 0.010000 1348 9.782774e-13 2.221576e-10
702 1.102000 0.010000 1344 9.939220e-13 2.234319e-10
703 1.103000 0.010000 1342 9.822862e-13 2.246975e-10
704 1.104000 0.010000 1338 9.927090e-13 2.259980e-10
705 1.105000 0.010000 1335 9.931612e-13 2.274283e-10
706 1.106000 0.010000 1332 9.815044e-13 2.287763e-10
707 1.107000 0.010000 1328 9.920264e-13 2.302100e-10
708 1.108000 0.010000 1325 9.847731e-13 2.316805e-10
709 1.109000 0.010000 1321 9.912117e-13 2.331222e-10
710 1.110000 0.010000 1318 9.883154e-13 2.346535e-10
711 1.111000 0.010000 1314 9.881440e-13 2.361468e-10
712 1.112000 0.010000 1310 9.929727e-13 2.376422e-10
713 1.113000 0.010000 1306 9.971937e-13 2.391491e-10
714 1.114000 0.010000 1302 9.953447e-13 2.405971e-10
715 1.115000 0.010000 1298 9.990493e-13 2.420735e-10
716 1.116000 0.010000 1295 9.857230e-13 2.434823e-10
717 1.117000 0.010000 1291 9.860711e-13 2.449311e-10
718 1.118000 0.010000 1287 9.947473e-13 2.463830e-10
719 1.119000 0.010000 1283 9.982860e-13 2.477667e-10
720 1.120000 0.010000 1280 9.872586e-13 2.492855e-10
721 1.121000 0.010000 1276 9.951073e-13 2.508185e-10
722 1.122000 0.010000 1273 9.876077e-13 2.523345e-10
723 1.123000 0.010000 1270 9.815477e-13 2.539582e-10
724 1.124000 0.010000 1266 9.938254e-13 2.555598e-10
725 1.125000 0.010000 1263 9.905666e-13 2.572327e-10
726 1.126000 0.010000 1260 9.829550e-13 2.588813e-10
727 1.127000 0.010000 1256 9.929668e-13 2.605591e-10
728 1.128000 0.010000 1253 9.854946e-13 2.622780e-10
729 1.129000 0.010000 1249 9.940366e-13 2.639360e-10
730 1.130000 0.010000 1246 9.872549e-13 2.656598e-10
731 1.131000 0.010000 1242 9.957237e-13 2.674107e-10
732 1.132000 0.010000 1239 9.837705e-13 2.691097e-10
733 1.133000 0.010000 1235 9.884630e-13 2.708959e-10
734 1.134000 0.010000 1231 9.913882e-13 2.727797e-10
735 1.135000 0.010000 1227 9.963767e-13 2.745970e-10
736 1.136000 0.010000 1223 9.955801e-13 2.765148e-10
737 1.137000 0.010000 1220 9.807399e-13 2.786036e-10
738 1.138000 0.010000 1215 9.995928e-13 2.805663e-10
739 1.139000 0.010000 1211 9.970377e-13 2.827672e-10
740 1.140000 0.010000 1207 9.950276e-13 2.850405e-10
741 1.141000 0.010000 1203 9.955744e-13 2.873052e-10
742 1.142000 0.010000 1199 9.914113e-13 2.898177e-10
743 1.143000 0.010000 1195 9.868835e-13 2.923202e-10
744 1.144000 0.010000 1191 9.856586e-13 2.948839e-10
745 1.145000 0.010000 1187 9.816711e-13 2.976366e-10
746 1.146000 0.010000 1182 9.968625e-13 3.003051e-10
747 1.147000 0.010000 1178 9.935908e-13 3.030931e-10
748 1.148000 0.010000 1174 9.870545e-13 3.059117e-10
749 1.149000 0.010000 1170 9.777650e-13 3.086850e-10
750 1.150000 0.010000 1165 9.992139e-13 3.115007e-10
751 1.151000 0.010000 1161 9.997986e-13 3.142202e-10
752 1.152000 0.010000 1157 9.896550e-13 3.168549e-10
753 1.153000 0.010000 1153 9.791922e-13 3.193751e-10
754 1.154000 0.010000 1148 9.916746e-13 3.216949e-10
755 1.155000 0.010000 1143 9.987400e-13 3.238348e-10
756 1.156000 0.010000 1138 9.996032e-13 3.257521e-10
757 1.157000 0.010000 1133 9.944820e-13 3.275077e-10
758 1.158000 0.010000 1129 9.839906e-13 3.291003e-10
759 1.159000 0.010000 1124 9.797412e-13 3.305661e-10
760 1.160000 0.010000 1119 9.771440e-13 3.319391e-10
761 1.161000 0.010000 1113 9.902502e-13 3.333142e-10
762 1.162000 0.010000 1108 9.922333e-13 3.347200e-10
763 1.163000 0.010000 1103 9.853666e-13 3.361791e-10
764 1.164000 0.010000 1097 9.958586e-13 3.377928e-10
765 1.165000 0.010000 1092 9.929445e-13 3.395365e-10
766 1.166000 0.010000 1087 9.931485e-13 3.414753e-10
767 1.167000 0.010000 1082 9.936979e-13 3.436023e-10
768 1.168000 0.010000 1077 9.965305e-13 3.458670e-10
769 1.169000 0.010000 1072 9.969205e-13 3.484382e-10
770 1.170000 0.010000 1067 9.980937e-13 3.511114e-10
771 1.171000 0.010000 1062 9.953061e-13 3.539567e-10
772 1.172000 0.010000 1057 9.917576e-13 3.570976e-10
773 1.173000 0.010000 1052 9.959104e-13 3.603562e-10
774 1.174000 0.010000 1047 9.977918e-13 3.639252e-10
775 1.175000 0.010000 1042 9.949815e-13 3.676306e-10
776 1.176000 0.010000 1037 9.997487e-13 3.716583e-10
777 1.177000 0.010000 1032 9.994348e-13 3.759320e-10
778 1.178000 0.010000 1028 9.776763e-13 3.803217e-10
779 1.179000 0.010000 1022 9.983485e-13 3.850698e-10
780 1.180000 0.010000 1017 9.994025e-13 3.899233e-10
781 1.181000 0.010000 1012 9.955778e-13 3.949136e-10
782 1.182000 0.010000 1007 9.970639e-13 4.001896e-10
783 1.183000 0.010000 1003 9.751172e-13 4.054291e-10
784 1.184000 0.010000 998 9.805698e-13 4.109558e-10
785 1.185000 0.010000 993 9.823162e-13 4.165665e-10
786 1.186000 0.010000 988 9.780196e-13 4.223204e-10
787 1.187000 0.010000 983 9.853316e-13 4.282695e-10
788 1.188000 0.010000 978 9.771340e-13 4.343905e-10
789 1.189000 0.010000 973 9.790584e-13 4.406112e-10
790 1.190000 0.010000 968 9.771373e-13 4.471261e-10
791 1.191000 0.010000 962 9.961909e-13 4.537912e-10
792 1.192000 0.010000 957 9.917129e-13 4.605527e-10
793 1.193000 0.010000 952 9.903198e-13 4.676381e-10
794 1.194000 0.010000 946 9.999746e-13 4.747818e-10
795 1.195000 0.010000 941 9.951711e-13 4.821667e-10
796 1.196000 0.010000 936 9.785838e-13 4.897194e-10
797 1.197000 0.010000 930 9.883668e-13 4.975221e-10
798 1.198000 0.010000 924 9.932103e-13 5.056008e-10
799 1.199000 0.010000 918 9.899131e-13 5.139372e-10
800 1.200000 0.010000 912 9.882325e-13 5.226435e-10
801 1.201000 0.010000 906 9.878779e-13 5.317409e-10
802 1.202000 0.010000 900 9.923354e-13 5.411817e-10
803 1.203000 0.010000 894 9.999294e-13 5.508746e-10
804 1.204000 0.010000 888 9.967447e-13 5.609595e-10
805 1.205000 0.010000 882 9.859503e-13 5.711172e-10
806 1.206000 0.010000 876 9.872606e-13 5.815330e-10
807 1.207000 0.010000 869 9.977072e-13 5.919576e-10
808 1.208000 0.010000 863 9.974233e-13 6.025025e-10
809 1.209000 0.010000 857 9.810374e-13 6.131715e-10
810 1.210000 0.010000 850 9.910597e-13 6.239293e-10
811 1.211000 0.010000 843 9.956813e-13 6.349948e-10
812 1.212000 0.010000 837 9.795956e-13 6.462524e-10
813 1.213000 0.010000 829 9.912955e-13 6.581153e-10
814 1.214000 0.010000 822 9.802031e-13 6.704124e-10
815 1.215000 0.010000 815 9.752344e-13 6.832829e-10
816 1.216000 0.010000 807 9.932868e-13 6.969962e-10
817 1.217000 0.010000 801 9.864507e-13 7.113760e-10
818 1.218000 0.010000 794 9.882231e-13 7.264115e-10
819 1.219000 0.010000 787 9.766350e-13 7.422831e-10
820 1.220000 0.010000 780 9.884573e-13 7.587348e-10
821 1.221000 0.010000 773 9.844138e-13 7.756497e-10
822 1.222000 0.010000 765 9.920088e-13 7.934954e-10
823 1.223000 0.010000 759 9.867010e-13 8.118024e-10
824 1.224000 0.010000 751 9.854079e-13 8.308821e-10
825 1.225000 0.010000 744 9.840735e-13 8.509745e-10
826 1.226000 0.010000 736 9.815669e-13 8.718444e-10
827 1.227000 0.010000 728 9.666520e-13 8.940287e-10
828 1.228000 0.010000 720 9.665045e-13 9.172411e-10
829 1.229000 0.010000 711 9.889262e-13 9.418869e-10
830 1.230000 0.010000 703 9.759843e-13 9.680304e-10
831 1.231000 0.010000 694 9.879794e-13 9.956556e-10
832 1.232000 0.010000 685 9.896269e-13 1.025223e-09
833 1.233000 0.010000 677 9.843184e-13 1.056620e-09
834 1.234000 0.010000 668 9.721007e-13 1.090012e-09
835 1.235000 0.010000 660 9.798909e-13 1.125540e-09
836 1.236000 0.010000 651 9.920620e-13 1.163320e-09
837 1.237000 0.010000 642 9.847510e-13 1.203160e-09
838 1.238000 0.010000 633 9.625821e-13 1.245560e-09
839 1.239000 0.010000 623 9.678359e-13 1.290181e-09
840 1.240000 0.010000 612 9.875272e-13 1.337520e-09
841 1.241000 0.010000 602 9.831484e-13 1.387505e-09
842 1.242000 0.010000 592 9.688258e-13 1.440321e-09
843 1.243000 0.010000 581 9.938233e-13 1.496475e-09
844 1.244000 0.010000 571 9.756401e-13 1.555490e-09
845 1.245000 0.010000 560 9.923949e-13 1.618125e-09
846 1.246000 0.010000 550 9.554912e-13 1.683852e-09
847 1.247000 0.010000 539 9.904648e-13 1.752468e-09
848 1.248000 0.010000 527 9.942847e-13 1.824351e-09
849 1.249000 0.010000 514 9.915321e-13 1.898831e-09
850 1.250000 0.010000 502 9.652752e-13 1.975848e-09
851 1.251000 0.010000 490 9.585328e-13 2.055405e-09
852 1.252000 0.010000 477 9.745347e-13 2.137287e-09
853 1.253000 0.010000 464 9.782220e-13 2.221039e-09
854 1.254000 0.010000 450 9.977229e-13 2.306407e-09
855 1.255000 0.010000 434 9.976836e-13 2.392675e-09
856 1.256000 0.010000 420 9.816514e-13 2.478460e-09
857 1.257000 0.010000 407 9.537550e-13 2.562039e-09
858 1.258000 0.010000 394 9.290408e-13 2.640758e-09
859 1.259000 0.010000 379 9.598027e-13 2.711712e-09
860 1.260000 0.010000 366 9.556696e-13 2.771324e-09
861 1.261000 0.010000 352 9.707032e-13 2.816238e-09
862 1.262000 0.010000 338 9.760558e-13 2.842521e-09
863 1.263000 0.010000 325 9.759471e-13 2.848324e-09
864 1.264000 0.010000 311 9.796344e-13 2.831832e-09
865 1.265000 0.010000 298 9.780699e-13 2.792802e-09
866 1.266000 0.010000 286 9.741514e-13 2.731836e-09
867 1.267000 0.010000 274 9.956654e-13 2.651729e-09
868 1.268000 0.010000 263 9.811330e-13 2.555738e-09
869 1.269000 0.010000 252 9.307583e-13 2.447907e-09
870 1.270000 0.010000 241 9.571817e-13 2.332404e-09
871 1.271000 0.010000 230 9.906687e-13 2.213749e-09
872 1.272000 0.010000 220 9.142698e-13 2.095423e-09
873 1.273000 0.010000 210 9.118788e-13 1.980107e-09
874 1.274000 0.010000 202 9.028849e-13 1.869781e-09
875 1.275000 0.010000 195 8.828037e-13 1.765710e-09
876 1.276000 0.010000 188 9.170023e-13 1.668405e-09
877 1.277000 0.010000 182 9.120749e-13 1.577998e-09
878 1.278000 0.010000 176 9.588849e-13 1.494516e-09
879 1.279000 0.010000 171 8.980527e-13 1.417634e-09
880 1.280000 0.010000 166 8.928518e-13 1.346886e-09
881 1.281000 0.010000 161 9.388893e-13 1.281800e-09
882 1.282000 0.010000 156 9.778786e-13 1.221827e-09
883 1.283000 0.010000 152 9.323206e-13 1.166514e-09
884 1.284000 0.010000 148 9.075459e-13 1.115459e-09
885 1.285000 0.010000 144 9.427463e-13 1.068303e-09
886 1.286000 0.010000 141 8.682309e-13 1.024687e-09
887 1.287000 0.010000 138 8.445237e-13 9.842364e-10
888 1.288000 0.010000 135 8.260285e-13 9.466477e-10
889 1.289000 0.010000 132 8.628709e-13 9.116402e-10
890 1.290000 0.010000 129 9.406982e-13 8.789951e-10
891 1.291000 0.010000 127 8.519687e-13 8.484653e-10
892 1.292000 0.010000 124 9.573451e-13 8.198820e-10
893 1.293000 0.010000 122 9.079681e-13 7.930653e-10
894 1.294000 0.010000 120 8.784755e-13 7.678618e-10
895 1.295000 0.010000 118 8.660083e-13 7.441615e-10
896 1.296000 0.010000 116 8.623620e-13 7.218441e-10
897 1.297000 0.010000 114 8.909649e-13 7.007761e-10
898 1.298000 0.010000 112 9.248317e-13 6.808945e-10
899 1.299000 0.010000 110 9.865586e-13 6.620496e-10
900 1.300000 0.010000 109 8.438745e-13 6.441962e-10
901 1.301000 0.010000 107 9.424115e-13 6.272884e-10
902 1.302000 0.010000 106 8.445642e-13 6.111913e-10
903 1.303000 0.010000 104 9.774837e-13 5.958789e-10
904 1.304000 0.010000 103 8.857510e-13 5.812849e-10
905 1.305000 0.010000 102 8.031956e-13 5.673808e-10
906 1.306000 0.010000 100 9.775432e-13 5.541008e-10
907 1.307000 0.010000 99 9.274370e-13 5.414065e-10
908 1.308000 0.010000 98 8.758787e-13 5.292851e-10
909 1.309000 0.010000 97 8.454290e-13 5.176512e-10
910 1.310000 0.010000 96 8.395050e-13 5.065560e-10
911 1.311000 0.010000 95 8.313286e-13 4.958930e-10
912 1.312000 0.010000 94 8.155379e-13 4.856585e-10
913 1.313000 0.010000 93 8.076738e-13 4.757928e-10
914 1.314000 0.010000 92 8.096877e-13 4.663653e-10
915 1.315000 0.010000 91 8.175371e-13 4.572630e-10
916 1.316000 0.010000 90 8.276240e-13 4.485525e-10
917 1.317000 0.010000 89 8.555486e-13 4.401148e-10
918 1.318000 0.010000 88 8.944820e-13 4.320223e-10
919 1.319000 0.010000 87 9.251264e-13 4.241743e-10
920 1.320000 0.010000 86 9.856061e-13 4.166383e-10
921 1.321000 0.010000 86 7.725274e-13 4.093533e-10
922 1.322000 0.010000 85 8.459835e-13 4.022886e-10
923 1.323000 0.010000 84 9.233421e-13 3.954829e-10
924 1.324000 0.010000 84 7.325708e-13 3.889054e-10
925 1.325000 0.010000 83 8.028902e-13 3.825355e-10
926 1.326000 0.010000 82 8.762783e-13 3.763839e-10
927 1.327000 0.010000 81 9.759126e-13 3.704065e-10
928 1.328000 0.010000 81 7.865704e-13 3.646168e-10
929 1.329000 0.010000 80 8.923738e-13 3.589908e-10
930 1.330000 0.010000 79 9.956501e-13 3.535536e-10
931 1.331000 0.010000 79 8.108180e-13 3.482695e-10
932 1.332000 0.010000 78 9.408373e-13 3.431108e-10
933 1.333000 0.010000 78 7.706075e-13 3.381328e-10
934 1.334000 0.010000 77 9.008077e-13 3.333001e-10
935 1.335000 0.010000 77 7.420034e-13 3.285963e-10
936 1.336000 0.010000 76 8.610030e-13 3.240048e-10
937 1.337000 0.010000 75 9.957244e-13 3.195788e-10
938 1.338000 0.010000 75 8.277925e-13 3.152473e-10
939 1.339000 0.010000 74 9.874578e-13 3.110246e-10
940 1.340000 0.010000 74 8.251319e-13 3.069201e-10
941 1.341000 0.010000 73 9.892035e-13 3.029171e-10
942 1.342000 0.010000 73 8.307385e-13 2.990214e-10
943 1.343000 0.010000 72 9.856606e-13 2.952205e-10
944 1.344000 0.010000 72 8.316645e-13 2.915183e-10
945 1.345000 0.010000 72 7.025209e-13 2.879076e-10
946 1.346000 0.010000 71 8.538421e-13 2.843705e-10
947 1.347000 0.010000 71 7.244694e-13 2.809345e-10
948 1.348000 0.010000 70 9.127818e-13 2.776070e-10
949 1.349000 0.010000 70 7.779928e-13 2.743274e-10
950 1.350000 0.010000 69 9.542577e-13 2.711372e-10
951 1.351000 0.010000 69 8.168287e-13 2.680069e-10
952 1.352000 0.010000 69 6.998584e-13 2.649489e-10
953 1.353000 0.010000 68 8.648266e-13 2.620025e-10
954 1.354000 0.010000 68 7.439393e-13 2.590753e-10
955 1.355000 0.010000 67 9.611427e-13 2.562149e-10
956 1.356000 0.010000 67 8.300743e-13 2.534168e-10
957 1.357000 0.010000 67 7.174898e-13 2.506802e-10
958 1.358000 0.010000 66 9.353223e-13 2.480203e-10
959 1.359000 0.010000 66 8.116293e-13 2.453983e-10
960 1.360000 0.010000 66 7.048568e-13 2.428322e-10
961 1.361000 0.010000 65 9.104316e-13 2.403350e-10
962 1.362000 0.010000 65 7.935512e-13 2.378737e-10
963 1.363000 0.010000 65 6.921949e-13 2.354634e-10
964 1.364000 0.010000 64 9.159233e-13 2.330975e-10
965 1.365000 0.010000 64 8.018139e-13 2.307851e-10
966 1.366000 0.010000 64 7.024156e-13 2.285191e-10
967 1.367000 0.010000 63 9.308050e-13 2.263158e-10
968 1.368000 0.010000 63 8.182582e-13 2.241361e-10
969 1.369000 0.010000 63 7.197971e-13 2.219992e-10
970 1.370000 0.010000 62 9.596556e-13 2.198977e-10
971 1.371000 0.010000 62 8.470561e-13 2.178432e-10
972 1.372000 0.010000 62 7.481358e-13 2.158277e-10
973 1.373000 0.010000 61 9.991073e-13 2.138899e-10
974 1.374000 0.010000 61 8.852648e-13 2.119445e-10
975 1.375000 0.010000 61 7.848572e-13 2.100357e-10
976 1.376000 0.010000 61 6.962434e-13 2.081623e-10
977 1.377000 0.010000 60 9.472843e-13 2.062875e-10
978 1.378000 0.010000 60 8.429219e-13 2.044855e-10
979 1.379000 0.010000 60 7.504706e-13 2.027156e-10
980 1.380000 0.010000 60 6.685228e-13 2.009771e-10
981 1.381000 0.010000 59 9.292267e-13 1.992710e-10
982 1.382000 0.010000 59 8.301736e-13 1.975921e-10
983 1.383000 0.010000 59 7.420612e-13 1.959424e-10
984 1.384000 0.010000 59 6.636381e-13 1.943210e-10
985 1.385000 0.010000 58 9.496092e-13 1.927056e-10
986 1.386000 0.010000 58 8.517292e-13 1.911407e-10
987 1.387000 0.010000 58 7.643058e-13 1.896019e-10
988 1.388000 0.010000 58 6.861819e-13 1.880886e-10
989 1.389000 0.010000 57 9.763738e-13 1.866399e-10
990 1.390000 0.010000 57 8.789771e-13 1.851714e-10
991 1.391000 0.010000 57 7.916531e-13 1.837273e-10
992 1.392000 0.010000 57 7.133223e-13 1.823068e-10
993 1.393000 0.010000 57 6.430251e-13 1.809093e-10
994 1.394000 0.010000 56 9.339665e-13 1.795248e-10
995 1.395000 0.010000 56 8.441368e-13 1.781722e-10
996 1.396000 0.010000 56 7.632660e-13 1.768410e-10
997 1.397000 0.010000 56 6.904282e-13 1.755307e-10
998 1.398000 0.010000 56 6.247963e-13 1.742408e-10
999 1.399000 0.010000 55 9.300696e-13 1.729588e-10
1000 1.400000 0.010000 55 8.438484e-13 1.717092e-10
