# Generalizd shifted MINRES method
# A = /home/u11674/DATA/VCNT10800h_A.csr
# B = /home/u11674/DATA/VCNT10800h_B.csr
# inner=1.000000e-06, outer=1.000000e-12
# status=-2570, time=218
# converged 1001 / 1001
0 0.400000 0.010000 2570 9.915897e-13 1.000471e-06
1 0.401000 0.010000 2568 9.969083e-13 9.998202e-07
2 0.402000 0.010000 2567 9.933337e-13 9.997268e-07
3 0.403000 0.010000 2566 9.920219e-13 1.000234e-06
4 0.404000 0.010000 2565 9.922102e-13 1.001364e-06
5 0.405000 0.010000 2564 9.942820e-13 1.003117e-06
6 0.406000 0.010000 2563 9.982556e-13 1.005464e-06
7 0.407000 0.010000 2563 9.944571e-13 1.008350e-06
8 0.408000 0.010000 2563 9.925079e-13 1.011694e-06
9 0.409000 0.010000 2563 9.922369e-13 1.015389e-06
10 0.410000 0.010000 2563 9.933020e-13 1.019319e-06
11 0.411000 0.010000 2563 9.952023e-13 1.023362e-06
12 0.412000 0.010000 2563 9.973302e-13 1.027403e-06
13 0.413000 0.010000 2563 9.990462e-13 1.031331e-06
14 0.414000 0.010000 2563 9.997566e-13 1.035039e-06
15 0.415000 0.010000 2563 9.989751e-13 1.038419e-06
16 0.416000 0.010000 2563 9.963557e-13 1.041358e-06
17 0.417000 0.010000 2562 9.997729e-13 1.043744e-06
18 0.418000 0.010000 2562 9.929231e-13 1.045470e-06
19 0.419000 0.010000 2561 9.937273e-13 1.046449e-06
20 0.420000 0.010000 2560 9.918356e-13 1.046621e-06
21 0.421000 0.010000 2558 9.986649e-13 1.045969e-06
22 0.422000 0.010000 2557 9.924684e-13 1.044519e-06
23 0.423000 0.010000 2555 9.952230e-13 1.042347e-06
24 0.424000 0.010000 2553 9.965988e-13 1.039570e-06
25 0.425000 0.010000 2551 9.973468e-13 1.036344e-06
26 0.426000 0.010000 2549 9.974541e-13 1.032848e-06
27 0.427000 0.010000 2547 9.991935e-13 1.029262e-06
28 0.428000 0.010000 2546 9.893596e-13 1.025756e-06
29 0.429000 0.010000 2544 9.919839e-13 1.022470e-06
30 0.430000 0.010000 2542 9.945296e-13 1.019511e-06
31 0.431000 0.010000 2540 9.975684e-13 1.016949e-06
32 0.432000 0.010000 2538 9.991496e-13 1.014818e-06
33 0.433000 0.010000 2537 9.945607e-13 1.013125e-06
34 0.434000 0.010000 2535 9.980218e-13 1.011850e-06
35 0.435000 0.010000 2534 9.909200e-13 1.010957e-06
36 0.436000 0.010000 2532 9.948281e-13 1.010399e-06
37 0.437000 0.010000 2530 9.968623e-13 1.010129e-06
38 0.438000 0.010000 2528 9.983063e-13 1.010100e-06
39 0.439000 0.010000 2526 9.985592e-13 1.010272e-06
40 0.440000 0.010000 2524 9.990756e-13 1.010610e-06
41 0.441000 0.010000 2522 9.981924e-13 1.011085e-06
42 0.442000 0.010000 2520 9.951347e-13 1.011674e-06
43 0.443000 0.010000 2518 9.912651e-13 1.012358e-06
44 0.444000 0.010000 2515 9.948944e-13 1.013120e-06
45 0.445000 0.010000 2513 9.894790e-13 1.013948e-06
46 0.446000 0.010000 2510 9.922341e-13 1.014830e-06
47 0.447000 0.010000 2508 9.862004e-13 1.015763e-06
48 0.448000 0.010000 2505 9.921582e-13 1.016753e-06
49 0.449000 0.010000 2502 9.978025e-13 1.017822e-06
50 0.450000 0.010000 2500 9.901781e-13 1.019008e-06
51 0.451000 0.010000 2497 9.984398e-13 1.020360e-06
52 0.452000 0.010000 2495 9.944645e-13 1.021932e-06
53 0.453000 0.010000 2493 9.920066e-13 1.023766e-06
54 0.454000 0.010000 2491 9.925072e-13 1.025894e-06
55 0.455000 0.010000 2489 9.944998e-13 1.028326e-06
56 0.456000 0.010000 2487 9.979459e-13 1.031052e-06
57 0.457000 0.010000 2486 9.923982e-13 1.034044e-06
58 0.458000 0.010000 2484 9.979225e-13 1.037263e-06
59 0.459000 0.010000 2483 9.960148e-13 1.040658e-06
60 0.460000 0.010000 2482 9.924639e-13 1.044176e-06
61 0.461000 0.010000 2480 9.995440e-13 1.047759e-06
62 0.462000 0.010000 2479 9.964385e-13 1.051353e-06
63 0.463000 0.010000 2478 9.936586e-13 1.054914e-06
64 0.464000 0.010000 2476 9.998628e-13 1.058405e-06
65 0.465000 0.010000 2475 9.934503e-13 1.061802e-06
66 0.466000 0.010000 2473 9.998622e-13 1.065096e-06
67 0.467000 0.010000 2472 9.935109e-13 1.068285e-06
68 0.468000 0.010000 2470 9.982891e-13 1.071373e-06
69 0.469000 0.010000 2469 9.941703e-13 1.074363e-06
70 0.470000 0.010000 2467 9.957135e-13 1.077256e-06
71 0.471000 0.010000 2465 9.998771e-13 1.080044e-06
72 0.472000 0.010000 2464 9.938840e-13 1.082719e-06
73 0.473000 0.010000 2462 9.936152e-13 1.085273e-06
74 0.474000 0.010000 2460 9.974348e-13 1.087702e-06
75 0.475000 0.010000 2459 9.868042e-13 1.090010e-06
76 0.476000 0.010000 2456 9.981998e-13 1.092206e-06
77 0.477000 0.010000 2454 9.920863e-13 1.094302e-06
78 0.478000 0.010000 2451 9.993999e-13 1.096315e-06
79 0.479000 0.010000 2449 9.893808e-13 1.098258e-06
80 0.480000 0.010000 2446 9.907277e-13 1.100143e-06
81 0.481000 0.010000 2442 9.959869e-13 1.101976e-06
82 0.482000 0.010000 2438 9.993830e-13 1.103757e-06
83 0.483000 0.010000 2434 9.989795e-13 1.105479e-06
84 0.484000 0.010000 2430 9.953557e-13 1.107128e-06
85 0.485000 0.010000 2426 9.912911e-13 1.108684e-06
86 0.486000 0.010000 2421 9.925695e-13 1.110126e-06
87 0.487000 0.010000 2416 9.911769e-13 1.111436e-06
88 0.488000 0.010000 2410 9.988361e-13 1.112601e-06
89 0.489000 0.010000 2404 9.998693e-13 1.113615e-06
90 0.490000 0.010000 2398 9.990620e-13 1.114472e-06
91 0.491000 0.010000 2393 9.878664e-13 1.115171e-06
92 0.492000 0.010000 2386 9.984313e-13 1.115712e-06
93 0.493000 0.010000 2380 9.909154e-13 1.116099e-06
94 0.494000 0.010000 2373 9.943959e-13 1.116347e-06
95 0.495000 0.010000 2366 9.951156e-13 1.116480e-06
96 0.496000 0.010000 2358 9.955133e-13 1.116526e-06
97 0.497000 0.010000 2349 9.965876e-13 1.116514e-06
98 0.498000 0.010000 2339 9.932703e-13 1.116463e-06
99 0.499000 0.010000 2327 9.986417e-13 1.116375e-06
100 0.500000 0.010000 2315 9.987583e-13 1.116235e-06
101 0.501000 0.010000 2302 9.976491e-13 1.116013e-06
102 0.502000 0.010000 2288 9.937616e-13 1.115670e-06
103 0.503000 0.010000 2273 9.975654e-13 1.115166e-06
104 0.504000 0.010000 2260 9.830139e-13 1.114471e-06
105 0.505000 0.010000 2244 9.953252e-13 1.113565e-06
106 0.506000 0.010000 2227 9.926093e-13 1.112447e-06
107 0.507000 0.010000 2211 9.905620e-13 1.111134e-06
108 0.508000 0.010000 2192 9.991088e-13 1.109665e-06
109 0.509000 0.010000 2174 9.955624e-13 1.108092e-06
110 0.510000 0.010000 2158 9.969795e-13 1.106482e-06
111 0.511000 0.010000 2139 9.974454e-13 1.104911e-06
112 0.512000 0.010000 2117 9.902935e-13 1.103450e-06
113 0.513000 0.010000 2099 9.944461e-13 1.102167e-06
114 0.514000 0.010000 2081 9.902441e-13 1.101113e-06
115 0.515000 0.010000 2061 9.801847e-13 1.100328e-06
116 0.516000 0.010000 2045 9.731876e-13 1.099831e-06
117 0.517000 0.010000 2030 9.861532e-13 1.099627e-06
118 0.518000 0.010000 2014 9.898391e-13 1.099706e-06
119 0.519000 0.010000 1998 9.966707e-13 1.100046e-06
120 0.520000 0.010000 1985 9.881968e-13 1.100619e-06
121 0.521000 0.010000 1973 9.822973e-13 1.101392e-06
122 0.522000 0.010000 1962 9.807286e-13 1.102340e-06
123 0.523000 0.010000 1952 9.708309e-13 1.103444e-06
124 0.524000 0.010000 1943 9.887455e-13 1.104694e-06
125 0.525000 0.010000 1936 9.508067e-13 1.106092e-06
126 0.526000 0.010000 1928 9.840416e-13 1.107642e-06
127 0.527000 0.010000 1922 9.942502e-13 1.109349e-06
128 0.528000 0.010000 1916 9.960566e-13 1.111215e-06
129 0.529000 0.010000 1910 9.907081e-13 1.113236e-06
130 0.530000 0.010000 1905 9.928262e-13 1.115397e-06
131 0.531000 0.010000 1901 9.942673e-13 1.117679e-06
132 0.532000 0.010000 1897 9.563484e-13 1.120055e-06
133 0.533000 0.010000 1892 9.920630e-13 1.122494e-06
134 0.534000 0.010000 1889 9.481579e-13 1.124968e-06
135 0.535000 0.010000 1884 9.906272e-13 1.127451e-06
136 0.536000 0.010000 1881 9.701247e-13 1.129929e-06
137 0.537000 0.010000 1878 9.689578e-13 1.132401e-06
138 0.538000 0.010000 1875 9.845231e-13 1.134877e-06
139 0.539000 0.010000 1872 9.966797e-13 1.137381e-06
140 0.540000 0.010000 1869 9.972368e-13 1.139940e-06
141 0.541000 0.010000 1867 9.847068e-13 1.142582e-06
142 0.542000 0.010000 1865 9.538879e-13 1.145327e-06
143 0.543000 0.010000 1863 9.437490e-13 1.148187e-06
144 0.544000 0.010000 1860 9.908609e-13 1.151161e-06
145 0.545000 0.010000 1860 9.397419e-13 1.154243e-06
146 0.546000 0.010000 1858 9.680684e-13 1.157421e-06
147 0.547000 0.010000 1857 9.730575e-13 1.160683e-06
148 0.548000 0.010000 1855 9.978577e-13 1.164021e-06
149 0.549000 0.010000 1855 9.745249e-13 1.167430e-06
150 0.550000 0.010000 1855 9.585861e-13 1.170908e-06
151 0.551000 0.010000 1855 9.492666e-13 1.174454e-06
152 0.552000 0.010000 1855 9.456819e-13 1.178074e-06
153 0.553000 0.010000 1855 9.470225e-13 1.181771e-06
154 0.554000 0.010000 1855 9.528094e-13 1.185552e-06
155 0.555000 0.010000 1855 9.630963e-13 1.189425e-06
156 0.556000 0.010000 1855 9.785048e-13 1.193393e-06
157 0.557000 0.010000 1856 9.893410e-13 1.197456e-06
158 0.558000 0.010000 1857 9.763311e-13 1.201606e-06
159 0.559000 0.010000 1858 9.582923e-13 1.205830e-06
160 0.560000 0.010000 1858 9.994686e-13 1.210114e-06
161 0.561000 0.010000 1860 9.836241e-13 1.214444e-06
162 0.562000 0.010000 1862 9.894043e-13 1.218818e-06
163 0.563000 0.010000 1863 9.770253e-13 1.223241e-06
164 0.564000 0.010000 1865 9.913767e-13 1.227733e-06
165 0.565000 0.010000 1868 9.385000e-13 1.232318e-06
166 0.566000 0.010000 1869 9.900244e-13 1.237025e-06
167 0.567000 0.010000 1871 9.822970e-13 1.241881e-06
168 0.568000 0.010000 1874 9.724633e-13 1.246905e-06
169 0.569000 0.010000 1876 9.878289e-13 1.252109e-06
170 0.570000 0.010000 1879 9.844919e-13 1.257496e-06
171 0.571000 0.010000 1883 9.869637e-13 1.263067e-06
172 0.572000 0.010000 1886 9.875647e-13 1.268819e-06
173 0.573000 0.010000 1889 9.864008e-13 1.274752e-06
174 0.574000 0.010000 1894 9.555526e-13 1.280867e-06
175 0.575000 0.010000 1897 9.722633e-13 1.287171e-06
176 0.576000 0.010000 1902 9.490923e-13 1.293671e-06
177 0.577000 0.010000 1905 9.758359e-13 1.300375e-06
178 0.578000 0.010000 1910 9.683406e-13 1.307291e-06
179 0.579000 0.010000 1915 9.689617e-13 1.314426e-06
180 0.580000 0.010000 1919 9.993289e-13 1.321786e-06
181 0.581000 0.010000 1924 9.971859e-13 1.329378e-06
182 0.582000 0.010000 1931 9.593824e-13 1.337212e-06
183 0.583000 0.010000 1936 9.975201e-13 1.345306e-06
184 0.584000 0.010000 1942 9.920416e-13 1.353686e-06
185 0.585000 0.010000 1950 9.710493e-13 1.362388e-06
186 0.586000 0.010000 1958 9.778214e-13 1.371456e-06
187 0.587000 0.010000 1968 9.650015e-13 1.380939e-06
188 0.588000 0.010000 1977 9.882301e-13 1.390885e-06
189 0.589000 0.010000 1989 9.749939e-13 1.401341e-06
190 0.590000 0.010000 2003 9.966965e-13 1.412346e-06
191 0.591000 0.010000 2024 9.959159e-13 1.423933e-06
192 0.592000 0.010000 2040 9.984662e-13 1.436123e-06
193 0.593000 0.010000 2054 9.807190e-13 1.448923e-06
194 0.594000 0.010000 2069 9.971828e-13 1.462327e-06
195 0.595000 0.010000 2087 9.889187e-13 1.476311e-06
196 0.596000 0.010000 2102 9.768647e-13 1.490842e-06
197 0.597000 0.010000 2115 9.868887e-13 1.505877e-06
198 0.598000 0.010000 2129 9.816149e-13 1.521374e-06
199 0.599000 0.010000 2143 9.851403e-13 1.537298e-06
200 0.600000 0.010000 2156 9.814810e-13 1.553630e-06
201 0.601000 0.010000 2168 9.971970e-13 1.570371e-06
202 0.602000 0.010000 2180 9.945524e-13 1.587544e-06
203 0.603000 0.010000 2194 9.908358e-13 1.605188e-06
204 0.604000 0.010000 2207 9.859802e-13 1.623344e-06
205 0.605000 0.010000 2218 9.876742e-13 1.642051e-06
206 0.606000 0.010000 2229 9.875222e-13 1.661331e-06
207 0.607000 0.010000 2240 9.916736e-13 1.681190e-06
208 0.608000 0.010000 2250 9.946356e-13 1.701618e-06
209 0.609000 0.010000 2260 9.930932e-13 1.722602e-06
210 0.610000 0.010000 2269 9.891446e-13 1.744131e-06
211 0.611000 0.010000 2277 9.957908e-13 1.766204e-06
212 0.612000 0.010000 2286 9.934214e-13 1.788824e-06
213 0.613000 0.010000 2294 9.919345e-13 1.811991e-06
214 0.614000 0.010000 2301 9.951993e-13 1.835686e-06
215 0.615000 0.010000 2308 9.950882e-13 1.859848e-06
216 0.616000 0.010000 2314 9.976312e-13 1.884363e-06
217 0.617000 0.010000 2320 9.949613e-13 1.909050e-06
218 0.618000 0.010000 2326 9.903123e-13 1.933666e-06
219 0.619000 0.010000 2330 9.990849e-13 1.957932e-06
220 0.620000 0.010000 2335 9.938950e-13 1.981576e-06
221 0.621000 0.010000 2339 9.949457e-13 2.004392e-06
222 0.622000 0.010000 2343 9.900351e-13 2.026308e-06
223 0.623000 0.010000 2346 9.930533e-13 2.047419e-06
224 0.624000 0.010000 2349 9.923142e-13 2.067991e-06
225 0.625000 0.010000 2351 9.970465e-13 2.088428e-06
226 0.626000 0.010000 2353 9.992616e-13 2.109209e-06
227 0.627000 0.010000 2356 9.910246e-13 2.130839e-06
228 0.628000 0.010000 2358 9.904730e-13 2.153811e-06
229 0.629000 0.010000 2360 9.910112e-13 2.178581e-06
230 0.630000 0.010000 2362 9.919140e-13 2.205564e-06
231 0.631000 0.010000 2364 9.921176e-13 2.235119e-06
232 0.632000 0.010000 2366 9.932177e-13 2.267546e-06
233 0.633000 0.010000 2369 9.889786e-13 2.303070e-06
234 0.634000 0.010000 2371 9.971396e-13 2.341832e-06
235 0.635000 0.010000 2374 9.972325e-13 2.383882e-06
236 0.636000 0.010000 2378 9.906930e-13 2.429182e-06
237 0.637000 0.010000 2381 9.950119e-13 2.477630e-06
238 0.638000 0.010000 2385 9.924756e-13 2.529082e-06
239 0.639000 0.010000 2389 9.876217e-13 2.583386e-06
240 0.640000 0.010000 2392 9.963391e-13 2.640396e-06
241 0.641000 0.010000 2396 9.963205e-13 2.699971e-06
242 0.642000 0.010000 2400 9.935159e-13 2.761956e-06
243 0.643000 0.010000 2404 9.946232e-13 2.826147e-06
244 0.644000 0.010000 2408 9.930689e-13 2.892256e-06
245 0.645000 0.010000 2412 9.918810e-13 2.959887e-06
246 0.646000 0.010000 2415 9.971233e-13 3.028520e-06
247 0.647000 0.010000 2419 9.949301e-13 3.097515e-06
248 0.648000 0.010000 2422 9.994209e-13 3.166135e-06
249 0.649000 0.010000 2426 9.909702e-13 3.233584e-06
250 0.650000 0.010000 2429 9.917385e-13 3.299051e-06
251 0.651000 0.010000 2431 9.996597e-13 3.361781e-06
252 0.652000 0.010000 2434 9.965901e-13 3.421133e-06
253 0.653000 0.010000 2437 9.896923e-13 3.476632e-06
254 0.654000 0.010000 2439 9.897778e-13 3.527992e-06
255 0.655000 0.010000 2440 9.992046e-13 3.575096e-06
256 0.656000 0.010000 2442 9.939061e-13 3.617954e-06
257 0.657000 0.010000 2444 9.891692e-13 3.656647e-06
258 0.658000 0.010000 2445 9.894344e-13 3.691279e-06
259 0.659000 0.010000 2445 9.994917e-13 3.721951e-06
260 0.660000 0.010000 2447 9.868886e-13 3.748746e-06
261 0.661000 0.010000 2447 9.930791e-13 3.771744e-06
262 0.662000 0.010000 2447 9.973879e-13 3.791038e-06
263 0.663000 0.010000 2447 9.997818e-13 3.806749e-06
264 0.664000 0.010000 2448 9.886742e-13 3.819030e-06
265 0.665000 0.010000 2447 9.987649e-13 3.828040e-06
266 0.666000 0.010000 2447 9.953674e-13 3.833913e-06
267 0.667000 0.010000 2447 9.900722e-13 3.836715e-06
268 0.668000 0.010000 2446 9.962370e-13 3.836446e-06
269 0.669000 0.010000 2445 9.941537e-13 3.833079e-06
270 0.670000 0.010000 2444 9.956107e-13 3.826651e-06
271 0.671000 0.010000 2443 9.934751e-13 3.817393e-06
272 0.672000 0.010000 2442 9.873074e-13 3.805861e-06
273 0.673000 0.010000 2440 9.940061e-13 3.793008e-06
274 0.674000 0.010000 2439 9.873064e-13 3.780174e-06
275 0.675000 0.010000 2437 9.926039e-13 3.768972e-06
276 0.676000 0.010000 2436 9.880703e-13 3.761104e-06
277 0.677000 0.010000 2434 9.939763e-13 3.758159e-06
278 0.678000 0.010000 2433 9.916797e-13 3.761438e-06
279 0.679000 0.010000 2432 9.917419e-13 3.771842e-06
280 0.680000 0.010000 2431 9.921319e-13 3.789846e-06
281 0.681000 0.010000 2430 9.982221e-13 3.815574e-06
282 0.682000 0.010000 2430 9.947227e-13 3.848933e-06
283 0.683000 0.010000 2430 9.932619e-13 3.889787e-06
284 0.684000 0.010000 2430 9.936142e-13 3.938098e-06
285 0.685000 0.010000 2430 9.955989e-13 3.993991e-06
286 0.686000 0.010000 2430 9.991012e-13 4.057759e-06
287 0.687000 0.010000 2431 9.913588e-13 4.129783e-06
288 0.688000 0.010000 2431 9.976467e-13 4.210427e-06
289 0.689000 0.010000 2432 9.962261e-13 4.299921e-06
290 0.690000 0.010000 2433 9.958124e-13 4.398250e-06
291 0.691000 0.010000 2434 9.944917e-13 4.505062e-06
292 0.692000 0.010000 2435 9.971194e-13 4.619597e-06
293 0.693000 0.010000 2436 9.985191e-13 4.740624e-06
294 0.694000 0.010000 2437 9.982117e-13 4.866387e-06
295 0.695000 0.010000 2439 9.898565e-13 4.994538e-06
296 0.696000 0.010000 2440 9.896146e-13 5.122067e-06
297 0.697000 0.010000 2440 9.985483e-13 5.245266e-06
298 0.698000 0.010000 2441 9.957579e-13 5.359771e-06
299 0.699000 0.010000 2441 9.989176e-13 5.460748e-06
300 0.700000 0.010000 2441 9.982400e-13 5.543287e-06
301 0.701000 0.010000 2441 9.932438e-13 5.602958e-06
302 0.702000 0.010000 2440 9.929976e-13 5.636446e-06
303 0.703000 0.010000 2439 9.891184e-13 5.642083e-06
304 0.704000 0.010000 2437 9.908154e-13 5.620091e-06
305 0.705000 0.010000 2434 9.990089e-13 5.572473e-06
306 0.706000 0.010000 2432 9.917431e-13 5.502575e-06
307 0.707000 0.010000 2429 9.927577e-13 5.414502e-06
308 0.708000 0.010000 2426 9.909283e-13 5.312566e-06
309 0.709000 0.010000 2422 9.983239e-13 5.200899e-06
310 0.710000 0.010000 2419 9.929406e-13 5.083241e-06
311 0.711000 0.010000 2415 9.949917e-13 4.962857e-06
312 0.712000 0.010000 2411 9.998385e-13 4.842519e-06
313 0.713000 0.010000 2408 9.905425e-13 4.724525e-06
314 0.714000 0.010000 2404 9.947588e-13 4.610729e-06
315 0.715000 0.010000 2400 9.955964e-13 4.502573e-06
316 0.716000 0.010000 2397 9.889161e-13 4.401106e-06
317 0.717000 0.010000 2393 9.934308e-13 4.306970e-06
318 0.718000 0.010000 2389 9.971074e-13 4.220369e-06
319 0.719000 0.010000 2386 9.900553e-13 4.141060e-06
320 0.720000 0.010000 2382 9.947825e-13 4.068399e-06
321 0.721000 0.010000 2379 9.904060e-13 4.001448e-06
322 0.722000 0.010000 2375 9.959972e-13 3.939126e-06
323 0.723000 0.010000 2372 9.914357e-13 3.880375e-06
324 0.724000 0.010000 2368 9.974549e-13 3.824312e-06
325 0.725000 0.010000 2365 9.934150e-13 3.770354e-06
326 0.726000 0.010000 2361 9.996481e-13 3.718295e-06
327 0.727000 0.010000 2358 9.966852e-13 3.668298e-06
328 0.728000 0.010000 2355 9.943582e-13 3.620791e-06
329 0.729000 0.010000 2352 9.915655e-13 3.576296e-06
330 0.730000 0.010000 2349 9.907258e-13 3.535230e-06
331 0.731000 0.010000 2345 9.986262e-13 3.497747e-06
332 0.732000 0.010000 2342 9.981798e-13 3.463665e-06
333 0.733000 0.010000 2339 9.981724e-13 3.432499e-06
334 0.734000 0.010000 2336 9.962264e-13 3.403593e-06
335 0.735000 0.010000 2333 9.939267e-13 3.376314e-06
336 0.736000 0.010000 2330 9.937318e-13 3.350235e-06
337 0.737000 0.010000 2327 9.928343e-13 3.325252e-06
338 0.738000 0.010000 2323 9.978256e-13 3.301570e-06
339 0.739000 0.010000 2320 9.945582e-13 3.279571e-06
340 0.740000 0.010000 2317 9.915561e-13 3.259612e-06
341 0.741000 0.010000 2313 9.960329e-13 3.241825e-06
342 0.742000 0.010000 2310 9.900189e-13 3.226016e-06
343 0.743000 0.010000 2306 9.966570e-13 3.211688e-06
344 0.744000 0.010000 2302 9.992473e-13 3.198178e-06
345 0.745000 0.010000 2299 9.919883e-13 3.184834e-06
346 0.746000 0.010000 2295 9.968829e-13 3.171175e-06
347 0.747000 0.010000 2292 9.909430e-13 3.156966e-06
348 0.748000 0.010000 2288 9.967978e-13 3.142228e-06
349 0.749000 0.010000 2285 9.939466e-13 3.127176e-06
350 0.750000 0.010000 2282 9.894438e-13 3.112138e-06
351 0.751000 0.010000 2278 9.973140e-13 3.097462e-06
352 0.752000 0.010000 2275 9.954914e-13 3.083459e-06
353 0.753000 0.010000 2272 9.931570e-13 3.070384e-06
354 0.754000 0.010000 2269 9.902774e-13 3.058453e-06
355 0.755000 0.010000 2265 9.994564e-13 3.047886e-06
356 0.756000 0.010000 2262 9.970234e-13 3.038953e-06
357 0.757000 0.010000 2259 9.963381e-13 3.032002e-06
358 0.758000 0.010000 2256 9.947406e-13 3.027456e-06
359 0.759000 0.010000 2253 9.957224e-13 3.025770e-06
360 0.760000 0.010000 2250 9.956229e-13 3.027363e-06
361 0.761000 0.010000 2247 9.987494e-13 3.032538e-06
362 0.762000 0.010000 2245 9.908746e-13 3.041427e-06
363 0.763000 0.010000 2242 9.996735e-13 3.053983e-06
364 0.764000 0.010000 2241 9.907689e-13 3.070024e-06
365 0.765000 0.010000 2239 9.945618e-13 3.089305e-06
366 0.766000 0.010000 2238 9.934139e-13 3.111583e-06
367 0.767000 0.010000 2237 9.959361e-13 3.136657e-06
368 0.768000 0.010000 2237 9.922086e-13 3.164370e-06
369 0.769000 0.010000 2237 9.918800e-13 3.194580e-06
370 0.770000 0.010000 2237 9.941199e-13 3.227139e-06
371 0.771000 0.010000 2237 9.980480e-13 3.261871e-06
372 0.772000 0.010000 2238 9.926656e-13 3.298591e-06
373 0.773000 0.010000 2238 9.975537e-13 3.337122e-06
374 0.774000 0.010000 2239 9.906725e-13 3.377319e-06
375 0.775000 0.010000 2239 9.942530e-13 3.419071e-06
376 0.776000 0.010000 2239 9.967847e-13 3.462266e-06
377 0.777000 0.010000 2239 9.981239e-13 3.506752e-06
378 0.778000 0.010000 2239 9.981805e-13 3.552301e-06
379 0.779000 0.010000 2239 9.968837e-13 3.598611e-06
380 0.780000 0.010000 2239 9.941703e-13 3.645352e-06
381 0.781000 0.010000 2239 9.899938e-13 3.692225e-06
382 0.782000 0.010000 2238 9.956717e-13 3.739027e-06
383 0.783000 0.010000 2237 9.982155e-13 3.785678e-06
384 0.784000 0.010000 2237 9.896198e-13 3.832237e-06
385 0.785000 0.010000 2236 9.908603e-13 3.878882e-06
386 0.786000 0.010000 2235 9.914818e-13 3.925885e-06
387 0.787000 0.010000 2234 9.898465e-13 3.973584e-06
388 0.788000 0.010000 2233 9.893398e-13 4.022334e-06
389 0.789000 0.010000 2231 9.986562e-13 4.072459e-06
390 0.790000 0.010000 2230 9.964276e-13 4.124217e-06
391 0.791000 0.010000 2229 9.959046e-13 4.177763e-06
392 0.792000 0.010000 2228 9.941577e-13 4.233147e-06
393 0.793000 0.010000 2227 9.907565e-13 4.290326e-06
394 0.794000 0.010000 2226 9.879929e-13 4.349193e-06
395 0.795000 0.010000 2224 9.961505e-13 4.409625e-06
396 0.796000 0.010000 2223 9.923686e-13 4.471536e-06
397 0.797000 0.010000 2222 9.904538e-13 4.534928e-06
398 0.798000 0.010000 2220 9.975563e-13 4.599922e-06
399 0.799000 0.010000 2219 9.955936e-13 4.666770e-06
400 0.800000 0.010000 2218 9.919991e-13 4.735823e-06
401 0.801000 0.010000 2217 9.903572e-13 4.807496e-06
402 0.802000 0.010000 2216 9.905545e-13 4.882244e-06
403 0.803000 0.010000 2215 9.910036e-13 4.960555e-06
404 0.804000 0.010000 2214 9.918164e-13 5.042964e-06
405 0.805000 0.010000 2213 9.956291e-13 5.130059e-06
406 0.806000 0.010000 2213 9.901298e-13 5.222481e-06
407 0.807000 0.010000 2212 9.994274e-13 5.320910e-06
408 0.808000 0.010000 2212 9.972227e-13 5.426059e-06
409 0.809000 0.010000 2212 9.965417e-13 5.538691e-06
410 0.810000 0.010000 2212 9.972183e-13 5.659642e-06
411 0.811000 0.010000 2212 9.990820e-13 5.789838e-06
412 0.812000 0.010000 2213 9.891641e-13 5.930268e-06
413 0.813000 0.010000 2213 9.930061e-13 6.081912e-06
414 0.814000 0.010000 2213 9.976935e-13 6.245640e-06
415 0.815000 0.010000 2214 9.916482e-13 6.422103e-06
416 0.816000 0.010000 2214 9.979657e-13 6.611624e-06
417 0.817000 0.010000 2215 9.948450e-13 6.814107e-06
418 0.818000 0.010000 2216 9.930071e-13 7.028980e-06
419 0.819000 0.010000 2217 9.902939e-13 7.255250e-06
420 0.820000 0.010000 2218 9.883707e-13 7.491682e-06
421 0.821000 0.010000 2219 9.904770e-13 7.737100e-06
422 0.822000 0.010000 2220 9.920323e-13 7.990715e-06
423 0.823000 0.010000 2221 9.932789e-13 8.252384e-06
424 0.824000 0.010000 2222 9.976029e-13 8.522696e-06
425 0.825000 0.010000 2224 9.909100e-13 8.802907e-06
426 0.826000 0.010000 2225 9.957381e-13 9.094751e-06
427 0.827000 0.010000 2227 9.895700e-13 9.400203e-06
428 0.828000 0.010000 2228 9.946305e-13 9.721282e-06
429 0.829000 0.010000 2229 9.997549e-13 1.005991e-05
430 0.830000 0.010000 2231 9.916393e-13 1.041783e-05
431 0.831000 0.010000 2232 9.974727e-13 1.079660e-05
432 0.832000 0.010000 2234 9.881388e-13 1.119758e-05
433 0.833000 0.010000 2235 9.917825e-13 1.162189e-05
434 0.834000 0.010000 2236 9.956209e-13 1.207033e-05
435 0.835000 0.010000 2237 9.968580e-13 1.254324e-05
436 0.836000 0.010000 2238 9.971354e-13 1.304027e-05
437 0.837000 0.010000 2239 9.972736e-13 1.356009e-05
438 0.838000 0.010000 2240 9.951265e-13 1.410002e-05
439 0.839000 0.010000 2241 9.905956e-13 1.465562e-05
440 0.840000 0.010000 2241 9.951403e-13 1.522023e-05
441 0.841000 0.010000 2241 9.968254e-13 1.578438e-05
442 0.842000 0.010000 2241 9.950726e-13 1.633539e-05
443 0.843000 0.010000 2241 9.892326e-13 1.685714e-05
444 0.844000 0.010000 2240 9.901397e-13 1.733047e-05
445 0.845000 0.010000 2238 9.954114e-13 1.773416e-05
446 0.846000 0.010000 2236 9.966543e-13 1.804671e-05
447 0.847000 0.010000 2234 9.880934e-13 1.824861e-05
448 0.848000 0.010000 2230 9.977791e-13 1.832489e-05
449 0.849000 0.010000 2226 9.990750e-13 1.826752e-05
450 0.850000 0.010000 2222 9.930994e-13 1.807699e-05
451 0.851000 0.010000 2217 9.922044e-13 1.776252e-05
452 0.852000 0.010000 2211 9.984804e-13 1.734091e-05
453 0.853000 0.010000 2205 9.982905e-13 1.683409e-05
454 0.854000 0.010000 2199 9.963239e-13 1.626618e-05
455 0.855000 0.010000 2193 9.940768e-13 1.566077e-05
456 0.856000 0.010000 2187 9.896821e-13 1.503882e-05
457 0.857000 0.010000 2180 9.964167e-13 1.441745e-05
458 0.858000 0.010000 2174 9.938970e-13 1.380952e-05
459 0.859000 0.010000 2168 9.958439e-13 1.322391e-05
460 0.860000 0.010000 2162 9.961587e-13 1.266613e-05
461 0.861000 0.010000 2156 9.962017e-13 1.213919e-05
462 0.862000 0.010000 2151 9.929035e-13 1.164441e-05
463 0.863000 0.010000 2145 9.987857e-13 1.118216e-05
464 0.864000 0.010000 2140 9.969888e-13 1.075225e-05
465 0.865000 0.010000 2135 9.955653e-13 1.035433e-05
466 0.866000 0.010000 2130 9.952305e-13 9.987958e-06
467 0.867000 0.010000 2125 9.991727e-13 9.652624e-06
468 0.868000 0.010000 2121 9.908670e-13 9.347726e-06
469 0.869000 0.010000 2116 9.955545e-13 9.072441e-06
470 0.870000 0.010000 2112 9.925219e-13 8.825570e-06
471 0.871000 0.010000 2108 9.895581e-13 8.605360e-06
472 0.872000 0.010000 2104 9.902233e-13 8.409333e-06
473 0.873000 0.010000 2100 9.888107e-13 8.234152e-06
474 0.874000 0.010000 2096 9.902593e-13 8.075581e-06
475 0.875000 0.010000 2092 9.886857e-13 7.928588e-06
476 0.876000 0.010000 2087 9.988900e-13 7.787676e-06
477 0.877000 0.010000 2083 9.909176e-13 7.647471e-06
478 0.878000 0.010000 2078 9.894997e-13 7.503450e-06
479 0.879000 0.010000 2072 9.958664e-13 7.352611e-06
480 0.880000 0.010000 2067 9.883718e-13 7.193827e-06
481 0.881000 0.010000 2061 9.897952e-13 7.027767e-06
482 0.882000 0.010000 2055 9.953955e-13 6.856430e-06
483 0.883000 0.010000 2049 9.900170e-13 6.682510e-06
484 0.884000 0.010000 2043 9.910068e-13 6.508788e-06
485 0.885000 0.010000 2036 9.993928e-13 6.337722e-06
486 0.886000 0.010000 2030 9.964937e-13 6.171238e-06
487 0.887000 0.010000 2024 9.958482e-13 6.010705e-06
488 0.888000 0.010000 2019 9.892551e-13 5.857008e-06
489 0.889000 0.010000 2013 9.933078e-13 5.710660e-06
490 0.890000 0.010000 2008 9.919564e-13 5.571907e-06
491 0.891000 0.010000 2003 9.962124e-13 5.440805e-06
492 0.892000 0.010000 1999 9.901221e-13 5.317270e-06
493 0.893000 0.010000 1994 9.990595e-13 5.201105e-06
494 0.894000 0.010000 1991 9.892189e-13 5.092020e-06
495 0.895000 0.010000 1987 9.933348e-13 4.989649e-06
496 0.896000 0.010000 1984 9.886645e-13 4.893576e-06
497 0.897000 0.010000 1980 9.992999e-13 4.803369e-06
498 0.898000 0.010000 1978 9.908207e-13 4.718602e-06
499 0.899000 0.010000 1975 9.930164e-13 4.638875e-06
500 0.900000 0.010000 1972 9.959564e-13 4.563806e-06
501 0.901000 0.010000 1970 9.904913e-13 4.493014e-06
502 0.902000 0.010000 1967 9.951807e-13 4.426084e-06
503 0.903000 0.010000 1964 9.972348e-13 4.362547e-06
504 0.904000 0.010000 1961 9.993715e-13 4.301870e-06
505 0.905000 0.010000 1959 9.909137e-13 4.243473e-06
506 0.906000 0.010000 1956 9.903272e-13 4.186769e-06
507 0.907000 0.010000 1953 9.858167e-13 4.131220e-06
508 0.908000 0.010000 1949 9.949707e-13 4.076392e-06
509 0.909000 0.010000 1945 9.974504e-13 4.021988e-06
510 0.910000 0.010000 1942 9.832127e-13 3.967869e-06
511 0.911000 0.010000 1937 9.960519e-13 3.914046e-06
512 0.912000 0.010000 1933 9.920198e-13 3.860651e-06
513 0.913000 0.010000 1928 9.933085e-13 3.807902e-06
514 0.914000 0.010000 1923 9.917031e-13 3.756061e-06
515 0.915000 0.010000 1918 9.935941e-13 3.705386e-06
516 0.916000 0.010000 1913 9.935332e-13 3.656101e-06
517 0.917000 0.010000 1908 9.919653e-13 3.608369e-06
518 0.918000 0.010000 1903 9.907791e-13 3.562281e-06
519 0.919000 0.010000 1898 9.916161e-13 3.517863e-06
520 0.920000 0.010000 1893 9.941400e-13 3.475081e-06
521 0.921000 0.010000 1888 9.973136e-13 3.433861e-06
522 0.922000 0.010000 1884 9.867744e-13 3.394107e-06
523 0.923000 0.010000 1879 9.923243e-13 3.355721e-06
524 0.924000 0.010000 1875 9.892599e-13 3.318620e-06
525 0.925000 0.010000 1870 9.992854e-13 3.282750e-06
526 0.926000 0.010000 1866 9.954772e-13 3.248080e-06
527 0.927000 0.010000 1862 9.960177e-13 3.214594e-06
528 0.928000 0.010000 1858 9.960654e-13 3.182277e-06
529 0.929000 0.010000 1854 9.959771e-13 3.151104e-06
530 0.930000 0.010000 1850 9.949184e-13 3.121039e-06
531 0.931000 0.010000 1846 9.953762e-13 3.092034e-06
532 0.932000 0.010000 1842 9.916865e-13 3.064034e-06
533 0.933000 0.010000 1837 9.987430e-13 3.036981e-06
534 0.934000 0.010000 1833 9.947614e-13 3.010822e-06
535 0.935000 0.010000 1829 9.893043e-13 2.985517e-06
536 0.936000 0.010000 1824 9.937351e-13 2.961043e-06
537 0.937000 0.010000 1819 9.972079e-13 2.937394e-06
538 0.938000 0.010000 1815 9.888436e-13 2.914579e-06
539 0.939000 0.010000 1810 9.938018e-13 2.892615e-06
540 0.940000 0.010000 1805 9.955920e-13 2.871517e-06
541 0.941000 0.010000 1800 9.972638e-13 2.851293e-06
542 0.942000 0.010000 1796 9.900629e-13 2.831939e-06
543 0.943000 0.010000 1791 9.973962e-13 2.813436e-06
544 0.944000 0.010000 1787 9.936057e-13 2.795754e-06
545 0.945000 0.010000 1783 9.891635e-13 2.778854e-06
546 0.946000 0.010000 1779 9.891571e-13 2.762691e-06
547 0.947000 0.010000 1775 9.883944e-13 2.747220e-06
548 0.948000 0.010000 1771 9.908592e-13 2.732398e-06
549 0.949000 0.010000 1767 9.886066e-13 2.718187e-06
550 0.950000 0.010000 1763 9.920209e-13 2.704551e-06
551 0.951000 0.010000 1759 9.934829e-13 2.691455e-06
552 0.952000 0.010000 1756 9.862148e-13 2.678858e-06
553 0.953000 0.010000 1752 9.936031e-13 2.666705e-06
554 0.954000 0.010000 1749 9.977530e-13 2.654924e-06
555 0.955000 0.010000 1746 9.969250e-13 2.643426e-06
556 0.956000 0.010000 1743 9.894899e-13 2.632116e-06
557 0.957000 0.010000 1740 9.937072e-13 2.620905e-06
558 0.958000 0.010000 1737 9.956283e-13 2.609729e-06
559 0.959000 0.010000 1734 9.951563e-13 2.598558e-06
560 0.960000 0.010000 1731 9.906574e-13 2.587405e-06
561 0.961000 0.010000 1728 9.961575e-13 2.576317e-06
562 0.962000 0.010000 1726 9.873848e-13 2.565369e-06
563 0.963000 0.010000 1723 9.904997e-13 2.554644e-06
564 0.964000 0.010000 1721 9.942115e-13 2.544222e-06
565 0.965000 0.010000 1719 9.866457e-13 2.534168e-06
566 0.966000 0.010000 1717 9.979431e-13 2.524532e-06
567 0.967000 0.010000 1715 9.952160e-13 2.515344e-06
568 0.968000 0.010000 1714 9.910827e-13 2.506621e-06
569 0.969000 0.010000 1713 9.918557e-13 2.498357e-06
570 0.970000 0.010000 1711 9.909332e-13 2.490518e-06
571 0.971000 0.010000 1710 9.866018e-13 2.483039e-06
572 0.972000 0.010000 1708 9.994525e-13 2.475818e-06
573 0.973000 0.010000 1707 9.878306e-13 2.468740e-06
574 0.974000 0.010000 1706 9.834398e-13 2.461693e-06
575 0.975000 0.010000 1704 9.976465e-13 2.454597e-06
576 0.976000 0.010000 1703 9.932213e-13 2.447413e-06
577 0.977000 0.010000 1702 9.962336e-13 2.440153e-06
578 0.978000 0.010000 1702 9.873087e-13 2.432860e-06
579 0.979000 0.010000 1701 9.957684e-13 2.425608e-06
580 0.980000 0.010000 1701 9.896471e-13 2.418487e-06
581 0.981000 0.010000 1700 9.962296e-13 2.411602e-06
582 0.982000 0.010000 1700 9.901368e-13 2.405065e-06
583 0.983000 0.010000 1699 9.940853e-13 2.398996e-06
584 0.984000 0.010000 1699 9.861090e-13 2.393519e-06
585 0.985000 0.010000 1698 9.918924e-13 2.388754e-06
586 0.986000 0.010000 1697 9.960588e-13 2.384816e-06
587 0.987000 0.010000 1696 9.923888e-13 2.381813e-06
588 0.988000 0.010000 1695 9.873869e-13 2.379835e-06
589 0.989000 0.010000 1694 9.845342e-13 2.378953e-06
590 0.990000 0.010000 1692 9.915602e-13 2.379202e-06
591 0.991000 0.010000 1690 9.926772e-13 2.380579e-06
592 0.992000 0.010000 1688 9.957281e-13 2.383036e-06
593 0.993000 0.010000 1686 9.926979e-13 2.386485e-06
594 0.994000 0.010000 1684 9.921556e-13 2.390800e-06
595 0.995000 0.010000 1682 9.819955e-13 2.395830e-06
596 0.996000 0.010000 1679 9.910087e-13 2.401400e-06
597 0.997000 0.010000 1677 9.812033e-13 2.407319e-06
598 0.998000 0.010000 1673 9.985431e-13 2.413377e-06
599 0.999000 0.010000 1671 9.894684e-13 2.419353e-06
600 1.000000 0.010000 1667 9.981761e-13 2.425020e-06
601 1.001000 0.010000 1664 9.898144e-13 2.430171e-06
602 1.002000 0.010000 1660 9.956280e-13 2.434633e-06
603 1.003000 0.010000 1657 9.866423e-13 2.438304e-06
604 1.004000 0.010000 1653 9.902716e-13 2.441158e-06
605 1.005000 0.010000 1649 9.948007e-13 2.443253e-06
606 1.006000 0.010000 1645 9.993802e-13 2.444712e-06
607 1.007000 0.010000 1642 9.930760e-13 2.445708e-06
608 1.008000 0.010000 1638 9.983777e-13 2.446431e-06
609 1.009000 0.010000 1635 9.875648e-13 2.447067e-06
610 1.010000 0.010000 1631 9.946739e-13 2.447771e-06
611 1.011000 0.010000 1628 9.936654e-13 2.448649e-06
612 1.012000 0.010000 1625 9.850826e-13 2.449740e-06
613 1.013000 0.010000 1621 9.927058e-13 2.451013e-06
614 1.014000 0.010000 1618 9.903825e-13 2.452372e-06
615 1.015000 0.010000 1614 9.986879e-13 2.453678e-06
616 1.016000 0.010000 1611 9.905766e-13 2.454780e-06
617 1.017000 0.010000 1607 9.978169e-13 2.455548e-06
618 1.018000 0.010000 1604 9.901062e-13 2.455895e-06
619 1.019000 0.010000 1600 9.973570e-13 2.455798e-06
620 1.020000 0.010000 1597 9.916114e-13 2.455290e-06
621 1.021000 0.010000 1593 9.971058e-13 2.454448e-06
622 1.022000 0.010000 1590 9.917122e-13 2.453365e-06
623 1.023000 0.010000 1587 9.909535e-13 2.452132e-06
624 1.024000 0.010000 1584 9.857952e-13 2.450826e-06
625 1.025000 0.010000 1580 9.990322e-13 2.449504e-06
626 1.026000 0.010000 1578 9.894695e-13 2.448205e-06
627 1.027000 0.010000 1575 9.900980e-13 2.446961e-06
628 1.028000 0.010000 1572 9.918935e-13 2.445806e-06
629 1.029000 0.010000 1570 9.856305e-13 2.444786e-06
630 1.030000 0.010000 1567 9.878680e-13 2.443970e-06
631 1.031000 0.010000 1564 9.987237e-13 2.443457e-06
632 1.032000 0.010000 1562 9.890951e-13 2.443368e-06
633 1.033000 0.010000 1560 9.888250e-13 2.443841e-06
634 1.034000 0.010000 1557 9.972267e-13 2.445006e-06
635 1.035000 0.010000 1556 9.820641e-13 2.446962e-06
636 1.036000 0.010000 1554 9.875378e-13 2.449749e-06
637 1.037000 0.010000 1551 9.984499e-13 2.453338e-06
638 1.038000 0.010000 1550 9.891986e-13 2.457625e-06
639 1.039000 0.010000 1547 9.999786e-13 2.462442e-06
640 1.040000 0.010000 1546 9.850583e-13 2.467576e-06
641 1.041000 0.010000 1544 9.906373e-13 2.472797e-06
642 1.042000 0.010000 1541 9.960603e-13 2.477876e-06
643 1.043000 0.010000 1539 9.944939e-13 2.482616e-06
644 1.044000 0.010000 1536 9.966331e-13 2.486864e-06
645 1.045000 0.010000 1534 9.919130e-13 2.490529e-06
646 1.046000 0.010000 1531 9.919333e-13 2.493589e-06
647 1.047000 0.010000 1528 9.955624e-13 2.496090e-06
648 1.048000 0.010000 1525 9.912661e-13 2.498140e-06
649 1.049000 0.010000 1522 9.908039e-13 2.499894e-06
650 1.050000 0.010000 1519 9.866857e-13 2.501542e-06
651 1.051000 0.010000 1515 9.966886e-13 2.503284e-06
652 1.052000 0.010000 1512 9.949941e-13 2.505309e-06
653 1.053000 0.010000 1509 9.872612e-13 2.507769e-06
654 1.054000 0.010000 1505 9.964901e-13 2.510765e-06
655 1.055000 0.010000 1502 9.895690e-13 2.514335e-06
656 1.056000 0.010000 1498 9.966743e-13 2.518468e-06
657 1.057000 0.010000 1495 9.928202e-13 2.523121e-06
658 1.058000 0.010000 1491 9.995231e-13 2.528231e-06
659 1.059000 0.010000 1488 9.884748e-13 2.533732e-06
660 1.060000 0.010000 1484 9.938852e-13 2.539549e-06
661 1.061000 0.010000 1480 9.985057e-13 2.545594e-06
662 1.062000 0.010000 1476 9.970925e-13 2.551758e-06
663 1.063000 0.010000 1472 9.991304e-13 2.557912e-06
664 1.064000 0.010000 1468 9.974716e-13 2.563928e-06
665 1.065000 0.010000 1464 9.937354e-13 2.569692e-06
666 1.066000 0.010000 1460 9.825071e-13 2.575132e-06
667 1.067000 0.010000 1455 9.888547e-13 2.580226e-06
668 1.068000 0.010000 1450 9.928647e-13 2.585004e-06
669 1.069000 0.010000 1445 9.949525e-13 2.589538e-06
670 1.070000 0.010000 1440 9.985123e-13 2.593936e-06
671 1.071000 0.010000 1436 9.896400e-13 2.598326e-06
672 1.072000 0.010000 1431 9.941576e-13 2.602841e-06
673 1.073000 0.010000 1427 9.881471e-13 2.607616e-06
674 1.074000 0.010000 1423 9.845716e-13 2.612770e-06
675 1.075000 0.010000 1419 9.855372e-13 2.618400e-06
676 1.076000 0.010000 1415 9.955427e-13 2.624577e-06
677 1.077000 0.010000 1412 9.903200e-13 2.631337e-06
678 1.078000 0.010000 1409 9.965670e-13 2.638679e-06
679 1.079000 0.010000 1407 9.866810e-13 2.646559e-06
680 1.080000 0.010000 1405 9.887511e-13 2.654897e-06
681 1.081000 0.010000 1402 9.992418e-13 2.663584e-06
682 1.082000 0.010000 1401 9.853366e-13 2.672492e-06
683 1.083000 0.010000 1399 9.912708e-13 2.681498e-06
684 1.084000 0.010000 1397 9.911060e-13 2.690502e-06
685 1.085000 0.010000 1395 9.926682e-13 2.699452e-06
686 1.086000 0.010000 1393 9.922428e-13 2.708347e-06
687 1.087000 0.010000 1391 9.899439e-13 2.717243e-06
688 1.088000 0.010000 1389 9.866523e-13 2.726231e-06
689 1.089000 0.010000 1386 9.970194e-13 2.735423e-06
690 1.090000 0.010000 1384 9.869940e-13 2.744933e-06
691 1.091000 0.010000 1381 9.961830e-13 2.754863e-06
692 1.092000 0.010000 1379 9.884387e-13 2.765287e-06
693 1.093000 0.010000 1376 9.899384e-13 2.776251e-06
694 1.094000 0.010000 1373 9.989671e-13 2.787764e-06
695 1.095000 0.010000 1371 9.834391e-13 2.799798e-06
696 1.096000 0.010000 1368 9.921810e-13 2.812298e-06
697 1.097000 0.010000 1365 9.922819e-13 2.825181e-06
698 1.098000 0.010000 1362 9.982299e-13 2.838349e-06
699 1.099000 0.010000 1360 9.810514e-13 2.851699e-06
700 1.100000 0.010000 1357 9.931400e-13 2.865134e-06
701 1.101000 0.010000 1354 9.883992e-13 2.878570e-06
702 1.102000 0.010000 1351 9.948968e-13 2.891937e-06
703 1.103000 0.010000 1348 9.927678e-13 2.905175e-06
704 1.104000 0.010000 1345 9.924213e-13 2.918231e-06
705 1.105000 0.010000 1342 9.869897e-13 2.931060e-06
706 1.106000 0.010000 1338 9.975050e-13 2.943627e-06
707 1.107000 0.010000 1335 9.932494e-13 2.955899e-06
708 1.108000 0.010000 1331 9.981618e-13 2.967830e-06
709 1.109000 0.010000 1328 9.951522e-13 2.979357e-06
710 1.110000 0.010000 1324 9.986484e-13 2.990400e-06
711 1.111000 0.010000 1321 9.885471e-13 3.000901e-06
712 1.112000 0.010000 1317 9.922778e-13 3.010866e-06
713 1.113000 0.010000 1313 9.914310e-13 3.020409e-06
714 1.114000 0.010000 1309 9.939417e-13 3.029764e-06
715 1.115000 0.010000 1305 9.999304e-13 3.039264e-06
716 1.116000 0.010000 1301 9.979841e-13 3.049274e-06
717 1.117000 0.010000 1298 9.853125e-13 3.060114e-06
718 1.118000 0.010000 1294 9.867523e-13 3.071985e-06
719 1.119000 0.010000 1290 9.919115e-13 3.084932e-06
720 1.120000 0.010000 1287 9.838989e-13 3.098865e-06
721 1.121000 0.010000 1283 9.908999e-13 3.113613e-06
722 1.122000 0.010000 1280 9.832422e-13 3.129019e-06
723 1.123000 0.010000 1276 9.930295e-13 3.145019e-06
724 1.124000 0.010000 1273 9.861407e-13 3.161674e-06
725 1.125000 0.010000 1269 9.992430e-13 3.179136e-06
726 1.126000 0.010000 1266 9.927829e-13 3.197568e-06
727 1.127000 0.010000 1263 9.870420e-13 3.217052e-06
728 1.128000 0.010000 1259 9.943565e-13 3.237544e-06
729 1.129000 0.010000 1256 9.845897e-13 3.258878e-06
730 1.130000 0.010000 1252 9.972801e-13 3.280822e-06
731 1.131000 0.010000 1249 9.810338e-13 3.303138e-06
732 1.132000 0.010000 1245 9.894378e-13 3.325632e-06
733 1.133000 0.010000 1241 9.942047e-13 3.348177e-06
734 1.134000 0.010000 1237 9.957679e-13 3.370714e-06
735 1.135000 0.010000 1234 9.832861e-13 3.393256e-06
736 1.136000 0.010000 1230 9.868210e-13 3.415881e-06
737 1.137000 0.010000 1226 9.876289e-13 3.438709e-06
738 1.138000 0.010000 1222 9.875878e-13 3.461884e-06
739 1.139000 0.010000 1218 9.874834e-13 3.485530e-06
740 1.140000 0.010000 1214 9.871212e-13 3.509725e-06
741 1.141000 0.010000 1210 9.879384e-13 3.534485e-06
742 1.142000 0.010000 1206 9.825471e-13 3.559779e-06
743 1.143000 0.010000 1202 9.853083e-13 3.585547e-06
744 1.144000 0.010000 1197 9.980796e-13 3.611741e-06
745 1.145000 0.010000 1193 9.959543e-13 3.638354e-06
746 1.146000 0.010000 1189 9.951414e-13 3.665437e-06
747 1.147000 0.010000 1185 9.886380e-13 3.693092e-06
748 1.148000 0.010000 1181 9.856962e-13 3.721424e-06
749 1.149000 0.010000 1176 9.989995e-13 3.750477e-06
750 1.150000 0.010000 1173 9.816389e-13 3.780180e-06
751 1.151000 0.010000 1168 9.929740e-13 3.810318e-06
752 1.152000 0.010000 1164 9.845737e-13 3.840560e-06
753 1.153000 0.010000 1159 9.960004e-13 3.870526e-06
754 1.154000 0.010000 1155 9.908856e-13 3.899881e-06
755 1.155000 0.010000 1150 9.970635e-13 3.928413e-06
756 1.156000 0.010000 1145 9.958163e-13 3.956089e-06
757 1.157000 0.010000 1141 9.952369e-13 3.983063e-06
758 1.158000 0.010000 1136 9.909258e-13 4.009647e-06
759 1.159000 0.010000 1131 9.880930e-13 4.036248e-06
760 1.160000 0.010000 1126 9.841869e-13 4.063302e-06
761 1.161000 0.010000 1121 9.900372e-13 4.091219e-06
762 1.162000 0.010000 1116 9.789972e-13 4.120354e-06
763 1.163000 0.010000 1111 9.819841e-13 4.150995e-06
764 1.164000 0.010000 1106 9.800412e-13 4.183363e-06
765 1.165000 0.010000 1100 9.974849e-13 4.217606e-06
766 1.166000 0.010000 1095 9.897333e-13 4.253783e-06
767 1.167000 0.010000 1090 9.898551e-13 4.291843e-06
768 1.168000 0.010000 1085 9.867018e-13 4.331617e-06
769 1.169000 0.010000 1080 9.861508e-13 4.372838e-06
770 1.170000 0.010000 1075 9.808558e-13 4.415197e-06
771 1.171000 0.010000 1070 9.777965e-13 4.458424e-06
772 1.172000 0.010000 1065 9.798270e-13 4.502375e-06
773 1.173000 0.010000 1060 9.819908e-13 4.547085e-06
774 1.174000 0.010000 1055 9.819285e-13 4.592761e-06
775 1.175000 0.010000 1050 9.876861e-13 4.639714e-06
776 1.176000 0.010000 1045 9.912618e-13 4.688261e-06
777 1.177000 0.010000 1040 9.949164e-13 4.738637e-06
778 1.178000 0.010000 1035 9.982144e-13 4.790945e-06
779 1.179000 0.010000 1030 9.996354e-13 4.845151e-06
780 1.180000 0.010000 1025 9.985846e-13 4.901112e-06
781 1.181000 0.010000 1021 9.797334e-13 4.958627e-06
782 1.182000 0.010000 1016 9.777701e-13 5.017490e-06
783 1.183000 0.010000 1010 9.985658e-13 5.077547e-06
784 1.184000 0.010000 1005 9.986101e-13 5.138734e-06
785 1.185000 0.010000 1000 9.871065e-13 5.201100e-06
786 1.186000 0.010000 995 9.935291e-13 5.264803e-06
787 1.187000 0.010000 990 9.905591e-13 5.330086e-06
788 1.188000 0.010000 985 9.846646e-13 5.397222e-06
789 1.189000 0.010000 980 9.834547e-13 5.466467e-06
790 1.190000 0.010000 975 9.757922e-13 5.538004e-06
791 1.191000 0.010000 969 9.913783e-13 5.611935e-06
792 1.192000 0.010000 964 9.889219e-13 5.688285e-06
793 1.193000 0.010000 958 9.996971e-13 5.767056e-06
794 1.194000 0.010000 953 9.867945e-13 5.848288e-06
795 1.195000 0.010000 948 9.751119e-13 5.932116e-06
796 1.196000 0.010000 942 9.835048e-13 6.018798e-06
797 1.197000 0.010000 936 9.966075e-13 6.108698e-06
798 1.198000 0.010000 931 9.914614e-13 6.202223e-06
799 1.199000 0.010000 925 9.865604e-13 6.299727e-06
800 1.200000 0.010000 919 9.879048e-13 6.401421e-06
801 1.201000 0.010000 913 9.874414e-13 6.507293e-06
802 1.202000 0.010000 907 9.812152e-13 6.617089e-06
803 1.203000 0.010000 901 9.973129e-13 6.730334e-06
804 1.204000 0.010000 895 9.892450e-13 6.846400e-06
805 1.205000 0.010000 889 9.860109e-13 6.964614e-06
806 1.206000 0.010000 883 9.897959e-13 7.084364e-06
807 1.207000 0.010000 877 9.825190e-13 7.205215e-06
808 1.208000 0.010000 871 9.762552e-13 7.326997e-06
809 1.209000 0.010000 864 9.779122e-13 7.449855e-06
810 1.210000 0.010000 857 9.859090e-13 7.574240e-06
811 1.211000 0.010000 850 9.757294e-13 7.700852e-06
812 1.212000 0.010000 843 9.811940e-13 7.830565e-06
813 1.213000 0.010000 836 9.768298e-13 7.964342e-06
814 1.214000 0.010000 829 9.831626e-13 8.103168e-06
815 1.215000 0.010000 822 9.812922e-13 8.247982e-06
816 1.216000 0.010000 815 9.834832e-13 8.399622e-06
817 1.217000 0.010000 808 9.851341e-13 8.558773e-06
818 1.218000 0.010000 800 9.999901e-13 8.725965e-06
819 1.219000 0.010000 793 9.743964e-13 8.901598e-06
820 1.220000 0.010000 786 9.776558e-13 9.086015e-06
821 1.221000 0.010000 779 9.825072e-13 9.279556e-06
822 1.222000 0.010000 771 9.928242e-13 9.482594e-06
823 1.223000 0.010000 765 9.911119e-13 9.695505e-06
824 1.224000 0.010000 757 9.981154e-13 9.918627e-06
825 1.225000 0.010000 750 9.872209e-13 1.015222e-05
826 1.226000 0.010000 743 9.778916e-13 1.039648e-05
827 1.227000 0.010000 735 9.668680e-13 1.065163e-05
828 1.228000 0.010000 726 9.944879e-13 1.091802e-05
829 1.229000 0.010000 718 9.822413e-13 1.119628e-05
830 1.230000 0.010000 709 9.951652e-13 1.148735e-05
831 1.231000 0.010000 701 9.886330e-13 1.179248e-05
832 1.232000 0.010000 693 9.651908e-13 1.211310e-05
833 1.233000 0.010000 685 9.687202e-13 1.245067e-05
834 1.234000 0.010000 676 9.707903e-13 1.280651e-05
835 1.235000 0.010000 668 9.775369e-13 1.318174e-05
836 1.236000 0.010000 659 9.865701e-13 1.357740e-05
837 1.237000 0.010000 650 9.977545e-13 1.399460e-05
838 1.238000 0.010000 641 9.866545e-13 1.443480e-05
839 1.239000 0.010000 632 9.678961e-13 1.490011e-05
840 1.240000 0.010000 621 9.999721e-13 1.539348e-05
841 1.241000 0.010000 611 9.820672e-13 1.591863e-05
842 1.242000 0.010000 601 9.999197e-13 1.647976e-05
843 1.243000 0.010000 590 9.972404e-13 1.708111e-05
844 1.244000 0.010000 580 9.661399e-13 1.772641e-05
845 1.245000 0.010000 569 9.832803e-13 1.841850e-05
846 1.246000 0.010000 557 9.785471e-13 1.915912e-05
847 1.247000 0.010000 546 9.593297e-13 1.994890e-05
848 1.248000 0.010000 534 9.557214e-13 2.078748e-05
849 1.249000 0.010000 522 9.584189e-13 2.167376e-05
850 1.250000 0.010000 510 9.675572e-13 2.260590e-05
851 1.251000 0.010000 498 9.726624e-13 2.358128e-05
852 1.252000 0.010000 486 9.523927e-13 2.459599e-05
853 1.253000 0.010000 471 9.942565e-13 2.564404e-05
854 1.254000 0.010000 458 9.496822e-13 2.671634e-05
855 1.255000 0.010000 445 9.715254e-13 2.779949e-05
856 1.256000 0.010000 431 9.962707e-13 2.887467e-05
857 1.257000 0.010000 418 9.865111e-13 2.991691e-05
858 1.258000 0.010000 403 9.893382e-13 3.089506e-05
859 1.259000 0.010000 387 9.510872e-13 3.177282e-05
860 1.260000 0.010000 373 9.607918e-13 3.251107e-05
861 1.261000 0.010000 360 9.260949e-13 3.307133e-05
862 1.262000 0.010000 346 9.283695e-13 3.341975e-05
863 1.263000 0.010000 331 9.611590e-13 3.353095e-05
864 1.264000 0.010000 314 9.832061e-13 3.339114e-05
865 1.265000 0.010000 299 9.323332e-13 3.300000e-05
866 1.266000 0.010000 287 9.068121e-13 3.237100e-05
867 1.267000 0.010000 275 9.173113e-13 3.153027e-05
868 1.268000 0.010000 264 8.967714e-13 3.051398e-05
869 1.269000 0.010000 252 9.433823e-13 2.936472e-05
870 1.270000 0.010000 241 9.667037e-13 2.812713e-05
871 1.271000 0.010000 230 9.922079e-13 2.684378e-05
872 1.272000 0.010000 220 9.146487e-13 2.555175e-05
873 1.273000 0.010000 210 9.141376e-13 2.428076e-05
874 1.274000 0.010000 202 9.132549e-13 2.305260e-05
875 1.275000 0.010000 195 8.991496e-13 2.188174e-05
876 1.276000 0.010000 188 9.314808e-13 2.077654e-05
877 1.277000 0.010000 182 9.203076e-13 1.974069e-05
878 1.278000 0.010000 176 9.696026e-13 1.877454e-05
879 1.279000 0.010000 171 9.087782e-13 1.787621e-05
880 1.280000 0.010000 166 9.064845e-13 1.704244e-05
881 1.281000 0.010000 161 9.475285e-13 1.626923e-05
882 1.282000 0.010000 156 9.860984e-13 1.555222e-05
883 1.283000 0.010000 152 9.377151e-13 1.488704e-05
884 1.284000 0.010000 148 9.104112e-13 1.426941e-05
885 1.285000 0.010000 144 9.439182e-13 1.369530e-05
886 1.286000 0.010000 141 8.687342e-13 1.316093e-05
887 1.287000 0.010000 138 8.447645e-13 1.266285e-05
888 1.288000 0.010000 135 8.261661e-13 1.219789e-05
889 1.289000 0.010000 132 8.629727e-13 1.176318e-05
890 1.290000 0.010000 129 9.407832e-13 1.135612e-05
891 1.291000 0.010000 127 8.520170e-13 1.097435e-05
892 1.292000 0.010000 124 9.573762e-13 1.061576e-05
893 1.293000 0.010000 122 9.079806e-13 1.027843e-05
894 1.294000 0.010000 120 8.784782e-13 9.960632e-06
895 1.295000 0.010000 118 8.660127e-13 9.660809e-06
896 1.296000 0.010000 116 8.623705e-13 9.377550e-06
897 1.297000 0.010000 114 8.909745e-13 9.109581e-06
898 1.298000 0.010000 112 9.248423e-13 8.855749e-06
899 1.299000 0.010000 110 9.865718e-13 8.615006e-06
900 1.300000 0.010000 109 8.438862e-13 8.386401e-06
901 1.301000 0.010000 107 9.424237e-13 8.169071e-06
902 1.302000 0.010000 106 8.445756e-13 7.962227e-06
903 1.303000 0.010000 104 9.774975e-13 7.765151e-06
904 1.304000 0.010000 103 8.857635e-13 7.577186e-06
905 1.305000 0.010000 102 8.032067e-13 7.397733e-06
906 1.306000 0.010000 100 9.775561e-13 7.226239e-06
907 1.307000 0.010000 99 9.274497e-13 7.062201e-06
908 1.308000 0.010000 98 8.758909e-13 6.905152e-06
909 1.309000 0.010000 97 8.454404e-13 6.754667e-06
910 1.310000 0.010000 96 8.395162e-13 6.610350e-06
911 1.311000 0.010000 95 8.313409e-13 6.471838e-06
912 1.312000 0.010000 94 8.155510e-13 6.338795e-06
913 1.313000 0.010000 93 8.076877e-13 6.210909e-06
914 1.314000 0.010000 92 8.097032e-13 6.087891e-06
915 1.315000 0.010000 91 8.175543e-13 5.969474e-06
916 1.316000 0.010000 90 8.276424e-13 5.855410e-06
917 1.317000 0.010000 89 8.555683e-13 5.745466e-06
918 1.318000 0.010000 88 8.945038e-13 5.639428e-06
919 1.319000 0.010000 87 9.251499e-13 5.537094e-06
920 1.320000 0.010000 86 9.856316e-13 5.438277e-06
921 1.321000 0.010000 86 7.725473e-13 5.342802e-06
922 1.322000 0.010000 85 8.460050e-13 5.250504e-06
923 1.323000 0.010000 84 9.233660e-13 5.161230e-06
924 1.324000 0.010000 84 7.325896e-13 5.074837e-06
925 1.325000 0.010000 83 8.029118e-13 4.991189e-06
926 1.326000 0.010000 82 8.763021e-13 4.910160e-06
927 1.327000 0.010000 81 9.759391e-13 4.831630e-06
928 1.328000 0.010000 81 7.865916e-13 4.755488e-06
929 1.329000 0.010000 80 8.923983e-13 4.681627e-06
930 1.330000 0.010000 79 9.956779e-13 4.609950e-06
931 1.331000 0.010000 79 8.108404e-13 4.540360e-06
932 1.332000 0.010000 78 9.408643e-13 4.472772e-06
933 1.333000 0.010000 78 7.706294e-13 4.407099e-06
934 1.334000 0.010000 77 9.008349e-13 4.343265e-06
935 1.335000 0.010000 77 7.420256e-13 4.281193e-06
936 1.336000 0.010000 76 8.610297e-13 4.220812e-06
937 1.337000 0.010000 75 9.957548e-13 4.162057e-06
938 1.338000 0.010000 75 8.278176e-13 4.104863e-06
939 1.339000 0.010000 74 9.874873e-13 4.049170e-06
940 1.340000 0.010000 74 8.251565e-13 3.994920e-06
941 1.341000 0.010000 73 9.892336e-13 3.942060e-06
942 1.342000 0.010000 73 8.307637e-13 3.890536e-06
943 1.343000 0.010000 72 9.856903e-13 3.840301e-06
944 1.344000 0.010000 72 8.316894e-13 3.791308e-06
945 1.345000 0.010000 72 7.025418e-13 3.743511e-06
946 1.346000 0.010000 71 8.538659e-13 3.696868e-06
947 1.347000 0.010000 71 7.244895e-13 3.651339e-06
948 1.348000 0.010000 70 9.128065e-13 3.606885e-06
949 1.349000 0.010000 70 7.780138e-13 3.563469e-06
950 1.350000 0.010000 69 9.542834e-13 3.521056e-06
951 1.351000 0.010000 69 8.168505e-13 3.479613e-06
952 1.352000 0.010000 69 6.998770e-13 3.439106e-06
953 1.353000 0.010000 68 8.648487e-13 3.399506e-06
954 1.354000 0.010000 68 7.439583e-13 3.360782e-06
955 1.355000 0.010000 67 9.611654e-13 3.322908e-06
956 1.356000 0.010000 67 8.300938e-13 3.285855e-06
957 1.357000 0.010000 67 7.175066e-13 3.249598e-06
958 1.358000 0.010000 66 9.353428e-13 3.214112e-06
959 1.359000 0.010000 66 8.116470e-13 3.179373e-06
960 1.360000 0.010000 66 7.048721e-13 3.145358e-06
961 1.361000 0.010000 65 9.104503e-13 3.112046e-06
962 1.362000 0.010000 65 7.935675e-13 3.079416e-06
963 1.363000 0.010000 65 6.922090e-13 3.047447e-06
964 1.364000 0.010000 64 9.159406e-13 3.016120e-06
965 1.365000 0.010000 64 8.018289e-13 2.985416e-06
966 1.366000 0.010000 64 7.024287e-13 2.955318e-06
967 1.367000 0.010000 63 9.308208e-13 2.925808e-06
968 1.368000 0.010000 63 8.182721e-13 2.896869e-06
969 1.369000 0.010000 63 7.198092e-13 2.868485e-06
970 1.370000 0.010000 62 9.596703e-13 2.840642e-06
971 1.371000 0.010000 62 8.470690e-13 2.813324e-06
972 1.372000 0.010000 62 7.481472e-13 2.786517e-06
973 1.373000 0.010000 61 9.991211e-13 2.760206e-06
974 1.374000 0.010000 61 8.852769e-13 2.734380e-06
975 1.375000 0.010000 61 7.848680e-13 2.709025e-06
976 1.376000 0.010000 61 6.962529e-13 2.684128e-06
977 1.377000 0.010000 60 9.472955e-13 2.659679e-06
978 1.378000 0.010000 60 8.429319e-13 2.635664e-06
979 1.379000 0.010000 60 7.504795e-13 2.612073e-06
980 1.380000 0.010000 60 6.685306e-13 2.588895e-06
981 1.381000 0.010000 59 9.292364e-13 2.566121e-06
982 1.382000 0.010000 59 8.301822e-13 2.543739e-06
983 1.383000 0.010000 59 7.420689e-13 2.521740e-06
984 1.384000 0.010000 59 6.636450e-13 2.500114e-06
985 1.385000 0.010000 58 9.496169e-13 2.478853e-06
986 1.386000 0.010000 58 8.517361e-13 2.457948e-06
987 1.387000 0.010000 58 7.643120e-13 2.437390e-06
988 1.388000 0.010000 58 6.861875e-13 2.417171e-06
989 1.389000 0.010000 57 9.763798e-13 2.397283e-06
990 1.390000 0.010000 57 8.789825e-13 2.377717e-06
991 1.391000 0.010000 57 7.916579e-13 2.358468e-06
992 1.392000 0.010000 57 7.133266e-13 2.339527e-06
993 1.393000 0.010000 57 6.430290e-13 2.320887e-06
994 1.394000 0.010000 56 9.339708e-13 2.302542e-06
995 1.395000 0.010000 56 8.441407e-13 2.284484e-06
996 1.396000 0.010000 56 7.632696e-13 2.266708e-06
997 1.397000 0.010000 56 6.904314e-13 2.249206e-06
998 1.398000 0.010000 56 6.247992e-13 2.231974e-06
999 1.399000 0.010000 55 9.300721e-13 2.215005e-06
1000 1.400000 0.010000 55 8.438508e-13 2.198294e-06
