# Generalizd shifted MINRES method
# A = /home/u11674/DATA/VCNT10800h_A.csr
# B = /home/u11674/DATA/VCNT10800h_B.csr
# inner=1.000000e-06, outer=1.000000e-12
# status=-19682, time=1393
# converged 1001 / 1001
0 0.400000 0.001000 11212 9.999411e-13 1.487828e-06
1 0.401000 0.001000 10936 9.996969e-13 1.598814e-06
2 0.402000 0.001000 11300 9.995484e-13 1.795831e-06
3 0.403000 0.001000 11551 9.989071e-13 1.786392e-06
4 0.404000 0.001000 11547 9.999757e-13 1.742222e-06
5 0.405000 0.001000 11250 9.989133e-13 1.597256e-06
6 0.406000 0.001000 10982 9.989012e-13 1.577139e-06
7 0.407000 0.001000 10794 9.988913e-13 1.491633e-06
8 0.408000 0.001000 10784 9.997841e-13 1.479455e-06
9 0.409000 0.001000 11177 9.993220e-13 1.627062e-06
10 0.410000 0.001000 11858 9.989290e-13 1.983269e-06
11 0.411000 0.001000 12269 9.994053e-13 2.139401e-06
12 0.412000 0.001000 12123 9.994425e-13 1.981255e-06
13 0.413000 0.001000 12263 9.992944e-13 2.174332e-06
14 0.414000 0.001000 12384 9.996877e-13 2.281741e-06
15 0.415000 0.001000 12451 9.988724e-13 2.247831e-06
16 0.416000 0.001000 12338 9.984715e-13 2.084732e-06
17 0.417000 0.001000 12184 9.988275e-13 2.141651e-06
18 0.418000 0.001000 11925 9.996224e-13 2.305771e-06
19 0.419000 0.001000 12085 9.999350e-13 2.300747e-06
20 0.420000 0.001000 11804 9.994299e-13 2.126730e-06
21 0.421000 0.001000 11445 9.992071e-13 2.241084e-06
22 0.422000 0.001000 11136 9.999172e-13 2.216641e-06
23 0.423000 0.001000 11395 9.998312e-13 2.183305e-06
24 0.424000 0.001000 11676 9.999710e-13 2.336748e-06
25 0.425000 0.001000 11775 9.996345e-13 2.040320e-06
26 0.426000 0.001000 11606 9.995624e-13 1.839561e-06
27 0.427000 0.001000 11249 9.990972e-13 1.732605e-06
28 0.428000 0.001000 11356 9.990689e-13 1.782422e-06
29 0.429000 0.001000 11488 9.993465e-13 1.631858e-06
30 0.430000 0.001000 11465 9.993790e-13 1.597560e-06
31 0.431000 0.001000 11633 9.991189e-13 1.628103e-06
32 0.432000 0.001000 12072 9.991648e-13 1.711725e-06
33 0.433000 0.001000 12298 9.987906e-13 1.795105e-06
34 0.434000 0.001000 12254 9.993861e-13 1.706652e-06
35 0.435000 0.001000 12444 9.981485e-13 1.768095e-06
36 0.436000 0.001000 12664 9.995742e-13 1.895062e-06
37 0.437000 0.001000 12844 9.989091e-13 1.800719e-06
38 0.438000 0.001000 12938 9.993897e-13 1.788084e-06
39 0.439000 0.001000 12693 9.992140e-13 1.750031e-06
40 0.440000 0.001000 12385 9.999674e-13 1.793923e-06
41 0.441000 0.001000 12512 9.987161e-13 1.927818e-06
42 0.442000 0.001000 12590 9.996045e-13 2.045258e-06
43 0.443000 0.001000 12422 9.995680e-13 1.841422e-06
44 0.444000 0.001000 12389 9.995975e-13 1.752062e-06
45 0.445000 0.001000 12319 9.993108e-13 1.659483e-06
46 0.446000 0.001000 12241 9.988714e-13 1.641823e-06
47 0.447000 0.001000 11977 9.997680e-13 1.662625e-06
48 0.448000 0.001000 12140 9.991046e-13 1.829799e-06
49 0.449000 0.001000 11857 9.995656e-13 1.870543e-06
50 0.450000 0.001000 11114 9.974991e-13 1.563616e-06
51 0.451000 0.001000 11192 9.982211e-13 1.422816e-06
52 0.452000 0.001000 11407 9.986501e-13 1.456208e-06
53 0.453000 0.001000 11315 9.952660e-13 1.424912e-06
54 0.454000 0.001000 11381 9.965097e-13 1.451845e-06
55 0.455000 0.001000 11408 9.980394e-13 1.527551e-06
56 0.456000 0.001000 11139 9.992720e-13 1.516367e-06
57 0.457000 0.001000 11520 9.990010e-13 1.728563e-06
58 0.458000 0.001000 11965 9.998534e-13 1.903299e-06
59 0.459000 0.001000 11692 9.989352e-13 1.697557e-06
60 0.460000 0.001000 11603 9.991986e-13 1.648955e-06
61 0.461000 0.001000 11626 9.989644e-13 1.801708e-06
62 0.462000 0.001000 11673 9.997007e-13 1.823650e-06
63 0.463000 0.001000 11829 9.997081e-13 1.864556e-06
64 0.464000 0.001000 12066 9.996823e-13 1.906640e-06
65 0.465000 0.001000 11889 9.998503e-13 1.814520e-06
66 0.466000 0.001000 11598 9.993613e-13 1.757121e-06
67 0.467000 0.001000 11961 9.994097e-13 1.956473e-06
68 0.468000 0.001000 11789 9.992007e-13 1.866958e-06
69 0.469000 0.001000 11511 9.978444e-13 1.742191e-06
70 0.470000 0.001000 11585 9.988772e-13 1.887533e-06
71 0.471000 0.001000 11475 9.994326e-13 2.148198e-06
72 0.472000 0.001000 11764 9.999676e-13 2.209717e-06
73 0.473000 0.001000 11943 9.996561e-13 2.081204e-06
74 0.474000 0.001000 11982 9.992455e-13 1.998889e-06
75 0.475000 0.001000 12066 9.996188e-13 1.956983e-06
76 0.476000 0.001000 12345 9.996056e-13 2.031688e-06
77 0.477000 0.001000 12622 9.997414e-13 2.107472e-06
78 0.478000 0.001000 12758 9.999164e-13 2.227074e-06
79 0.479000 0.001000 12826 9.979973e-13 2.176814e-06
80 0.480000 0.001000 12851 9.997601e-13 2.218459e-06
81 0.481000 0.001000 12827 9.991638e-13 2.142433e-06
82 0.482000 0.001000 12520 9.996499e-13 2.056628e-06
83 0.483000 0.001000 12437 9.974149e-13 2.046946e-06
84 0.484000 0.001000 12474 9.988043e-13 2.037162e-06
85 0.485000 0.001000 12430 9.985419e-13 2.073648e-06
86 0.486000 0.001000 12372 9.984005e-13 2.233124e-06
87 0.487000 0.001000 12165 9.987415e-13 2.162718e-06
88 0.488000 0.001000 11959 9.980616e-13 1.985566e-06
89 0.489000 0.001000 11923 9.990400e-13 2.033824e-06
90 0.490000 0.001000 11729 9.972891e-13 1.962586e-06
91 0.491000 0.001000 11676 9.979325e-13 2.015957e-06
92 0.492000 0.001000 11918 9.997902e-13 2.253611e-06
93 0.493000 0.001000 12228 9.998371e-13 2.249308e-06
94 0.494000 0.001000 12270 9.999586e-13 2.226357e-06
95 0.495000 0.001000 12393 9.990144e-13 2.154506e-06
96 0.496000 0.001000 12457 9.986628e-13 2.044121e-06
97 0.497000 0.001000 12502 9.995396e-13 2.005820e-06
98 0.498000 0.001000 12539 9.991401e-13 1.972230e-06
99 0.499000 0.001000 12656 9.996143e-13 1.971520e-06
100 0.500000 0.001000 12241 9.999867e-13 2.152089e-06
101 0.501000 0.001000 12163 9.962616e-13 2.327274e-06
102 0.502000 0.001000 12027 9.977026e-13 2.292632e-06
103 0.503000 0.001000 11442 9.960630e-13 2.306165e-06
104 0.504000 0.001000 11136 9.987855e-13 2.360570e-06
105 0.505000 0.001000 10513 9.988423e-13 1.978147e-06
106 0.506000 0.001000 10111 9.998273e-13 1.957663e-06
107 0.507000 0.001000 9364 9.995360e-13 1.921676e-06
108 0.508000 0.001000 8809 9.946929e-13 1.799834e-06
109 0.509000 0.001000 8195 9.973599e-13 1.682504e-06
110 0.510000 0.001000 6960 9.956516e-13 1.498835e-06
111 0.511000 0.001000 6402 9.999676e-13 1.408157e-06
112 0.512000 0.001000 6053 9.965892e-13 1.378524e-06
113 0.513000 0.001000 5753 9.979863e-13 1.296499e-06
114 0.514000 0.001000 5607 9.878526e-13 1.288523e-06
115 0.515000 0.001000 5545 9.796727e-13 1.329922e-06
116 0.516000 0.001000 5231 9.757496e-13 1.304432e-06
117 0.517000 0.001000 4711 9.924050e-13 1.231063e-06
118 0.518000 0.001000 4442 9.803297e-13 1.204617e-06
119 0.519000 0.001000 4447 9.866716e-13 1.244041e-06
120 0.520000 0.001000 4647 9.986240e-13 1.348624e-06
121 0.521000 0.001000 4721 9.987468e-13 1.346793e-06
122 0.522000 0.001000 4501 9.905135e-13 1.378420e-06
123 0.523000 0.001000 4301 9.881000e-13 1.374830e-06
124 0.524000 0.001000 4089 9.949274e-13 1.311293e-06
125 0.525000 0.001000 3916 9.957342e-13 1.225766e-06
126 0.526000 0.001000 3910 9.890511e-13 1.217302e-06
127 0.527000 0.001000 3994 9.989614e-13 1.259955e-06
128 0.528000 0.001000 4068 9.882871e-13 1.299880e-06
129 0.529000 0.001000 4017 9.971336e-13 1.319185e-06
130 0.530000 0.001000 3947 9.901873e-13 1.359941e-06
131 0.531000 0.001000 3892 9.856085e-13 1.410274e-06
132 0.532000 0.001000 3820 9.889775e-13 1.346999e-06
133 0.533000 0.001000 3765 9.829376e-13 1.273295e-06
134 0.534000 0.001000 3777 9.961386e-13 1.330915e-06
135 0.535000 0.001000 3824 9.994025e-13 1.424708e-06
136 0.536000 0.001000 3843 9.811688e-13 1.384335e-06
137 0.537000 0.001000 3833 9.895542e-13 1.381270e-06
138 0.538000 0.001000 3799 9.701835e-13 1.357423e-06
139 0.539000 0.001000 3743 9.986381e-13 1.266804e-06
140 0.540000 0.001000 3678 9.717696e-13 1.202675e-06
141 0.541000 0.001000 3641 9.812014e-13 1.180784e-06
142 0.542000 0.001000 3650 9.856913e-13 1.180245e-06
143 0.543000 0.001000 3699 9.633009e-13 1.201079e-06
144 0.544000 0.001000 3750 9.929671e-13 1.250367e-06
145 0.545000 0.001000 3746 9.903821e-13 1.258249e-06
146 0.546000 0.001000 3735 9.978674e-13 1.283561e-06
147 0.547000 0.001000 3710 9.985446e-13 1.261789e-06
148 0.548000 0.001000 3678 9.822992e-13 1.243713e-06
149 0.549000 0.001000 3547 9.993667e-13 1.218896e-06
150 0.550000 0.001000 3517 9.863211e-13 1.217382e-06
151 0.551000 0.001000 3551 9.903346e-13 1.233291e-06
152 0.552000 0.001000 3728 9.842419e-13 1.278518e-06
153 0.553000 0.001000 3794 9.717653e-13 1.356278e-06
154 0.554000 0.001000 3799 9.968557e-13 1.458501e-06
155 0.555000 0.001000 3760 9.835398e-13 1.505414e-06
156 0.556000 0.001000 3682 9.868414e-13 1.353277e-06
157 0.557000 0.001000 3534 9.974667e-13 1.289638e-06
158 0.558000 0.001000 3528 9.861175e-13 1.293791e-06
159 0.559000 0.001000 3646 9.982274e-13 1.355199e-06
160 0.560000 0.001000 3708 9.871907e-13 1.466027e-06
161 0.561000 0.001000 3750 9.879755e-13 1.427588e-06
162 0.562000 0.001000 3799 9.687205e-13 1.452944e-06
163 0.563000 0.001000 3825 9.976033e-13 1.476908e-06
164 0.564000 0.001000 3791 9.690164e-13 1.420397e-06
165 0.565000 0.001000 3739 9.500907e-13 1.337586e-06
166 0.566000 0.001000 3726 9.727686e-13 1.346074e-06
167 0.567000 0.001000 3744 9.602665e-13 1.399442e-06
168 0.568000 0.001000 3744 9.707250e-13 1.346748e-06
169 0.569000 0.001000 3757 9.623124e-13 1.354441e-06
170 0.570000 0.001000 3750 9.867894e-13 1.341101e-06
171 0.571000 0.001000 3778 9.903106e-13 1.345550e-06
172 0.572000 0.001000 3941 9.967347e-13 1.399626e-06
173 0.573000 0.001000 4190 9.905824e-13 1.505267e-06
174 0.574000 0.001000 4225 9.989501e-13 1.517186e-06
175 0.575000 0.001000 4139 9.917857e-13 1.433486e-06
176 0.576000 0.001000 3930 9.791375e-13 1.371112e-06
177 0.577000 0.001000 3826 9.900639e-13 1.352300e-06
178 0.578000 0.001000 3852 9.991809e-13 1.355758e-06
179 0.579000 0.001000 3957 9.773597e-13 1.376917e-06
180 0.580000 0.001000 4110 9.938308e-13 1.412600e-06
181 0.581000 0.001000 4208 9.817814e-13 1.469859e-06
182 0.582000 0.001000 4276 9.775958e-13 1.560156e-06
183 0.583000 0.001000 4356 9.971122e-13 1.639965e-06
184 0.584000 0.001000 4431 9.997237e-13 1.564608e-06
185 0.585000 0.001000 4424 9.987987e-13 1.457406e-06
186 0.586000 0.001000 4585 9.947626e-13 1.432600e-06
187 0.587000 0.001000 4589 9.965694e-13 1.437125e-06
188 0.588000 0.001000 4479 9.988638e-13 1.434540e-06
189 0.589000 0.001000 4564 9.974377e-13 1.446056e-06
190 0.590000 0.001000 4789 9.905658e-13 1.469481e-06
191 0.591000 0.001000 5080 9.998849e-13 1.492151e-06
192 0.592000 0.001000 5256 9.732739e-13 1.540316e-06
193 0.593000 0.001000 5575 9.953223e-13 1.622132e-06
194 0.594000 0.001000 5924 9.928803e-13 1.755137e-06
195 0.595000 0.001000 6556 9.978864e-13 2.011248e-06
196 0.596000 0.001000 7070 9.982381e-13 1.948686e-06
197 0.597000 0.001000 7648 9.961501e-13 1.923637e-06
198 0.598000 0.001000 8201 9.935491e-13 2.022037e-06
199 0.599000 0.001000 8449 9.965679e-13 2.159357e-06
200 0.600000 0.001000 8922 9.969124e-13 2.325484e-06
201 0.601000 0.001000 9336 9.966666e-13 2.387491e-06
202 0.602000 0.001000 9401 9.961361e-13 2.282061e-06
203 0.603000 0.001000 9732 9.978483e-13 2.321908e-06
204 0.604000 0.001000 10115 9.983388e-13 2.552725e-06
205 0.605000 0.001000 10124 9.969705e-13 2.500286e-06
206 0.606000 0.001000 9899 9.980685e-13 2.447177e-06
207 0.607000 0.001000 9894 9.999741e-13 2.568705e-06
208 0.608000 0.001000 10113 9.974630e-13 2.767174e-06
209 0.609000 0.001000 10506 9.958583e-13 3.055932e-06
210 0.610000 0.001000 10891 9.985507e-13 3.371406e-06
211 0.611000 0.001000 11055 9.987412e-13 3.440583e-06
212 0.612000 0.001000 10992 9.982767e-13 3.428613e-06
213 0.613000 0.001000 10942 9.999509e-13 3.532108e-06
214 0.614000 0.001000 10914 9.987336e-13 3.594812e-06
215 0.615000 0.001000 11104 9.979878e-13 3.536963e-06
216 0.616000 0.001000 11144 9.997982e-13 3.610487e-06
217 0.617000 0.001000 11351 9.974920e-13 3.777378e-06
218 0.618000 0.001000 11595 9.999062e-13 4.071866e-06
219 0.619000 0.001000 11471 9.977152e-13 4.173775e-06
220 0.620000 0.001000 11327 9.978866e-13 4.599701e-06
221 0.621000 0.001000 11490 9.995271e-13 5.730312e-06
222 0.622000 0.001000 11518 9.999036e-13 5.568594e-06
223 0.623000 0.001000 11358 9.999100e-13 5.085056e-06
224 0.624000 0.001000 11402 9.985335e-13 4.490921e-06
225 0.625000 0.001000 11646 9.999011e-13 4.158216e-06
226 0.626000 0.001000 11656 9.977898e-13 3.840856e-06
227 0.627000 0.001000 11534 9.999834e-13 3.834678e-06
228 0.628000 0.001000 11283 9.996983e-13 3.936649e-06
229 0.629000 0.001000 11098 9.992452e-13 3.948991e-06
230 0.630000 0.001000 10985 9.995878e-13 3.404537e-06
231 0.631000 0.001000 10977 9.990043e-13 3.222643e-06
232 0.632000 0.001000 11085 9.967463e-13 3.241901e-06
233 0.633000 0.001000 11213 9.964257e-13 3.264622e-06
234 0.634000 0.001000 11289 9.980913e-13 3.224327e-06
235 0.635000 0.001000 11501 9.967734e-13 3.426524e-06
236 0.636000 0.001000 11928 9.983948e-13 3.799460e-06
237 0.637000 0.001000 12289 9.998456e-13 4.491885e-06
238 0.638000 0.001000 12644 9.995870e-13 4.888777e-06
239 0.639000 0.001000 12752 9.974062e-13 4.796720e-06
240 0.640000 0.001000 13013 9.991999e-13 5.236518e-06
241 0.641000 0.001000 13087 9.989024e-13 5.257823e-06
242 0.642000 0.001000 13119 9.939127e-13 5.473587e-06
243 0.643000 0.001000 13202 9.981372e-13 6.084161e-06
244 0.644000 0.001000 13609 9.980102e-13 6.801982e-06
245 0.645000 0.001000 13695 9.998246e-13 7.238331e-06
246 0.646000 0.001000 13605 9.976194e-13 7.875518e-06
247 0.647000 0.001000 13436 9.994736e-13 8.590271e-06
248 0.648000 0.001000 13428 9.996930e-13 8.973804e-06
249 0.649000 0.001000 13792 9.991323e-13 1.024123e-05
250 0.650000 0.001000 13907 9.985387e-13 1.113099e-05
251 0.651000 0.001000 13981 9.986973e-13 1.228288e-05
252 0.652000 0.001000 14146 9.972773e-13 1.347677e-05
253 0.653000 0.001000 13978 9.975230e-13 1.246694e-05
254 0.654000 0.001000 13972 9.889748e-13 1.292956e-05
255 0.655000 0.001000 14146 9.990018e-13 1.301906e-05
256 0.656000 0.001000 14396 9.972560e-13 1.274786e-05
257 0.657000 0.001000 14649 9.976564e-13 1.324592e-05
258 0.658000 0.001000 14802 9.973969e-13 1.373511e-05
259 0.659000 0.001000 15147 9.997829e-13 1.477000e-05
260 0.660000 0.001000 15334 9.973066e-13 1.430631e-05
261 0.661000 0.001000 15370 9.999428e-13 1.535749e-05
262 0.662000 0.001000 15378 9.988797e-13 1.683778e-05
263 0.663000 0.001000 15228 9.968861e-13 1.705013e-05
264 0.664000 0.001000 14771 9.936414e-13 1.552156e-05
265 0.665000 0.001000 14639 9.977628e-13 1.518356e-05
266 0.666000 0.001000 14627 9.946673e-13 1.534245e-05
267 0.667000 0.001000 14627 9.930749e-13 1.641962e-05
268 0.668000 0.001000 14619 9.992608e-13 1.530466e-05
269 0.669000 0.001000 14582 9.998473e-13 1.506633e-05
270 0.670000 0.001000 14438 9.993175e-13 1.591926e-05
271 0.671000 0.001000 14403 9.993534e-13 1.722231e-05
272 0.672000 0.001000 14524 9.991081e-13 1.641473e-05
273 0.673000 0.001000 14253 9.967173e-13 1.440695e-05
274 0.674000 0.001000 14122 9.997330e-13 1.251578e-05
275 0.675000 0.001000 14071 9.972363e-13 1.167104e-05
276 0.676000 0.001000 14025 9.954141e-13 1.124079e-05
277 0.677000 0.001000 13956 9.985488e-13 1.020743e-05
278 0.678000 0.001000 13644 9.899210e-13 8.756367e-06
279 0.679000 0.001000 13558 9.968406e-13 8.499167e-06
280 0.680000 0.001000 13671 9.996958e-13 9.982828e-06
281 0.681000 0.001000 13882 9.994018e-13 1.099908e-05
282 0.682000 0.001000 13692 9.982818e-13 1.073404e-05
283 0.683000 0.001000 13836 9.998532e-13 1.199377e-05
284 0.684000 0.001000 13864 9.997069e-13 1.216478e-05
285 0.685000 0.001000 13859 9.996432e-13 1.162783e-05
286 0.686000 0.001000 13739 9.968883e-13 1.083504e-05
287 0.687000 0.001000 13587 9.969134e-13 1.108988e-05
288 0.688000 0.001000 13425 9.989160e-13 1.122787e-05
289 0.689000 0.001000 13499 9.982582e-13 1.108029e-05
290 0.690000 0.001000 13591 9.995623e-13 1.135113e-05
291 0.691000 0.001000 13812 9.992645e-13 1.310698e-05
292 0.692000 0.001000 14014 9.977714e-13 1.550720e-05
293 0.693000 0.001000 13943 9.992421e-13 1.468931e-05
294 0.694000 0.001000 14075 9.989108e-13 1.538354e-05
295 0.695000 0.001000 14260 9.995811e-13 1.688139e-05
296 0.696000 0.001000 14158 9.987795e-13 1.795759e-05
297 0.697000 0.001000 14307 9.995833e-13 2.138465e-05
298 0.698000 0.001000 14537 9.978371e-13 2.400205e-05
299 0.699000 0.001000 14596 9.991562e-13 2.496114e-05
300 0.700000 0.001000 14666 9.967633e-13 2.710980e-05
301 0.701000 0.001000 14843 9.986875e-13 3.253376e-05
302 0.702000 0.001000 15103 9.995070e-13 3.529690e-05
303 0.703000 0.001000 15352 9.996036e-13 3.319231e-05
304 0.704000 0.001000 15029 9.998405e-13 2.966939e-05
305 0.705000 0.001000 14911 9.914740e-13 2.423193e-05
306 0.706000 0.001000 14949 9.999332e-13 2.120144e-05
307 0.707000 0.001000 14920 9.925035e-13 2.004920e-05
308 0.708000 0.001000 14808 9.991604e-13 1.947126e-05
309 0.709000 0.001000 14695 9.943296e-13 1.774981e-05
310 0.710000 0.001000 14656 9.992558e-13 1.562440e-05
311 0.711000 0.001000 14710 9.986766e-13 1.482204e-05
312 0.712000 0.001000 14914 9.905167e-13 1.444260e-05
313 0.713000 0.001000 15036 9.925079e-13 1.304986e-05
314 0.714000 0.001000 15239 9.952203e-13 1.263309e-05
315 0.715000 0.001000 15260 9.989943e-13 1.216678e-05
316 0.716000 0.001000 15158 9.973319e-13 1.094245e-05
317 0.717000 0.001000 15083 9.960281e-13 1.005795e-05
318 0.718000 0.001000 15046 9.919798e-13 1.051187e-05
319 0.719000 0.001000 15005 9.940556e-13 1.103955e-05
320 0.720000 0.001000 14982 9.956589e-13 1.017886e-05
321 0.721000 0.001000 15023 9.998579e-13 9.982465e-06
322 0.722000 0.001000 15064 9.884145e-13 9.580250e-06
323 0.723000 0.001000 15132 9.978398e-13 9.688033e-06
324 0.724000 0.001000 15270 9.936474e-13 1.066638e-05
325 0.725000 0.001000 15350 9.950552e-13 1.110772e-05
326 0.726000 0.001000 15399 9.973652e-13 9.366522e-06
327 0.727000 0.001000 15475 9.971968e-13 8.471542e-06
328 0.728000 0.001000 15615 9.959381e-13 7.705868e-06
329 0.729000 0.001000 15872 9.956033e-13 7.321770e-06
330 0.730000 0.001000 16009 9.953235e-13 7.579443e-06
331 0.731000 0.001000 16098 9.989045e-13 7.789820e-06
332 0.732000 0.001000 16185 9.954595e-13 7.794874e-06
333 0.733000 0.001000 16190 9.983731e-13 7.509737e-06
334 0.734000 0.001000 16229 9.924288e-13 7.920941e-06
335 0.735000 0.001000 16324 9.987473e-13 8.047766e-06
336 0.736000 0.001000 16827 9.988257e-13 8.036101e-06
337 0.737000 0.001000 16886 9.962712e-13 8.196140e-06
338 0.738000 0.001000 16688 9.941649e-13 8.141232e-06
339 0.739000 0.001000 16260 9.984270e-13 7.276237e-06
340 0.740000 0.001000 16000 9.806134e-13 6.701135e-06
341 0.741000 0.001000 15730 9.946410e-13 6.665773e-06
342 0.742000 0.001000 15622 9.978155e-13 6.683344e-06
343 0.743000 0.001000 15634 9.983785e-13 7.191501e-06
344 0.744000 0.001000 15535 9.919350e-13 7.101515e-06
345 0.745000 0.001000 15171 9.972356e-13 6.131808e-06
346 0.746000 0.001000 14880 9.950919e-13 5.718863e-06
347 0.747000 0.001000 14649 9.974367e-13 5.821607e-06
348 0.748000 0.001000 14307 9.952471e-13 5.649673e-06
349 0.749000 0.001000 14181 9.983634e-13 5.138418e-06
350 0.750000 0.001000 14219 9.993696e-13 5.193901e-06
351 0.751000 0.001000 14135 9.949244e-13 5.309964e-06
352 0.752000 0.001000 13856 9.972206e-13 5.131017e-06
353 0.753000 0.001000 13746 9.995189e-13 5.099431e-06
354 0.754000 0.001000 13631 9.999332e-13 5.108509e-06
355 0.755000 0.001000 13539 9.991259e-13 5.403641e-06
356 0.756000 0.001000 13426 9.964350e-13 5.380999e-06
357 0.757000 0.001000 12952 9.970935e-13 5.180817e-06
358 0.758000 0.001000 12399 9.998989e-13 4.947250e-06
359 0.759000 0.001000 12140 9.982676e-13 4.984139e-06
360 0.760000 0.001000 11925 9.983930e-13 4.877983e-06
361 0.761000 0.001000 11790 9.994872e-13 4.724855e-06
362 0.762000 0.001000 11800 9.997053e-13 4.838599e-06
363 0.763000 0.001000 11889 9.987368e-13 5.406903e-06
364 0.764000 0.001000 11486 9.993560e-13 4.954098e-06
365 0.765000 0.001000 11317 9.977167e-13 4.648950e-06
366 0.766000 0.001000 11477 9.993222e-13 4.267501e-06
367 0.767000 0.001000 11919 9.965315e-13 4.244987e-06
368 0.768000 0.001000 12663 9.976647e-13 4.586840e-06
369 0.769000 0.001000 13721 9.983804e-13 5.130318e-06
370 0.770000 0.001000 14438 9.996081e-13 5.434482e-06
371 0.771000 0.001000 15352 9.963738e-13 5.853678e-06
372 0.772000 0.001000 16094 9.950957e-13 6.269143e-06
373 0.773000 0.001000 16546 9.998287e-13 6.647013e-06
374 0.774000 0.001000 17248 9.994431e-13 6.610363e-06
375 0.775000 0.001000 17639 9.968770e-13 6.569526e-06
376 0.776000 0.001000 18065 9.990797e-13 6.250287e-06
377 0.777000 0.001000 18484 9.994777e-13 6.039455e-06
378 0.778000 0.001000 18813 9.977755e-13 6.507770e-06
379 0.779000 0.001000 19135 9.995544e-13 7.142018e-06
380 0.780000 0.001000 19321 9.989984e-13 7.835670e-06
381 0.781000 0.001000 19371 9.993327e-13 8.175637e-06
382 0.782000 0.001000 19343 9.991579e-13 8.043385e-06
383 0.783000 0.001000 19324 9.975342e-13 8.501602e-06
384 0.784000 0.001000 19256 9.998745e-13 8.828379e-06
385 0.785000 0.001000 19128 9.945797e-13 7.986826e-06
386 0.786000 0.001000 18843 9.993721e-13 7.530055e-06
387 0.787000 0.001000 19040 9.992146e-13 7.230999e-06
388 0.788000 0.001000 19178 9.993736e-13 7.387005e-06
389 0.789000 0.001000 19095 9.990928e-13 7.263296e-06
390 0.790000 0.001000 18973 9.984232e-13 7.294357e-06
391 0.791000 0.001000 18877 9.979814e-13 7.857481e-06
392 0.792000 0.001000 18665 9.999285e-13 8.404189e-06
393 0.793000 0.001000 18402 9.988769e-13 8.956339e-06
394 0.794000 0.001000 18035 9.985385e-13 9.545510e-06
395 0.795000 0.001000 17559 9.933261e-13 1.000137e-05
396 0.796000 0.001000 17176 9.956075e-13 1.017949e-05
397 0.797000 0.001000 16846 9.945021e-13 1.005232e-05
398 0.798000 0.001000 16234 9.991195e-13 9.729134e-06
399 0.799000 0.001000 15442 9.997799e-13 9.531467e-06
400 0.800000 0.001000 14791 9.960197e-13 8.908992e-06
401 0.801000 0.001000 14202 9.973849e-13 9.489242e-06
402 0.802000 0.001000 13601 9.943108e-13 8.862987e-06
403 0.803000 0.001000 13284 9.998664e-13 8.857744e-06
404 0.804000 0.001000 13049 9.982240e-13 8.885202e-06
405 0.805000 0.001000 13169 9.986213e-13 8.514905e-06
406 0.806000 0.001000 13340 9.981905e-13 8.229979e-06
407 0.807000 0.001000 13414 9.990446e-13 8.477434e-06
408 0.808000 0.001000 13472 9.938625e-13 9.182172e-06
409 0.809000 0.001000 13485 9.977186e-13 9.543560e-06
410 0.810000 0.001000 13566 9.989899e-13 1.100752e-05
411 0.811000 0.001000 13911 9.995699e-13 1.258261e-05
412 0.812000 0.001000 14034 9.968722e-13 1.334185e-05
413 0.813000 0.001000 14112 9.990838e-13 1.239383e-05
414 0.814000 0.001000 14491 9.993008e-13 1.173632e-05
415 0.815000 0.001000 14792 9.968603e-13 1.288813e-05
416 0.816000 0.001000 14412 9.970712e-13 1.350368e-05
417 0.817000 0.001000 14364 9.945233e-13 1.588127e-05
418 0.818000 0.001000 14718 9.998522e-13 1.679487e-05
419 0.819000 0.001000 14894 9.983167e-13 2.041731e-05
420 0.820000 0.001000 14948 9.977305e-13 2.530534e-05
421 0.821000 0.001000 15071 9.992201e-13 2.568089e-05
422 0.822000 0.001000 15181 9.979911e-13 2.759237e-05
423 0.823000 0.001000 15291 9.992698e-13 2.422943e-05
424 0.824000 0.001000 15387 9.967973e-13 2.135650e-05
425 0.825000 0.001000 15629 9.951955e-13 2.154344e-05
426 0.826000 0.001000 15897 9.983658e-13 2.055301e-05
427 0.827000 0.001000 16381 9.977936e-13 2.047694e-05
428 0.828000 0.001000 16860 9.998675e-13 2.135643e-05
429 0.829000 0.001000 17410 9.996479e-13 2.184337e-05
430 0.830000 0.001000 17984 9.984122e-13 2.443467e-05
431 0.831000 0.001000 18430 9.997245e-13 2.489547e-05
432 0.832000 0.001000 18674 9.992290e-13 2.740094e-05
433 0.833000 0.001000 18886 9.993903e-13 2.828170e-05
434 0.834000 0.001000 19218 9.996970e-13 2.919341e-05
435 0.835000 0.001000 19490 9.992926e-13 3.303665e-05
436 0.836000 0.001000 19616 9.997180e-13 3.683299e-05
437 0.837000 0.001000 19682 9.999485e-13 4.011796e-05
438 0.838000 0.001000 19419 9.991910e-13 4.248403e-05
439 0.839000 0.001000 19207 9.992411e-13 4.571172e-05
440 0.840000 0.001000 19068 9.994384e-13 4.698971e-05
441 0.841000 0.001000 18610 9.986288e-13 5.007707e-05
442 0.842000 0.001000 18004 9.994598e-13 5.388717e-05
443 0.843000 0.001000 17616 9.980207e-13 6.157532e-05
444 0.844000 0.001000 17331 9.961191e-13 7.567325e-05
445 0.845000 0.001000 17094 9.966159e-13 9.350792e-05
446 0.846000 0.001000 16858 9.954498e-13 1.124021e-04
447 0.847000 0.001000 16475 9.933017e-13 1.126921e-04
448 0.848000 0.001000 16138 9.925319e-13 1.326531e-04
449 0.849000 0.001000 15877 9.997098e-13 1.431501e-04
450 0.850000 0.001000 15575 9.960106e-13 1.244171e-04
451 0.851000 0.001000 14863 9.996208e-13 1.038411e-04
452 0.852000 0.001000 14101 9.996393e-13 8.433912e-05
453 0.853000 0.001000 13551 9.996932e-13 6.499341e-05
454 0.854000 0.001000 12994 9.968359e-13 4.957840e-05
455 0.855000 0.001000 12562 9.996321e-13 3.935293e-05
456 0.856000 0.001000 12291 9.965961e-13 3.487191e-05
457 0.857000 0.001000 12234 9.981680e-13 3.275852e-05
458 0.858000 0.001000 12476 9.995824e-13 3.283463e-05
459 0.859000 0.001000 12413 9.990647e-13 3.062426e-05
460 0.860000 0.001000 12374 9.998044e-13 2.911999e-05
461 0.861000 0.001000 12259 9.977686e-13 2.703349e-05
462 0.862000 0.001000 12199 9.987016e-13 2.430161e-05
463 0.863000 0.001000 12026 9.997309e-13 2.065042e-05
464 0.864000 0.001000 11900 9.979859e-13 1.979917e-05
465 0.865000 0.001000 11695 9.994467e-13 2.166170e-05
466 0.866000 0.001000 11416 9.999633e-13 2.209822e-05
467 0.867000 0.001000 10904 9.990459e-13 2.144404e-05
468 0.868000 0.001000 10273 9.965838e-13 1.767080e-05
469 0.869000 0.001000 10857 9.998029e-13 1.564962e-05
470 0.870000 0.001000 11402 9.995711e-13 1.602097e-05
471 0.871000 0.001000 11616 9.993142e-13 1.663336e-05
472 0.872000 0.001000 11798 9.996364e-13 1.803498e-05
473 0.873000 0.001000 11870 9.979915e-13 1.705297e-05
474 0.874000 0.001000 11962 9.983756e-13 1.677901e-05
475 0.875000 0.001000 12287 9.964008e-13 1.911883e-05
476 0.876000 0.001000 12409 9.958207e-13 2.456617e-05
477 0.877000 0.001000 12411 9.989810e-13 3.141865e-05
478 0.878000 0.001000 12328 9.996071e-13 3.400000e-05
479 0.879000 0.001000 12065 9.995233e-13 2.919505e-05
480 0.880000 0.001000 11537 9.991592e-13 2.286412e-05
481 0.881000 0.001000 10760 9.991542e-13 1.703557e-05
482 0.882000 0.001000 10289 9.958997e-13 1.371438e-05
483 0.883000 0.001000 10286 9.983305e-13 1.237388e-05
484 0.884000 0.001000 10314 9.997277e-13 1.097227e-05
485 0.885000 0.001000 10062 9.978998e-13 9.573303e-06
486 0.886000 0.001000 10164 9.990400e-13 9.116490e-06
487 0.887000 0.001000 10486 9.991023e-13 8.747972e-06
488 0.888000 0.001000 10437 9.990301e-13 8.179284e-06
489 0.889000 0.001000 10028 9.994366e-13 7.605604e-06
490 0.890000 0.001000 9571 9.988214e-13 7.038245e-06
491 0.891000 0.001000 9116 9.977641e-13 6.561595e-06
492 0.892000 0.001000 9284 9.991009e-13 6.457067e-06
493 0.893000 0.001000 9561 9.996247e-13 6.478655e-06
494 0.894000 0.001000 10195 9.990764e-13 6.526255e-06
495 0.895000 0.001000 10614 9.922229e-13 6.661610e-06
496 0.896000 0.001000 10984 9.956521e-13 6.612651e-06
497 0.897000 0.001000 11094 9.942926e-13 6.565909e-06
498 0.898000 0.001000 11216 9.974787e-13 6.384560e-06
499 0.899000 0.001000 11307 9.964740e-13 6.317415e-06
500 0.900000 0.001000 11525 9.999688e-13 5.907073e-06
501 0.901000 0.001000 11784 9.978063e-13 5.809294e-06
502 0.902000 0.001000 12005 9.980852e-13 5.808052e-06
503 0.903000 0.001000 12374 9.974824e-13 6.068341e-06
504 0.904000 0.001000 12545 9.972982e-13 6.598665e-06
505 0.905000 0.001000 12825 9.998830e-13 7.349127e-06
506 0.906000 0.001000 13496 9.991368e-13 7.931079e-06
507 0.907000 0.001000 14402 9.963766e-13 8.019239e-06
508 0.908000 0.001000 14666 9.945236e-13 7.728773e-06
509 0.909000 0.001000 14459 9.992063e-13 7.482061e-06
510 0.910000 0.001000 13587 9.998442e-13 7.710622e-06
511 0.911000 0.001000 12413 9.999476e-13 7.144194e-06
512 0.912000 0.001000 11888 9.992247e-13 6.532758e-06
513 0.913000 0.001000 11351 9.974396e-13 6.047458e-06
514 0.914000 0.001000 11096 9.965381e-13 5.475730e-06
515 0.915000 0.001000 10498 9.981509e-13 4.984288e-06
516 0.916000 0.001000 10025 9.988151e-13 4.856801e-06
517 0.917000 0.001000 9621 9.986575e-13 4.520729e-06
518 0.918000 0.001000 9483 9.974989e-13 4.439901e-06
519 0.919000 0.001000 9277 9.990037e-13 4.375769e-06
520 0.920000 0.001000 8663 9.973747e-13 4.303262e-06
521 0.921000 0.001000 9019 9.990086e-13 4.608129e-06
522 0.922000 0.001000 9555 9.935262e-13 4.813640e-06
523 0.923000 0.001000 9540 9.965323e-13 4.685988e-06
524 0.924000 0.001000 9277 9.987699e-13 4.555199e-06
525 0.925000 0.001000 8688 9.968577e-13 4.375576e-06
526 0.926000 0.001000 7880 9.998233e-13 4.047584e-06
527 0.927000 0.001000 7041 9.986012e-13 3.797899e-06
528 0.928000 0.001000 6867 9.990630e-13 3.889795e-06
529 0.929000 0.001000 7306 9.938732e-13 4.144000e-06
530 0.930000 0.001000 7829 9.961647e-13 4.102586e-06
531 0.931000 0.001000 8097 9.976599e-13 3.963694e-06
532 0.932000 0.001000 8196 9.963409e-13 3.879491e-06
533 0.933000 0.001000 8268 9.984449e-13 3.726728e-06
534 0.934000 0.001000 8685 9.997754e-13 3.653678e-06
535 0.935000 0.001000 8859 9.982163e-13 3.688354e-06
536 0.936000 0.001000 8828 9.998384e-13 3.538132e-06
537 0.937000 0.001000 8719 9.991452e-13 3.474065e-06
538 0.938000 0.001000 8313 9.983576e-13 3.366208e-06
539 0.939000 0.001000 7560 9.996014e-13 3.370244e-06
540 0.940000 0.001000 6687 9.795049e-13 3.386928e-06
541 0.941000 0.001000 6313 9.978020e-13 3.250088e-06
542 0.942000 0.001000 6053 9.999452e-13 3.114579e-06
543 0.943000 0.001000 6110 9.966740e-13 3.159611e-06
544 0.944000 0.001000 6254 9.979266e-13 3.164652e-06
545 0.945000 0.001000 6501 9.997937e-13 3.182670e-06
546 0.946000 0.001000 6796 9.987140e-13 3.174162e-06
547 0.947000 0.001000 7015 9.971405e-13 3.287266e-06
548 0.948000 0.001000 7062 9.985857e-13 3.446765e-06
549 0.949000 0.001000 6683 9.957137e-13 3.487143e-06
550 0.950000 0.001000 5778 9.984172e-13 3.239917e-06
551 0.951000 0.001000 5191 9.995452e-13 3.039105e-06
552 0.952000 0.001000 4955 9.939672e-13 2.959531e-06
553 0.953000 0.001000 5108 9.858195e-13 3.046433e-06
554 0.954000 0.001000 5296 9.984104e-13 3.030803e-06
555 0.955000 0.001000 5449 9.995608e-13 3.027254e-06
556 0.956000 0.001000 5889 9.973545e-13 3.268539e-06
557 0.957000 0.001000 6704 9.976202e-13 3.520950e-06
558 0.958000 0.001000 6979 9.985117e-13 3.361448e-06
559 0.959000 0.001000 6750 9.980242e-13 3.148563e-06
560 0.960000 0.001000 6418 9.997523e-13 3.115087e-06
561 0.961000 0.001000 5790 9.977601e-13 2.986632e-06
562 0.962000 0.001000 5262 9.981110e-13 2.790348e-06
563 0.963000 0.001000 5116 9.975021e-13 2.735954e-06
564 0.964000 0.001000 5038 9.961246e-13 2.716629e-06
565 0.965000 0.001000 4978 9.928079e-13 2.754175e-06
566 0.966000 0.001000 5189 9.979498e-13 2.956659e-06
567 0.967000 0.001000 5769 9.986823e-13 3.163275e-06
568 0.968000 0.001000 6286 9.980716e-13 3.114899e-06
569 0.969000 0.001000 6648 9.948419e-13 3.130737e-06
570 0.970000 0.001000 6564 9.972549e-13 3.027138e-06
571 0.971000 0.001000 6514 9.984640e-13 3.113910e-06
572 0.972000 0.001000 6556 9.956404e-13 3.352948e-06
573 0.973000 0.001000 6329 9.981392e-13 3.414845e-06
574 0.974000 0.001000 5762 9.809035e-13 3.554787e-06
575 0.975000 0.001000 5349 9.900076e-13 3.082748e-06
576 0.976000 0.001000 5407 9.997520e-13 2.962846e-06
577 0.977000 0.001000 5848 9.984799e-13 3.058115e-06
578 0.978000 0.001000 6577 9.989470e-13 2.997935e-06
579 0.979000 0.001000 7377 9.995842e-13 3.018348e-06
580 0.980000 0.001000 7707 9.999774e-13 2.981690e-06
581 0.981000 0.001000 7953 9.891348e-13 3.039159e-06
582 0.982000 0.001000 8198 9.989713e-13 3.106534e-06
583 0.983000 0.001000 8500 9.967708e-13 3.072464e-06
584 0.984000 0.001000 9040 9.981437e-13 3.108763e-06
585 0.985000 0.001000 9328 9.982107e-13 3.217913e-06
586 0.986000 0.001000 9786 9.975064e-13 3.337610e-06
587 0.987000 0.001000 10188 9.959519e-13 3.414210e-06
588 0.988000 0.001000 10520 9.883480e-13 3.306634e-06
589 0.989000 0.001000 10623 9.973791e-13 3.291514e-06
590 0.990000 0.001000 10609 9.969556e-13 3.225930e-06
591 0.991000 0.001000 10632 9.984724e-13 3.142300e-06
592 0.992000 0.001000 10658 9.667101e-13 3.319042e-06
593 0.993000 0.001000 10656 9.989046e-13 3.370070e-06
594 0.994000 0.001000 10640 9.933875e-13 3.327487e-06
595 0.995000 0.001000 10653 9.816530e-13 3.420016e-06
596 0.996000 0.001000 10684 9.823129e-13 3.461445e-06
597 0.997000 0.001000 10697 9.993079e-13 3.543322e-06
598 0.998000 0.001000 10653 9.894482e-13 3.559345e-06
599 0.999000 0.001000 10553 9.964662e-13 3.576029e-06
600 1.000000 0.001000 10313 9.974591e-13 3.622250e-06
601 1.001000 0.001000 10185 9.984233e-13 3.544259e-06
602 1.002000 0.001000 9787 9.985977e-13 3.714185e-06
603 1.003000 0.001000 9324 9.959429e-13 3.543127e-06
604 1.004000 0.001000 8741 9.999821e-13 3.213945e-06
605 1.005000 0.001000 8578 9.984829e-13 3.222046e-06
606 1.006000 0.001000 8435 9.969738e-13 3.149216e-06
607 1.007000 0.001000 8262 9.953138e-13 3.118929e-06
608 1.008000 0.001000 8150 9.972528e-13 3.106992e-06
609 1.009000 0.001000 7730 9.997731e-13 3.031618e-06
610 1.010000 0.001000 7145 9.953577e-13 2.858834e-06
611 1.011000 0.001000 6659 9.959455e-13 2.824215e-06
612 1.012000 0.001000 6672 9.990445e-13 2.963370e-06
613 1.013000 0.001000 7301 9.902511e-13 3.276387e-06
614 1.014000 0.001000 7458 9.934529e-13 3.319404e-06
615 1.015000 0.001000 7545 9.978293e-13 3.348604e-06
616 1.016000 0.001000 7595 9.958348e-13 3.476335e-06
617 1.017000 0.001000 7522 9.988029e-13 3.491501e-06
618 1.018000 0.001000 7656 9.997758e-13 3.426982e-06
619 1.019000 0.001000 7463 9.990800e-13 3.166125e-06
620 1.020000 0.001000 6853 9.959379e-13 2.894188e-06
621 1.021000 0.001000 6781 9.999804e-13 2.820036e-06
622 1.022000 0.001000 6815 9.966134e-13 2.818705e-06
623 1.023000 0.001000 6558 9.984407e-13 2.819170e-06
624 1.024000 0.001000 6530 9.989197e-13 2.952541e-06
625 1.025000 0.001000 6916 9.972216e-13 2.967993e-06
626 1.026000 0.001000 7389 9.996710e-13 3.098660e-06
627 1.027000 0.001000 7480 9.965179e-13 2.953255e-06
628 1.028000 0.001000 7560 9.999739e-13 2.877716e-06
629 1.029000 0.001000 7609 9.988787e-13 2.949334e-06
630 1.030000 0.001000 7453 9.980449e-13 2.957716e-06
631 1.031000 0.001000 7192 9.982690e-13 3.016514e-06
632 1.032000 0.001000 6733 9.962147e-13 2.868786e-06
633 1.033000 0.001000 6737 9.923521e-13 2.771418e-06
634 1.034000 0.001000 7149 9.952867e-13 2.849900e-06
635 1.035000 0.001000 7579 9.968438e-13 3.136567e-06
636 1.036000 0.001000 8133 9.969691e-13 3.491004e-06
637 1.037000 0.001000 8480 9.917438e-13 3.672869e-06
638 1.038000 0.001000 8571 9.966967e-13 3.444998e-06
639 1.039000 0.001000 8585 9.989188e-13 3.241530e-06
640 1.040000 0.001000 8503 9.950613e-13 3.297412e-06
641 1.041000 0.001000 8351 9.998715e-13 3.411872e-06
642 1.042000 0.001000 8193 9.988252e-13 3.528867e-06
643 1.043000 0.001000 8155 9.971148e-13 3.666435e-06
644 1.044000 0.001000 8173 9.996622e-13 3.736395e-06
645 1.045000 0.001000 8210 9.988752e-13 3.580383e-06
646 1.046000 0.001000 8373 9.983750e-13 3.573431e-06
647 1.047000 0.001000 8384 9.986060e-13 3.635354e-06
648 1.048000 0.001000 8349 9.998359e-13 3.597124e-06
649 1.049000 0.001000 8491 9.997917e-13 3.602017e-06
650 1.050000 0.001000 8208 9.993907e-13 3.562938e-06
651 1.051000 0.001000 7694 9.972556e-13 3.301324e-06
652 1.052000 0.001000 7220 9.954442e-13 3.060463e-06
653 1.053000 0.001000 7003 9.971319e-13 2.923088e-06
654 1.054000 0.001000 7045 9.956496e-13 2.988317e-06
655 1.055000 0.001000 7233 9.980574e-13 3.228220e-06
656 1.056000 0.001000 7599 9.973859e-13 3.320947e-06
657 1.057000 0.001000 7703 9.959728e-13 3.393270e-06
658 1.058000 0.001000 7755 9.978797e-13 3.526368e-06
659 1.059000 0.001000 7541 9.999335e-13 3.479513e-06
660 1.060000 0.001000 7329 9.989901e-13 3.523081e-06
661 1.061000 0.001000 7203 9.991239e-13 3.354983e-06
662 1.062000 0.001000 7325 9.996515e-13 3.386906e-06
663 1.063000 0.001000 7647 9.994650e-13 3.561252e-06
664 1.064000 0.001000 7762 9.967727e-13 3.708084e-06
665 1.065000 0.001000 7579 9.986266e-13 3.694853e-06
666 1.066000 0.001000 7229 9.982065e-13 3.452871e-06
667 1.067000 0.001000 7052 9.991627e-13 3.459260e-06
668 1.068000 0.001000 6725 9.987474e-13 3.423386e-06
669 1.069000 0.001000 6182 9.977396e-13 3.388442e-06
670 1.070000 0.001000 5416 9.935486e-13 3.127630e-06
671 1.071000 0.001000 4896 9.967990e-13 2.914632e-06
672 1.072000 0.001000 4659 9.975419e-13 2.878988e-06
673 1.073000 0.001000 4668 9.900859e-13 2.982890e-06
674 1.074000 0.001000 4615 9.994353e-13 2.945051e-06
675 1.075000 0.001000 4616 9.958628e-13 2.937798e-06
676 1.076000 0.001000 4556 9.837552e-13 2.912118e-06
677 1.077000 0.001000 4419 9.969219e-13 2.960616e-06
678 1.078000 0.001000 4433 9.987371e-13 3.092262e-06
679 1.079000 0.001000 4532 9.988200e-13 3.087739e-06
680 1.080000 0.001000 4772 9.986476e-13 3.343555e-06
681 1.081000 0.001000 5123 9.950185e-13 3.522582e-06
682 1.082000 0.001000 5392 9.851659e-13 3.605574e-06
683 1.083000 0.001000 5877 9.967724e-13 3.474411e-06
684 1.084000 0.001000 6089 9.991184e-13 3.466804e-06
685 1.085000 0.001000 6365 9.983928e-13 3.651075e-06
686 1.086000 0.001000 6582 9.997500e-13 3.627319e-06
687 1.087000 0.001000 6561 9.977174e-13 3.455101e-06
688 1.088000 0.001000 6579 9.972522e-13 3.502114e-06
689 1.089000 0.001000 6808 9.991437e-13 3.809535e-06
690 1.090000 0.001000 6851 9.981266e-13 3.871577e-06
691 1.091000 0.001000 6647 9.994755e-13 3.493024e-06
692 1.092000 0.001000 6481 9.976176e-13 3.345922e-06
693 1.093000 0.001000 6565 9.994826e-13 3.433552e-06
694 1.094000 0.001000 6624 9.977084e-13 3.594625e-06
695 1.095000 0.001000 6795 9.987318e-13 3.620091e-06
696 1.096000 0.001000 6850 9.985399e-13 3.621533e-06
697 1.097000 0.001000 6932 9.984389e-13 3.591096e-06
698 1.098000 0.001000 7098 9.976466e-13 3.721561e-06
699 1.099000 0.001000 7200 9.995767e-13 4.003532e-06
700 1.100000 0.001000 7261 9.999572e-13 4.158667e-06
701 1.101000 0.001000 7252 9.981733e-13 3.995271e-06
702 1.102000 0.001000 7293 9.974001e-13 4.125936e-06
703 1.103000 0.001000 7295 9.988471e-13 4.305638e-06
704 1.104000 0.001000 7362 9.995672e-13 4.566826e-06
705 1.105000 0.001000 7486 9.964721e-13 4.791280e-06
706 1.106000 0.001000 7457 9.995170e-13 4.419294e-06
707 1.107000 0.001000 7322 9.999875e-13 4.237037e-06
708 1.108000 0.001000 7087 9.979708e-13 4.304666e-06
709 1.109000 0.001000 6611 9.936304e-13 4.136168e-06
710 1.110000 0.001000 6403 9.986547e-13 4.191827e-06
711 1.111000 0.001000 6405 9.986710e-13 4.361725e-06
712 1.112000 0.001000 6576 9.996124e-13 4.763478e-06
713 1.113000 0.001000 6786 9.983077e-13 4.938525e-06
714 1.114000 0.001000 6942 9.994224e-13 5.080042e-06
715 1.115000 0.001000 6795 9.990147e-13 4.415633e-06
716 1.116000 0.001000 6602 9.997404e-13 4.247768e-06
717 1.117000 0.001000 6363 9.987800e-13 4.153069e-06
718 1.118000 0.001000 5920 9.978189e-13 3.700386e-06
719 1.119000 0.001000 5828 9.995596e-13 3.624118e-06
720 1.120000 0.001000 5968 9.994867e-13 3.770323e-06
721 1.121000 0.001000 6325 9.985183e-13 4.305728e-06
722 1.122000 0.001000 6444 9.977293e-13 4.785969e-06
723 1.123000 0.001000 6313 9.969603e-13 4.922731e-06
724 1.124000 0.001000 6654 9.986459e-13 5.336839e-06
725 1.125000 0.001000 6825 9.984434e-13 5.018134e-06
726 1.126000 0.001000 6629 9.994689e-13 4.870918e-06
727 1.127000 0.001000 6594 9.965002e-13 4.878319e-06
728 1.128000 0.001000 6730 9.983840e-13 4.860633e-06
729 1.129000 0.001000 6833 9.976936e-13 5.287559e-06
730 1.130000 0.001000 6663 9.999993e-13 5.176637e-06
731 1.131000 0.001000 6596 9.997589e-13 4.747429e-06
732 1.132000 0.001000 6554 9.968843e-13 4.648565e-06
733 1.133000 0.001000 6657 9.990105e-13 5.013331e-06
734 1.134000 0.001000 6568 9.999427e-13 4.980576e-06
735 1.135000 0.001000 6440 9.971304e-13 5.187000e-06
736 1.136000 0.001000 6426 9.996115e-13 5.620540e-06
737 1.137000 0.001000 6481 9.994589e-13 5.726466e-06
738 1.138000 0.001000 6358 9.979100e-13 5.511592e-06
739 1.139000 0.001000 6136 9.965282e-13 5.088845e-06
740 1.140000 0.001000 6041 9.965905e-13 5.314834e-06
741 1.141000 0.001000 6112 9.974434e-13 5.363610e-06
742 1.142000 0.001000 6348 9.996345e-13 5.375236e-06
743 1.143000 0.001000 6528 9.983814e-13 5.428500e-06
744 1.144000 0.001000 6496 9.959183e-13 5.471820e-06
745 1.145000 0.001000 6541 9.997207e-13 5.634250e-06
746 1.146000 0.001000 6525 9.998085e-13 5.912178e-06
747 1.147000 0.001000 6491 9.974102e-13 5.986887e-06
748 1.148000 0.001000 6396 9.980516e-13 5.393045e-06
749 1.149000 0.001000 6520 9.958591e-13 5.503866e-06
750 1.150000 0.001000 6575 9.990007e-13 5.678186e-06
751 1.151000 0.001000 6619 9.961348e-13 6.024632e-06
752 1.152000 0.001000 6744 9.936562e-13 6.960411e-06
753 1.153000 0.001000 6829 9.984399e-13 7.157747e-06
754 1.154000 0.001000 6973 9.991935e-13 7.466849e-06
755 1.155000 0.001000 7140 9.947002e-13 7.588492e-06
756 1.156000 0.001000 6966 9.868357e-13 7.337026e-06
757 1.157000 0.001000 6670 9.860910e-13 6.836065e-06
758 1.158000 0.001000 6551 9.993300e-13 6.604479e-06
759 1.159000 0.001000 6358 9.943343e-13 6.415334e-06
760 1.160000 0.001000 6144 9.994721e-13 5.824709e-06
761 1.161000 0.001000 6113 9.998715e-13 6.030443e-06
762 1.162000 0.001000 6081 9.959034e-13 6.140374e-06
763 1.163000 0.001000 5934 9.998972e-13 6.397367e-06
764 1.164000 0.001000 5812 9.988883e-13 6.421809e-06
765 1.165000 0.001000 5465 9.953454e-13 5.683648e-06
766 1.166000 0.001000 5253 9.922728e-13 5.334546e-06
767 1.167000 0.001000 5144 9.909954e-13 5.241945e-06
768 1.168000 0.001000 5135 9.985166e-13 5.375853e-06
769 1.169000 0.001000 5488 9.984566e-13 6.078878e-06
770 1.170000 0.001000 5733 9.998803e-13 6.866174e-06
771 1.171000 0.001000 5764 9.976613e-13 6.978065e-06
772 1.172000 0.001000 5572 9.940716e-13 7.170422e-06
773 1.173000 0.001000 5346 9.941380e-13 6.795934e-06
774 1.174000 0.001000 5106 9.976217e-13 5.787499e-06
775 1.175000 0.001000 5182 9.984445e-13 5.524050e-06
776 1.176000 0.001000 5255 9.996844e-13 5.734878e-06
777 1.177000 0.001000 5360 9.985495e-13 6.022273e-06
778 1.178000 0.001000 5436 9.960752e-13 6.205295e-06
779 1.179000 0.001000 5437 9.980201e-13 6.614471e-06
780 1.180000 0.001000 5497 9.995642e-13 7.394523e-06
781 1.181000 0.001000 5529 9.962325e-13 7.553324e-06
782 1.182000 0.001000 5491 9.999274e-13 7.367075e-06
783 1.183000 0.001000 5533 9.993460e-13 7.495610e-06
784 1.184000 0.001000 5554 9.942220e-13 7.545556e-06
785 1.185000 0.001000 5525 9.999079e-13 7.499725e-06
786 1.186000 0.001000 5417 9.938244e-13 7.359872e-06
787 1.187000 0.001000 5324 9.985448e-13 7.239576e-06
788 1.188000 0.001000 5402 9.978146e-13 7.458534e-06
789 1.189000 0.001000 5409 9.946067e-13 7.365843e-06
790 1.190000 0.001000 5222 9.995702e-13 7.169271e-06
791 1.191000 0.001000 5199 9.978663e-13 7.609625e-06
792 1.192000 0.001000 5316 9.983221e-13 8.168835e-06
793 1.193000 0.001000 5402 9.986270e-13 8.465328e-06
794 1.194000 0.001000 5408 9.933261e-13 9.290407e-06
795 1.195000 0.001000 5380 9.998562e-13 9.760706e-06
796 1.196000 0.001000 5298 9.958814e-13 9.510777e-06
797 1.197000 0.001000 5182 9.932082e-13 9.399611e-06
798 1.198000 0.001000 5127 9.972234e-13 9.166707e-06
799 1.199000 0.001000 5193 9.959583e-13 9.670395e-06
800 1.200000 0.001000 5221 9.955378e-13 9.682671e-06
801 1.201000 0.001000 5210 9.916724e-13 9.486875e-06
802 1.202000 0.001000 5250 9.992717e-13 1.021494e-05
803 1.203000 0.001000 5379 9.979976e-13 1.138725e-05
804 1.204000 0.001000 5458 9.993523e-13 1.214104e-05
805 1.205000 0.001000 5464 9.978783e-13 1.243568e-05
806 1.206000 0.001000 5458 9.987029e-13 1.319615e-05
807 1.207000 0.001000 5424 9.958993e-13 1.418050e-05
808 1.208000 0.001000 5235 9.953171e-13 1.454679e-05
809 1.209000 0.001000 5059 9.936265e-13 1.307834e-05
810 1.210000 0.001000 4866 9.846150e-13 1.208303e-05
811 1.211000 0.001000 4739 9.766212e-13 1.160690e-05
812 1.212000 0.001000 4668 9.986516e-13 1.159232e-05
813 1.213000 0.001000 4609 9.966812e-13 1.202336e-05
814 1.214000 0.001000 4544 9.968922e-13 1.225794e-05
815 1.215000 0.001000 4340 9.955180e-13 1.125467e-05
816 1.216000 0.001000 4242 9.974361e-13 1.139700e-05
817 1.217000 0.001000 4319 9.994153e-13 1.223646e-05
818 1.218000 0.001000 4292 9.991867e-13 1.272857e-05
819 1.219000 0.001000 4194 9.951926e-13 1.376187e-05
820 1.220000 0.001000 4207 9.988182e-13 1.626268e-05
821 1.221000 0.001000 4175 9.855848e-13 1.744901e-05
822 1.222000 0.001000 4150 9.885518e-13 1.611370e-05
823 1.223000 0.001000 4109 9.999332e-13 1.574635e-05
824 1.224000 0.001000 3970 9.978344e-13 1.503044e-05
825 1.225000 0.001000 3945 9.959574e-13 1.516055e-05
826 1.226000 0.001000 4034 9.985535e-13 1.696289e-05
827 1.227000 0.001000 4013 9.984771e-13 1.885921e-05
828 1.228000 0.001000 4006 9.960827e-13 1.961624e-05
829 1.229000 0.001000 3966 9.938037e-13 1.913776e-05
830 1.230000 0.001000 3915 9.940799e-13 1.793474e-05
831 1.231000 0.001000 3928 9.956910e-13 1.798048e-05
832 1.232000 0.001000 3940 9.979572e-13 1.949147e-05
833 1.233000 0.001000 3938 9.971427e-13 2.008737e-05
834 1.234000 0.001000 3940 9.930940e-13 2.067532e-05
835 1.235000 0.001000 3928 9.983985e-13 2.252446e-05
836 1.236000 0.001000 3906 9.972624e-13 2.397001e-05
837 1.237000 0.001000 3872 9.998294e-13 2.519151e-05
838 1.238000 0.001000 3868 9.996094e-13 2.704391e-05
839 1.239000 0.001000 3863 9.979436e-13 3.096352e-05
840 1.240000 0.001000 3786 9.932155e-13 3.026537e-05
841 1.241000 0.001000 3755 9.946781e-13 2.916139e-05
842 1.242000 0.001000 3729 9.957633e-13 2.996242e-05
843 1.243000 0.001000 3684 9.930527e-13 3.070917e-05
844 1.244000 0.001000 3580 9.982062e-13 3.115738e-05
845 1.245000 0.001000 3439 9.957801e-13 3.309899e-05
846 1.246000 0.001000 3316 9.960269e-13 3.804820e-05
847 1.247000 0.001000 3254 9.990481e-13 4.167961e-05
848 1.248000 0.001000 3119 9.997499e-13 4.742661e-05
849 1.249000 0.001000 2905 9.936621e-13 5.138168e-05
850 1.250000 0.001000 2815 9.736189e-13 5.528264e-05
851 1.251000 0.001000 2853 9.868243e-13 5.833308e-05
852 1.252000 0.001000 2852 9.784682e-13 5.916056e-05
853 1.253000 0.001000 2833 9.998286e-13 6.513886e-05
854 1.254000 0.001000 2773 9.966626e-13 7.204793e-05
855 1.255000 0.001000 2635 9.959483e-13 7.561773e-05
856 1.256000 0.001000 2515 9.991184e-13 7.911951e-05
857 1.257000 0.001000 2400 9.951742e-13 8.573768e-05
858 1.258000 0.001000 2322 9.872270e-13 9.937138e-05
859 1.259000 0.001000 2268 9.953130e-13 1.270113e-04
860 1.260000 0.001000 2133 9.795965e-13 1.675261e-04
861 1.261000 0.001000 1959 9.803903e-13 1.740404e-04
862 1.262000 0.001000 1744 9.868031e-13 1.812226e-04
863 1.263000 0.001000 1466 9.802287e-13 1.873377e-04
864 1.264000 0.001000 1221 9.977283e-13 2.042161e-04
865 1.265000 0.001000 946 9.646656e-13 1.711821e-04
866 1.266000 0.001000 814 9.955363e-13 1.613043e-04
867 1.267000 0.001000 691 9.796496e-13 1.781518e-04
868 1.268000 0.001000 515 9.367224e-13 1.359419e-04
869 1.269000 0.001000 404 9.607778e-13 9.114696e-05
870 1.270000 0.001000 349 9.189402e-13 6.747981e-05
871 1.271000 0.001000 299 9.696136e-13 5.387536e-05
872 1.272000 0.001000 275 9.784906e-13 4.505812e-05
873 1.273000 0.001000 255 9.842912e-13 3.884774e-05
874 1.274000 0.001000 238 9.559692e-13 3.421510e-05
875 1.275000 0.001000 222 9.331999e-13 3.061364e-05
876 1.276000 0.001000 208 9.983539e-13 2.772571e-05
877 1.277000 0.001000 199 9.189773e-13 2.535357e-05
878 1.278000 0.001000 190 9.957690e-13 2.336729e-05
879 1.279000 0.001000 183 9.337263e-13 2.167780e-05
880 1.280000 0.001000 176 9.900036e-13 2.022183e-05
881 1.281000 0.001000 170 9.732935e-13 1.895316e-05
882 1.282000 0.001000 165 8.766648e-13 1.783716e-05
883 1.283000 0.001000 159 9.943208e-13 1.684734e-05
884 1.284000 0.001000 154 9.822010e-13 1.596309e-05
885 1.285000 0.001000 150 8.974893e-13 1.516811e-05
886 1.286000 0.001000 146 8.432712e-13 1.444932e-05
887 1.287000 0.001000 142 8.753287e-13 1.379611e-05
888 1.288000 0.001000 138 9.801219e-13 1.319977e-05
889 1.289000 0.001000 135 9.226712e-13 1.265309e-05
890 1.290000 0.001000 132 9.330541e-13 1.215003e-05
891 1.291000 0.001000 129 9.889498e-13 1.168552e-05
892 1.292000 0.001000 127 8.740973e-13 1.125523e-05
893 1.293000 0.001000 124 9.617384e-13 1.085548e-05
894 1.294000 0.001000 122 8.956642e-13 1.048309e-05
895 1.295000 0.001000 120 8.529306e-13 1.013532e-05
896 1.296000 0.001000 118 8.293682e-13 9.809780e-06
897 1.297000 0.001000 116 8.161569e-13 9.504393e-06
898 1.298000 0.001000 114 8.346803e-13 9.217324e-06
899 1.299000 0.001000 112 8.589126e-13 8.946960e-06
900 1.300000 0.001000 110 9.095384e-13 8.691874e-06
901 1.301000 0.001000 108 9.809552e-13 8.450797e-06
902 1.302000 0.001000 107 8.580840e-13 8.222598e-06
903 1.303000 0.001000 105 9.861359e-13 8.006266e-06
904 1.304000 0.001000 104 8.818555e-13 7.800893e-06
905 1.305000 0.001000 103 7.958100e-13 7.605662e-06
906 1.306000 0.001000 101 9.298595e-13 7.419838e-06
907 1.307000 0.001000 100 8.734786e-13 7.242752e-06
908 1.308000 0.001000 99 8.265470e-13 7.073800e-06
909 1.309000 0.001000 98 7.788147e-13 6.912432e-06
910 1.310000 0.001000 97 7.502688e-13 6.758147e-06
911 1.311000 0.001000 95 9.931209e-13 6.610487e-06
912 1.312000 0.001000 94 9.667834e-13 6.469033e-06
913 1.313000 0.001000 93 9.505483e-13 6.333401e-06
914 1.314000 0.001000 92 9.464127e-13 6.203239e-06
915 1.315000 0.001000 91 9.494317e-13 6.078221e-06
916 1.316000 0.001000 90 9.553678e-13 5.958048e-06
917 1.317000 0.001000 89 9.819449e-13 5.842444e-06
918 1.318000 0.001000 89 7.547550e-13 5.731153e-06
919 1.319000 0.001000 88 7.892457e-13 5.623937e-06
920 1.320000 0.001000 87 8.164620e-13 5.520578e-06
921 1.321000 0.001000 86 8.701478e-13 5.420871e-06
922 1.322000 0.001000 85 9.485609e-13 5.324626e-06
923 1.323000 0.001000 85 7.466067e-13 5.231666e-06
924 1.324000 0.001000 84 8.154634e-13 5.141825e-06
925 1.325000 0.001000 83 8.901665e-13 5.054951e-06
926 1.326000 0.001000 82 9.679021e-13 4.970899e-06
927 1.327000 0.001000 82 7.747089e-13 4.889533e-06
928 1.328000 0.001000 81 8.636499e-13 4.810729e-06
929 1.329000 0.001000 80 9.765149e-13 4.734366e-06
930 1.330000 0.001000 80 7.902585e-13 4.660334e-06
931 1.331000 0.001000 79 8.826846e-13 4.588528e-06
932 1.332000 0.001000 79 7.185777e-13 4.518851e-06
933 1.333000 0.001000 78 8.348494e-13 4.451208e-06
934 1.334000 0.001000 77 9.731323e-13 4.385513e-06
935 1.335000 0.001000 77 8.002124e-13 4.321683e-06
936 1.336000 0.001000 76 9.260973e-13 4.259642e-06
937 1.337000 0.001000 76 7.657887e-13 4.199314e-06
938 1.338000 0.001000 75 8.868430e-13 4.140630e-06
939 1.339000 0.001000 75 7.371904e-13 4.083526e-06
940 1.340000 0.001000 74 8.806964e-13 4.027938e-06
941 1.341000 0.001000 74 7.358699e-13 3.973807e-06
942 1.342000 0.001000 73 8.835829e-13 3.921078e-06
943 1.343000 0.001000 73 7.420152e-13 3.869696e-06
944 1.344000 0.001000 72 8.817444e-13 3.819613e-06
945 1.345000 0.001000 72 7.439858e-13 3.770779e-06
946 1.346000 0.001000 71 9.025766e-13 3.723149e-06
947 1.347000 0.001000 71 7.650220e-13 3.676679e-06
948 1.348000 0.001000 70 9.621241e-13 3.631329e-06
949 1.349000 0.001000 70 8.192583e-13 3.587058e-06
950 1.350000 0.001000 70 6.983252e-13 3.543829e-06
951 1.351000 0.001000 69 8.579549e-13 3.501606e-06
952 1.352000 0.001000 69 7.344570e-13 3.460356e-06
953 1.353000 0.001000 68 9.062398e-13 3.420044e-06
954 1.354000 0.001000 68 7.789337e-13 3.380641e-06
955 1.355000 0.001000 68 6.701253e-13 3.342115e-06
956 1.356000 0.001000 67 8.672229e-13 3.304439e-06
957 1.357000 0.001000 67 7.490519e-13 3.267586e-06
958 1.358000 0.001000 66 9.751338e-13 3.231528e-06
959 1.359000 0.001000 66 8.455997e-13 3.196242e-06
960 1.360000 0.001000 66 7.338717e-13 3.161702e-06
961 1.361000 0.001000 65 9.467417e-13 3.127886e-06
962 1.362000 0.001000 65 8.246895e-13 3.094772e-06
963 1.363000 0.001000 65 7.189227e-13 3.062339e-06
964 1.364000 0.001000 64 9.501721e-13 3.030566e-06
965 1.365000 0.001000 64 8.313278e-13 2.999433e-06
966 1.366000 0.001000 64 7.278714e-13 2.968923e-06
967 1.367000 0.001000 63 9.634735e-13 2.939016e-06
968 1.368000 0.001000 63 8.465422e-13 2.909696e-06
969 1.369000 0.001000 63 7.443051e-13 2.880946e-06
970 1.370000 0.001000 62 9.913000e-13 2.852749e-06
971 1.371000 0.001000 62 8.745775e-13 2.825091e-06
972 1.372000 0.001000 62 7.720898e-13 2.797956e-06
973 1.373000 0.001000 62 6.820399e-13 2.771330e-06
974 1.374000 0.001000 61 9.123605e-13 2.745199e-06
975 1.375000 0.001000 61 8.085402e-13 2.719551e-06
976 1.376000 0.001000 61 7.169583e-13 2.694371e-06
977 1.377000 0.001000 60 9.746354e-13 2.669647e-06
978 1.378000 0.001000 60 8.669251e-13 2.645368e-06
979 1.379000 0.001000 60 7.715499e-13 2.621523e-06
980 1.380000 0.001000 60 6.870468e-13 2.598099e-06
981 1.381000 0.001000 59 9.542374e-13 2.575086e-06
982 1.382000 0.001000 59 8.522218e-13 2.552474e-06
983 1.383000 0.001000 59 7.615102e-13 2.530253e-06
984 1.384000 0.001000 59 6.808049e-13 2.508413e-06
985 1.385000 0.001000 58 9.734487e-13 2.486944e-06
986 1.386000 0.001000 58 8.728374e-13 2.465838e-06
987 1.387000 0.001000 58 7.830067e-13 2.445085e-06
988 1.388000 0.001000 58 7.027598e-13 2.424677e-06
989 1.389000 0.001000 57 9.992910e-13 2.404606e-06
990 1.390000 0.001000 57 8.993525e-13 2.384864e-06
991 1.391000 0.001000 57 8.097786e-13 2.365444e-06
992 1.392000 0.001000 57 7.294552e-13 2.346336e-06
993 1.393000 0.001000 57 6.573923e-13 2.327536e-06
994 1.394000 0.001000 56 9.542459e-13 2.309034e-06
995 1.395000 0.001000 56 8.622476e-13 2.290825e-06
996 1.396000 0.001000 56 7.794484e-13 2.272902e-06
997 1.397000 0.001000 56 7.048948e-13 2.255259e-06
998 1.398000 0.001000 56 6.377356e-13 2.237888e-06
999 1.399000 0.001000 55 9.487705e-13 2.220785e-06
1000 1.400000 0.001000 55 8.606215e-13 2.203943e-06
