# Generalizd shifted MINRES method
# A = /home/u11674/DATA/VCNT10800h_A.csr
# B = /home/u11674/DATA/VCNT10800h_B.csr
# inner=1.000000e-12, outer=1.000000e-12
# status=-18167, time=1948
# converged 1001 / 1001
0 0.400000 0.001000 8392 9.957517e-13 1.958600e-12
1 0.401000 0.001000 8385 9.944567e-13 2.012667e-12
2 0.402000 0.001000 8402 9.951164e-13 2.138287e-12
3 0.403000 0.001000 8449 9.698470e-13 2.122642e-12
4 0.404000 0.001000 8479 9.861962e-13 2.096031e-12
5 0.405000 0.001000 8503 9.717824e-13 2.003111e-12
6 0.406000 0.001000 8517 9.917902e-13 2.022196e-12
7 0.407000 0.001000 8536 9.542729e-13 1.956068e-12
8 0.408000 0.001000 8555 9.649655e-13 1.969517e-12
9 0.409000 0.001000 8604 9.987415e-13 2.135022e-12
10 0.410000 0.001000 8673 9.732318e-13 2.452738e-12
11 0.411000 0.001000 8767 9.776683e-13 2.716755e-12
12 0.412000 0.001000 8818 9.911662e-13 2.637292e-12
13 0.413000 0.001000 8846 9.997769e-13 2.920492e-12
14 0.414000 0.001000 8862 9.971669e-13 3.032636e-12
15 0.415000 0.001000 8865 9.740047e-13 2.930266e-12
16 0.416000 0.001000 8865 9.767055e-13 2.755455e-12
17 0.417000 0.001000 8860 9.866847e-13 2.771178e-12
18 0.418000 0.001000 8842 9.953531e-13 2.940902e-12
19 0.419000 0.001000 8830 9.965126e-13 2.968816e-12
20 0.420000 0.001000 8784 9.995097e-13 2.724209e-12
21 0.421000 0.001000 8750 9.340160e-13 2.715786e-12
22 0.422000 0.001000 8726 9.540407e-13 2.714917e-12
23 0.423000 0.001000 8728 9.812431e-13 2.757168e-12
24 0.424000 0.001000 8736 9.723208e-13 2.926546e-12
25 0.425000 0.001000 8742 9.977023e-13 2.627418e-12
26 0.426000 0.001000 8738 9.922452e-13 2.443233e-12
27 0.427000 0.001000 8736 9.905807e-13 2.358521e-12
28 0.428000 0.001000 8750 9.341292e-13 2.348370e-12
29 0.429000 0.001000 8762 9.559406e-13 2.247284e-12
30 0.430000 0.001000 8772 9.572791e-13 2.208762e-12
31 0.431000 0.001000 8801 9.668297e-13 2.273606e-12
32 0.432000 0.001000 8839 9.988754e-13 2.413998e-12
33 0.433000 0.001000 8868 9.462844e-13 2.458372e-12
34 0.434000 0.001000 8904 9.478996e-13 2.339146e-12
35 0.435000 0.001000 8943 9.757530e-13 2.431370e-12
36 0.436000 0.001000 9031 9.849615e-13 2.530230e-12
37 0.437000 0.001000 9123 9.987384e-13 2.454241e-12
38 0.438000 0.001000 9200 9.975253e-13 2.439662e-12
39 0.439000 0.001000 9225 9.928695e-13 2.386616e-12
40 0.440000 0.001000 9193 9.974831e-13 2.487359e-12
41 0.441000 0.001000 9211 9.965765e-13 2.600721e-12
42 0.442000 0.001000 9218 9.937550e-13 2.777051e-12
43 0.443000 0.001000 9150 9.891214e-13 2.512158e-12
44 0.444000 0.001000 9126 9.651692e-13 2.358115e-12
45 0.445000 0.001000 9107 9.800074e-13 2.274202e-12
46 0.446000 0.001000 9082 9.841220e-13 2.244366e-12
47 0.447000 0.001000 9044 9.969473e-13 2.285345e-12
48 0.448000 0.001000 8974 9.815787e-13 2.426420e-12
49 0.449000 0.001000 8916 9.165954e-13 2.458221e-12
50 0.450000 0.001000 8852 9.803483e-13 2.209267e-12
51 0.451000 0.001000 8823 9.659678e-13 2.081144e-12
52 0.452000 0.001000 8803 9.889179e-13 2.082824e-12
53 0.453000 0.001000 8762 9.550566e-13 2.039232e-12
54 0.454000 0.001000 8729 9.559443e-13 2.072969e-12
55 0.455000 0.001000 8692 9.947541e-13 2.173697e-12
56 0.456000 0.001000 8658 9.901372e-13 2.213143e-12
57 0.457000 0.001000 8712 9.848700e-13 2.420375e-12
58 0.458000 0.001000 8731 9.675034e-13 2.549280e-12
59 0.459000 0.001000 8728 9.840679e-13 2.337161e-12
60 0.460000 0.001000 8736 9.562436e-13 2.280408e-12
61 0.461000 0.001000 8750 9.839466e-13 2.344059e-12
62 0.462000 0.001000 8746 9.747464e-13 2.342328e-12
63 0.463000 0.001000 8740 9.897038e-13 2.346732e-12
64 0.464000 0.001000 8753 9.593308e-13 2.376525e-12
65 0.465000 0.001000 8752 9.929229e-13 2.351070e-12
66 0.466000 0.001000 8743 9.703578e-13 2.284583e-12
67 0.467000 0.001000 8769 9.841109e-13 2.401721e-12
68 0.468000 0.001000 8789 9.952664e-13 2.320693e-12
69 0.469000 0.001000 8820 9.664139e-13 2.181922e-12
70 0.470000 0.001000 8849 9.782357e-13 2.283303e-12
71 0.471000 0.001000 8865 9.961863e-13 2.500179e-12
72 0.472000 0.001000 8926 9.729580e-13 2.544952e-12
73 0.473000 0.001000 9081 9.999085e-13 2.519759e-12
74 0.474000 0.001000 9250 9.957536e-13 2.398683e-12
75 0.475000 0.001000 9433 9.747223e-13 2.406230e-12
76 0.476000 0.001000 9599 9.963401e-13 2.486378e-12
77 0.477000 0.001000 9726 9.733796e-13 2.493933e-12
78 0.478000 0.001000 9875 9.999275e-13 2.644346e-12
79 0.479000 0.001000 9970 9.883308e-13 2.621673e-12
80 0.480000 0.001000 10043 9.751561e-13 2.660073e-12
81 0.481000 0.001000 10087 9.997460e-13 2.577226e-12
82 0.482000 0.001000 10106 9.621021e-13 2.427537e-12
83 0.483000 0.001000 10118 9.933130e-13 2.482710e-12
84 0.484000 0.001000 10171 9.641672e-13 2.395353e-12
85 0.485000 0.001000 10189 9.835647e-13 2.499494e-12
86 0.486000 0.001000 10197 9.571910e-13 2.639496e-12
87 0.487000 0.001000 10191 9.638079e-13 2.553639e-12
88 0.488000 0.001000 10176 9.983950e-13 2.389091e-12
89 0.489000 0.001000 10174 9.678410e-13 2.439592e-12
90 0.490000 0.001000 10159 9.951191e-13 2.386416e-12
91 0.491000 0.001000 10124 9.950983e-13 2.427442e-12
92 0.492000 0.001000 10153 9.919218e-13 2.630031e-12
93 0.493000 0.001000 10169 9.851169e-13 2.638902e-12
94 0.494000 0.001000 10141 9.860533e-13 2.638356e-12
95 0.495000 0.001000 10121 9.679554e-13 2.568541e-12
96 0.496000 0.001000 10111 9.856911e-13 2.447278e-12
97 0.497000 0.001000 10091 9.787224e-13 2.418390e-12
98 0.498000 0.001000 10056 9.692931e-13 2.428877e-12
99 0.499000 0.001000 9961 9.795576e-13 2.384597e-12
100 0.500000 0.001000 9782 9.983843e-13 2.567429e-12
101 0.501000 0.001000 9659 9.853104e-13 2.729354e-12
102 0.502000 0.001000 9297 9.940515e-13 2.742815e-12
103 0.503000 0.001000 8710 9.962816e-13 2.772482e-12
104 0.504000 0.001000 8292 9.817507e-13 2.836029e-12
105 0.505000 0.001000 7577 9.900246e-13 2.553079e-12
106 0.506000 0.001000 7106 9.935853e-13 2.467863e-12
107 0.507000 0.001000 6530 9.926242e-13 2.366709e-12
108 0.508000 0.001000 6078 9.919177e-13 2.189247e-12
109 0.509000 0.001000 5520 9.987160e-13 2.171105e-12
110 0.510000 0.001000 4839 9.881671e-13 1.986853e-12
111 0.511000 0.001000 4387 9.658488e-13 1.949985e-12
112 0.512000 0.001000 4257 9.990271e-13 1.930860e-12
113 0.513000 0.001000 4011 9.978129e-13 1.920521e-12
114 0.514000 0.001000 3858 9.864395e-13 1.889470e-12
115 0.515000 0.001000 3708 9.806631e-13 1.894626e-12
116 0.516000 0.001000 3479 9.990989e-13 1.865631e-12
117 0.517000 0.001000 3195 9.915374e-13 1.865380e-12
118 0.518000 0.001000 3030 9.973109e-13 1.861493e-12
119 0.519000 0.001000 2949 9.896862e-13 1.877158e-12
120 0.520000 0.001000 2954 9.859841e-13 1.928672e-12
121 0.521000 0.001000 2919 9.882155e-13 1.990598e-12
122 0.522000 0.001000 2817 9.966537e-13 1.957670e-12
123 0.523000 0.001000 2701 9.910599e-13 1.951308e-12
124 0.524000 0.001000 2592 9.861522e-13 1.919484e-12
125 0.525000 0.001000 2492 9.971947e-13 1.856178e-12
126 0.526000 0.001000 2449 9.950350e-13 1.867750e-12
127 0.527000 0.001000 2456 9.931153e-13 1.912548e-12
128 0.528000 0.001000 2451 9.794095e-13 1.938471e-12
129 0.529000 0.001000 2413 9.989334e-13 1.970241e-12
130 0.530000 0.001000 2377 9.778252e-13 1.920599e-12
131 0.531000 0.001000 2329 9.980937e-13 1.979267e-12
132 0.532000 0.001000 2299 9.940208e-13 1.919870e-12
133 0.533000 0.001000 2281 9.777868e-13 1.863807e-12
134 0.534000 0.001000 2279 9.371313e-13 1.873093e-12
135 0.535000 0.001000 2282 9.977630e-13 1.996160e-12
136 0.536000 0.001000 2281 9.956819e-13 1.937884e-12
137 0.537000 0.001000 2276 9.520407e-13 1.895338e-12
138 0.538000 0.001000 2263 9.616693e-13 1.892968e-12
139 0.539000 0.001000 2242 9.303988e-13 1.820882e-12
140 0.540000 0.001000 2214 9.758303e-13 1.879052e-12
141 0.541000 0.001000 2200 9.358491e-13 1.773037e-12
142 0.542000 0.001000 2198 9.792031e-13 1.829095e-12
143 0.543000 0.001000 2211 9.958723e-13 1.840356e-12
144 0.544000 0.001000 2229 9.245846e-13 1.775661e-12
145 0.545000 0.001000 2224 9.711086e-13 1.869240e-12
146 0.546000 0.001000 2218 9.843732e-13 1.840723e-12
147 0.547000 0.001000 2208 9.438762e-13 1.785278e-12
148 0.548000 0.001000 2195 9.511819e-13 1.807774e-12
149 0.549000 0.001000 2178 9.969772e-13 1.890619e-12
150 0.550000 0.001000 2174 9.632586e-13 1.823101e-12
151 0.551000 0.001000 2185 9.269638e-13 1.802253e-12
152 0.552000 0.001000 2208 9.960644e-13 1.873361e-12
153 0.553000 0.001000 2231 9.968021e-13 1.951414e-12
154 0.554000 0.001000 2232 9.754584e-13 2.030522e-12
155 0.555000 0.001000 2219 9.757707e-13 2.097335e-12
156 0.556000 0.001000 2193 9.682983e-13 1.985058e-12
157 0.557000 0.001000 2175 9.981393e-13 1.966796e-12
158 0.558000 0.001000 2172 9.940345e-13 1.942525e-12
159 0.559000 0.001000 2185 9.322628e-13 1.917293e-12
160 0.560000 0.001000 2205 9.752691e-13 2.034895e-12
161 0.561000 0.001000 2221 9.639906e-13 2.025774e-12
162 0.562000 0.001000 2238 9.822703e-13 2.097452e-12
163 0.563000 0.001000 2247 9.793575e-13 2.087089e-12
164 0.564000 0.001000 2240 9.333927e-13 1.999114e-12
165 0.565000 0.001000 2224 9.995751e-13 2.016065e-12
166 0.566000 0.001000 2224 9.624764e-13 1.987506e-12
167 0.567000 0.001000 2232 9.839161e-13 2.091367e-12
168 0.568000 0.001000 2237 9.345157e-13 1.981344e-12
169 0.569000 0.001000 2243 9.902544e-13 2.062187e-12
170 0.570000 0.001000 2246 9.884225e-13 2.013546e-12
171 0.571000 0.001000 2259 9.978804e-13 1.996956e-12
172 0.572000 0.001000 2289 9.964575e-13 1.974706e-12
173 0.573000 0.001000 2334 9.759285e-13 2.068157e-12
174 0.574000 0.001000 2383 9.915934e-13 2.164291e-12
175 0.575000 0.001000 2358 9.831189e-13 2.057299e-12
176 0.576000 0.001000 2317 9.982562e-13 2.029480e-12
177 0.577000 0.001000 2308 9.834806e-13 1.983487e-12
178 0.578000 0.001000 2321 9.734564e-13 1.947675e-12
179 0.579000 0.001000 2383 9.868137e-13 2.000221e-12
180 0.580000 0.001000 2471 9.853157e-13 1.999286e-12
181 0.581000 0.001000 2544 9.889683e-13 2.075683e-12
182 0.582000 0.001000 2608 9.866290e-13 2.096566e-12
183 0.583000 0.001000 2655 9.998514e-13 2.154870e-12
184 0.584000 0.001000 2687 9.988201e-13 2.124280e-12
185 0.585000 0.001000 2723 9.989489e-13 2.060963e-12
186 0.586000 0.001000 2795 9.882882e-13 2.055938e-12
187 0.587000 0.001000 2849 9.890574e-13 2.033691e-12
188 0.588000 0.001000 2868 9.986264e-13 2.045594e-12
189 0.589000 0.001000 2984 9.910963e-13 2.069442e-12
190 0.590000 0.001000 3178 9.722170e-13 2.068930e-12
191 0.591000 0.001000 3386 9.961081e-13 2.082791e-12
192 0.592000 0.001000 3596 9.868339e-13 2.106247e-12
193 0.593000 0.001000 3820 9.865362e-13 2.205020e-12
194 0.594000 0.001000 4086 9.997297e-13 2.329487e-12
195 0.595000 0.001000 4268 9.859881e-13 2.516913e-12
196 0.596000 0.001000 4435 9.756683e-13 2.429581e-12
197 0.597000 0.001000 4666 9.821617e-13 2.426689e-12
198 0.598000 0.001000 4909 9.988136e-13 2.420482e-12
199 0.599000 0.001000 5028 9.893058e-13 2.601542e-12
200 0.600000 0.001000 5307 9.912032e-13 2.724184e-12
201 0.601000 0.001000 5522 9.979263e-13 2.722048e-12
202 0.602000 0.001000 5653 9.941212e-13 2.670496e-12
203 0.603000 0.001000 5887 9.937088e-13 2.734869e-12
204 0.604000 0.001000 6052 9.898094e-13 2.849910e-12
205 0.605000 0.001000 6114 9.931560e-13 2.765760e-12
206 0.606000 0.001000 6264 9.971600e-13 2.732697e-12
207 0.607000 0.001000 6402 9.978393e-13 2.801374e-12
208 0.608000 0.001000 6668 9.983852e-13 2.935406e-12
209 0.609000 0.001000 6948 9.867361e-13 3.153692e-12
210 0.610000 0.001000 7185 9.800713e-13 3.424815e-12
211 0.611000 0.001000 7289 9.899392e-13 3.492781e-12
212 0.612000 0.001000 7365 9.990255e-13 3.464399e-12
213 0.613000 0.001000 7381 9.868395e-13 3.541835e-12
214 0.614000 0.001000 7425 9.927031e-13 3.582867e-12
215 0.615000 0.001000 7525 9.984219e-13 3.526700e-12
216 0.616000 0.001000 7603 9.808602e-13 3.605854e-12
217 0.617000 0.001000 7683 9.877151e-13 3.837440e-12
218 0.618000 0.001000 7697 9.619338e-13 4.109031e-12
219 0.619000 0.001000 7650 9.968294e-13 4.151022e-12
220 0.620000 0.001000 7608 9.736926e-13 4.413171e-12
221 0.621000 0.001000 7611 9.879904e-13 5.346286e-12
222 0.622000 0.001000 7602 9.982425e-13 5.247095e-12
223 0.623000 0.001000 7567 9.850947e-13 4.859308e-12
224 0.624000 0.001000 7540 9.873508e-13 4.356205e-12
225 0.625000 0.001000 7514 9.974306e-13 4.131833e-12
226 0.626000 0.001000 7503 9.647851e-13 3.938721e-12
227 0.627000 0.001000 7485 9.944580e-13 4.123876e-12
228 0.628000 0.001000 7456 9.672030e-13 4.257848e-12
229 0.629000 0.001000 7404 9.930362e-13 4.302761e-12
230 0.630000 0.001000 7382 9.960520e-13 3.755257e-12
231 0.631000 0.001000 7411 9.973432e-13 3.575066e-12
232 0.632000 0.001000 7485 9.897690e-13 3.527395e-12
233 0.633000 0.001000 7595 9.950097e-13 3.561718e-12
234 0.634000 0.001000 7792 9.774898e-13 3.509327e-12
235 0.635000 0.001000 8279 9.960823e-13 3.692270e-12
236 0.636000 0.001000 8864 9.988981e-13 4.066501e-12
237 0.637000 0.001000 9376 9.985861e-13 4.784763e-12
238 0.638000 0.001000 9856 9.951410e-13 5.056985e-12
239 0.639000 0.001000 10170 9.980502e-13 4.863690e-12
240 0.640000 0.001000 10466 9.950947e-13 5.208629e-12
241 0.641000 0.001000 10679 9.996145e-13 5.265144e-12
242 0.642000 0.001000 10935 9.906802e-13 5.411025e-12
243 0.643000 0.001000 11222 9.935859e-13 5.999369e-12
244 0.644000 0.001000 11535 9.997107e-13 6.693397e-12
245 0.645000 0.001000 11801 9.855177e-13 7.049290e-12
246 0.646000 0.001000 11880 9.890550e-13 7.648119e-12
247 0.647000 0.001000 11977 9.951727e-13 8.233940e-12
248 0.648000 0.001000 12062 9.898678e-13 8.549532e-12
249 0.649000 0.001000 12209 9.816494e-13 9.924532e-12
250 0.650000 0.001000 12342 9.875715e-13 1.098027e-11
251 0.651000 0.001000 12491 9.981355e-13 1.209117e-11
252 0.652000 0.001000 12644 9.787204e-13 1.313539e-11
253 0.653000 0.001000 12670 9.799028e-13 1.219648e-11
254 0.654000 0.001000 12716 9.931087e-13 1.271894e-11
255 0.655000 0.001000 12811 9.892409e-13 1.286047e-11
256 0.656000 0.001000 12953 9.792924e-13 1.281731e-11
257 0.657000 0.001000 13034 9.856058e-13 1.335080e-11
258 0.658000 0.001000 13097 9.944013e-13 1.382120e-11
259 0.659000 0.001000 13181 9.937870e-13 1.489526e-11
260 0.660000 0.001000 13260 9.966719e-13 1.435212e-11
261 0.661000 0.001000 13287 9.744023e-13 1.523636e-11
262 0.662000 0.001000 13300 9.943512e-13 1.660560e-11
263 0.663000 0.001000 13287 9.517381e-13 1.692394e-11
264 0.664000 0.001000 13210 9.962080e-13 1.549611e-11
265 0.665000 0.001000 13174 9.857279e-13 1.499766e-11
266 0.666000 0.001000 13149 9.947364e-13 1.487390e-11
267 0.667000 0.001000 13124 9.865138e-13 1.553875e-11
268 0.668000 0.001000 13098 9.741538e-13 1.427857e-11
269 0.669000 0.001000 13060 9.740758e-13 1.405907e-11
270 0.670000 0.001000 12997 9.920653e-13 1.535047e-11
271 0.671000 0.001000 12969 9.971681e-13 1.699087e-11
272 0.672000 0.001000 12964 9.853324e-13 1.652023e-11
273 0.673000 0.001000 12917 9.998490e-13 1.439651e-11
274 0.674000 0.001000 12843 9.895373e-13 1.223453e-11
275 0.675000 0.001000 12811 9.760516e-13 1.132808e-11
276 0.676000 0.001000 12787 9.370582e-13 1.100365e-11
277 0.677000 0.001000 12746 9.984996e-13 1.020056e-11
278 0.678000 0.001000 12668 9.795924e-13 8.973005e-12
279 0.679000 0.001000 12626 9.835016e-13 8.826139e-12
280 0.680000 0.001000 12609 9.750072e-13 1.015059e-11
281 0.681000 0.001000 12564 9.875537e-13 1.104018e-11
282 0.682000 0.001000 12516 9.976086e-13 1.091257e-11
283 0.683000 0.001000 12506 9.889646e-13 1.242385e-11
284 0.684000 0.001000 12482 9.730531e-13 1.252152e-11
285 0.685000 0.001000 12459 9.559637e-13 1.180359e-11
286 0.686000 0.001000 12403 9.955931e-13 1.098982e-11
287 0.687000 0.001000 12336 9.971508e-13 1.106503e-11
288 0.688000 0.001000 12277 9.877266e-13 1.090183e-11
289 0.689000 0.001000 12275 9.764920e-13 1.081918e-11
290 0.690000 0.001000 12310 9.835345e-13 1.145355e-11
291 0.691000 0.001000 12371 9.922371e-13 1.280297e-11
292 0.692000 0.001000 12457 9.759918e-13 1.499957e-11
293 0.693000 0.001000 12506 9.814150e-13 1.445283e-11
294 0.694000 0.001000 12559 9.899284e-13 1.547004e-11
295 0.695000 0.001000 12610 9.839434e-13 1.733951e-11
296 0.696000 0.001000 12621 9.840812e-13 1.883664e-11
297 0.697000 0.001000 12642 9.904389e-13 2.233516e-11
298 0.698000 0.001000 12677 9.740983e-13 2.406060e-11
299 0.699000 0.001000 12771 9.967893e-13 2.535272e-11
300 0.700000 0.001000 13026 9.766495e-13 2.804302e-11
301 0.701000 0.001000 13219 9.992339e-13 3.357803e-11
302 0.702000 0.001000 13369 9.981099e-13 3.725089e-11
303 0.703000 0.001000 13508 9.960866e-13 3.425827e-11
304 0.704000 0.001000 13557 9.988221e-13 3.017381e-11
305 0.705000 0.001000 13622 9.750622e-13 2.563447e-11
306 0.706000 0.001000 13693 9.963766e-13 2.318099e-11
307 0.707000 0.001000 13716 9.984402e-13 2.133369e-11
308 0.708000 0.001000 13716 9.874205e-13 2.068731e-11
309 0.709000 0.001000 13695 9.850281e-13 1.842137e-11
310 0.710000 0.001000 13687 9.923027e-13 1.602545e-11
311 0.711000 0.001000 13747 9.918877e-13 1.569597e-11
312 0.712000 0.001000 13863 9.814055e-13 1.573455e-11
313 0.713000 0.001000 13957 9.835811e-13 1.433443e-11
314 0.714000 0.001000 14025 9.856935e-13 1.384754e-11
315 0.715000 0.001000 14084 9.980738e-13 1.349748e-11
316 0.716000 0.001000 14108 9.872815e-13 1.236289e-11
317 0.717000 0.001000 14123 9.940608e-13 1.154773e-11
318 0.718000 0.001000 14136 9.897707e-13 1.209849e-11
319 0.719000 0.001000 14139 9.897032e-13 1.245216e-11
320 0.720000 0.001000 14153 9.983617e-13 1.130380e-11
321 0.721000 0.001000 14196 9.904512e-13 1.100924e-11
322 0.722000 0.001000 14233 9.800877e-13 1.046525e-11
323 0.723000 0.001000 14287 9.671571e-13 1.040790e-11
324 0.724000 0.001000 14327 9.815377e-13 1.127044e-11
325 0.725000 0.001000 14398 9.958149e-13 1.146896e-11
326 0.726000 0.001000 14441 9.893823e-13 1.006529e-11
327 0.727000 0.001000 14539 9.901330e-13 9.049406e-12
328 0.728000 0.001000 14612 9.500802e-13 8.695472e-12
329 0.729000 0.001000 14705 9.937717e-13 8.730812e-12
330 0.730000 0.001000 14802 9.781608e-13 9.090137e-12
331 0.731000 0.001000 14854 9.689101e-13 9.309980e-12
332 0.732000 0.001000 14898 9.973644e-13 9.134779e-12
333 0.733000 0.001000 14910 9.883833e-13 8.721915e-12
334 0.734000 0.001000 14934 9.908512e-13 8.791731e-12
335 0.735000 0.001000 14981 9.982363e-13 8.491414e-12
336 0.736000 0.001000 15217 9.984971e-13 8.184015e-12
337 0.737000 0.001000 15210 9.839800e-13 8.281823e-12
338 0.738000 0.001000 15093 9.940183e-13 8.759233e-12
339 0.739000 0.001000 14894 9.793075e-13 8.165925e-12
340 0.740000 0.001000 14709 9.963316e-13 7.725002e-12
341 0.741000 0.001000 14582 9.825478e-13 7.515373e-12
342 0.742000 0.001000 14414 9.875523e-13 7.359004e-12
343 0.743000 0.001000 14330 9.845174e-13 7.108225e-12
344 0.744000 0.001000 14188 9.872489e-13 6.878941e-12
345 0.745000 0.001000 13972 9.899642e-13 6.378641e-12
346 0.746000 0.001000 13727 9.993232e-13 6.017643e-12
347 0.747000 0.001000 13473 9.909449e-13 5.874207e-12
348 0.748000 0.001000 13309 9.906216e-13 5.638862e-12
349 0.749000 0.001000 13147 9.858553e-13 5.347178e-12
350 0.750000 0.001000 13053 9.991047e-13 5.576781e-12
351 0.751000 0.001000 12884 9.891628e-13 5.757723e-12
352 0.752000 0.001000 12639 9.975512e-13 5.506108e-12
353 0.753000 0.001000 12420 9.911070e-13 5.466122e-12
354 0.754000 0.001000 12130 9.999113e-13 5.715984e-12
355 0.755000 0.001000 11491 9.996740e-13 5.925259e-12
356 0.756000 0.001000 10722 9.956824e-13 6.006034e-12
357 0.757000 0.001000 9732 9.961925e-13 5.644165e-12
358 0.758000 0.001000 9329 9.844328e-13 5.398108e-12
359 0.759000 0.001000 9091 9.977154e-13 5.331840e-12
360 0.760000 0.001000 8960 9.886897e-13 5.222906e-12
361 0.761000 0.001000 8925 9.869420e-13 5.107648e-12
362 0.762000 0.001000 8975 9.988692e-13 5.177727e-12
363 0.763000 0.001000 9030 9.945180e-13 5.012705e-12
364 0.764000 0.001000 9012 9.986668e-13 4.508997e-12
365 0.765000 0.001000 9052 9.960800e-13 4.340564e-12
366 0.766000 0.001000 9218 9.936269e-13 4.224600e-12
367 0.767000 0.001000 9560 9.990671e-13 4.292917e-12
368 0.768000 0.001000 10097 9.984110e-13 4.563139e-12
369 0.769000 0.001000 11148 9.946323e-13 5.071824e-12
370 0.770000 0.001000 12184 9.955165e-13 5.333394e-12
371 0.771000 0.001000 13444 9.976660e-13 5.741989e-12
372 0.772000 0.001000 14170 9.994718e-13 6.316474e-12
373 0.773000 0.001000 14744 9.947940e-13 6.724420e-12
374 0.774000 0.001000 15550 9.988720e-13 6.629296e-12
375 0.775000 0.001000 15917 9.996376e-13 6.707503e-12
376 0.776000 0.001000 16385 9.990766e-13 6.481586e-12
377 0.777000 0.001000 16854 9.960408e-13 6.244060e-12
378 0.778000 0.001000 17214 9.992164e-13 6.509710e-12
379 0.779000 0.001000 17663 9.997372e-13 7.063605e-12
380 0.780000 0.001000 17946 9.994837e-13 7.546774e-12
381 0.781000 0.001000 18100 9.986898e-13 7.862923e-12
382 0.782000 0.001000 18146 9.984530e-13 7.808332e-12
383 0.783000 0.001000 18167 9.999229e-13 8.009271e-12
384 0.784000 0.001000 18103 9.989716e-13 8.262951e-12
385 0.785000 0.001000 17970 9.989163e-13 7.605969e-12
386 0.786000 0.001000 17782 9.998018e-13 7.353614e-12
387 0.787000 0.001000 17901 9.989067e-13 7.271383e-12
388 0.788000 0.001000 17956 9.987507e-13 7.238521e-12
389 0.789000 0.001000 17838 9.980975e-13 6.976343e-12
390 0.790000 0.001000 17644 9.985291e-13 7.133595e-12
391 0.791000 0.001000 17453 9.972663e-13 7.572977e-12
392 0.792000 0.001000 17176 9.938830e-13 7.881661e-12
393 0.793000 0.001000 16836 9.989220e-13 8.325722e-12
394 0.794000 0.001000 16465 9.986078e-13 8.909015e-12
395 0.795000 0.001000 15838 9.997608e-13 9.390135e-12
396 0.796000 0.001000 15432 9.926043e-13 9.490045e-12
397 0.797000 0.001000 14835 9.989257e-13 9.107035e-12
398 0.798000 0.001000 14176 9.972194e-13 9.089930e-12
399 0.799000 0.001000 13422 9.992795e-13 9.151935e-12
400 0.800000 0.001000 13107 9.936767e-13 9.415396e-12
401 0.801000 0.001000 12870 9.909756e-13 9.753626e-12
402 0.802000 0.001000 12675 9.893555e-13 8.866051e-12
403 0.803000 0.001000 12544 9.947040e-13 9.468926e-12
404 0.804000 0.001000 12425 9.999346e-13 9.417507e-12
405 0.805000 0.001000 12446 9.886082e-13 9.032123e-12
406 0.806000 0.001000 12499 9.959230e-13 9.645598e-12
407 0.807000 0.001000 12522 9.979347e-13 1.066186e-11
408 0.808000 0.001000 12536 9.968995e-13 1.160295e-11
409 0.809000 0.001000 12496 9.980843e-13 1.148544e-11
410 0.810000 0.001000 12506 9.982085e-13 1.095527e-11
411 0.811000 0.001000 12640 9.983741e-13 1.118987e-11
412 0.812000 0.001000 12765 9.917423e-13 1.177094e-11
413 0.813000 0.001000 12863 9.778891e-13 1.166709e-11
414 0.814000 0.001000 13003 9.769183e-13 1.215395e-11
415 0.815000 0.001000 13157 9.977370e-13 1.338102e-11
416 0.816000 0.001000 13187 9.939068e-13 1.211033e-11
417 0.817000 0.001000 13248 9.789339e-13 1.195528e-11
418 0.818000 0.001000 13365 9.859559e-13 1.268592e-11
419 0.819000 0.001000 13456 9.870461e-13 1.316814e-11
420 0.820000 0.001000 13541 9.906954e-13 1.313122e-11
421 0.821000 0.001000 13697 9.923576e-13 1.322462e-11
422 0.822000 0.001000 13861 9.961063e-13 1.452772e-11
423 0.823000 0.001000 14013 9.904773e-13 1.568547e-11
424 0.824000 0.001000 14119 9.859762e-13 1.614257e-11
425 0.825000 0.001000 14319 9.998068e-13 1.773482e-11
426 0.826000 0.001000 14589 9.941389e-13 1.937257e-11
427 0.827000 0.001000 14853 9.971362e-13 2.043955e-11
428 0.828000 0.001000 15177 9.971791e-13 2.123356e-11
429 0.829000 0.001000 15649 9.873710e-13 2.237800e-11
430 0.830000 0.001000 16147 9.946342e-13 2.541235e-11
431 0.831000 0.001000 16635 9.959631e-13 2.609737e-11
432 0.832000 0.001000 17030 9.994744e-13 2.716237e-11
433 0.833000 0.001000 17202 9.993466e-13 2.792953e-11
434 0.834000 0.001000 17655 9.977573e-13 2.968494e-11
435 0.835000 0.001000 17941 9.971792e-13 3.323540e-11
436 0.836000 0.001000 18031 9.998134e-13 3.680193e-11
437 0.837000 0.001000 18052 9.998820e-13 4.164943e-11
438 0.838000 0.001000 17810 9.996185e-13 4.468581e-11
439 0.839000 0.001000 17431 9.998378e-13 4.796602e-11
440 0.840000 0.001000 17260 9.995845e-13 4.872670e-11
441 0.841000 0.001000 16833 9.996052e-13 5.201814e-11
442 0.842000 0.001000 16299 9.946611e-13 5.616981e-11
443 0.843000 0.001000 15997 9.850193e-13 6.392540e-11
444 0.844000 0.001000 15697 9.996323e-13 7.961940e-11
445 0.845000 0.001000 15448 9.996643e-13 9.870978e-11
446 0.846000 0.001000 15154 9.960916e-13 1.182285e-10
447 0.847000 0.001000 14741 9.985783e-13 1.212434e-10
448 0.848000 0.001000 14302 9.978095e-13 1.404763e-10
449 0.849000 0.001000 13929 9.935594e-13 1.547792e-10
450 0.850000 0.001000 13112 9.993446e-13 1.337953e-10
451 0.851000 0.001000 12176 9.963224e-13 1.071283e-10
452 0.852000 0.001000 10844 9.985848e-13 8.532666e-11
453 0.853000 0.001000 9540 9.992906e-13 6.468860e-11
454 0.854000 0.001000 9004 9.959042e-13 4.890231e-11
455 0.855000 0.001000 8772 9.918323e-13 3.891145e-11
456 0.856000 0.001000 8657 9.995805e-13 3.346545e-11
457 0.857000 0.001000 8566 9.992215e-13 3.034988e-11
458 0.858000 0.001000 8568 9.800483e-13 3.008779e-11
459 0.859000 0.001000 8535 9.868342e-13 2.871375e-11
460 0.860000 0.001000 8507 9.741183e-13 2.670088e-11
461 0.861000 0.001000 8456 9.970828e-13 2.432559e-11
462 0.862000 0.001000 8420 9.688594e-13 2.194883e-11
463 0.863000 0.001000 8384 9.948885e-13 1.984467e-11
464 0.864000 0.001000 8349 9.985304e-13 1.957457e-11
465 0.865000 0.001000 8319 9.812466e-13 2.003686e-11
466 0.866000 0.001000 8286 9.883504e-13 1.980855e-11
467 0.867000 0.001000 8247 9.764800e-13 1.982641e-11
468 0.868000 0.001000 8228 9.621760e-13 1.786571e-11
469 0.869000 0.001000 8283 9.740898e-13 1.713501e-11
470 0.870000 0.001000 8340 9.801502e-13 1.732066e-11
471 0.871000 0.001000 8388 9.785520e-13 1.683320e-11
472 0.872000 0.001000 8431 9.577157e-13 1.792597e-11
473 0.873000 0.001000 8471 9.901111e-13 1.687028e-11
474 0.874000 0.001000 8498 9.963145e-13 1.638835e-11
475 0.875000 0.001000 8539 9.701309e-13 1.815939e-11
476 0.876000 0.001000 8535 9.978432e-13 2.266412e-11
477 0.877000 0.001000 8453 9.865142e-13 2.927410e-11
478 0.878000 0.001000 8399 9.873658e-13 3.193109e-11
479 0.879000 0.001000 8345 9.434611e-13 2.746822e-11
480 0.880000 0.001000 8262 9.772597e-13 2.183562e-11
481 0.881000 0.001000 8167 9.917458e-13 1.650364e-11
482 0.882000 0.001000 8101 9.779524e-13 1.354585e-11
483 0.883000 0.001000 8071 9.632583e-13 1.218486e-11
484 0.884000 0.001000 8057 9.982034e-13 1.067552e-11
485 0.885000 0.001000 8049 9.787439e-13 9.315214e-12
486 0.886000 0.001000 8082 9.737290e-13 8.915765e-12
487 0.887000 0.001000 8119 9.936289e-13 8.588287e-12
488 0.888000 0.001000 8115 9.763022e-13 8.100019e-12
489 0.889000 0.001000 8050 9.770381e-13 7.632257e-12
490 0.890000 0.001000 7909 9.748427e-13 7.033095e-12
491 0.891000 0.001000 7780 9.947974e-13 6.672694e-12
492 0.892000 0.001000 7791 9.915504e-13 6.673807e-12
493 0.893000 0.001000 7926 9.988161e-13 6.816014e-12
494 0.894000 0.001000 8170 9.884742e-13 6.871544e-12
495 0.895000 0.001000 8569 9.968884e-13 7.031750e-12
496 0.896000 0.001000 9072 9.953109e-13 6.885736e-12
497 0.897000 0.001000 9430 9.976171e-13 6.760306e-12
498 0.898000 0.001000 9656 9.949685e-13 6.695804e-12
499 0.899000 0.001000 9844 9.948776e-13 6.765594e-12
500 0.900000 0.001000 10077 9.986557e-13 6.272430e-12
501 0.901000 0.001000 10242 9.919513e-13 6.119505e-12
502 0.902000 0.001000 10482 9.925938e-13 6.145362e-12
503 0.903000 0.001000 10664 9.951572e-13 6.414948e-12
504 0.904000 0.001000 10843 9.907157e-13 6.925020e-12
505 0.905000 0.001000 11089 9.915450e-13 7.705832e-12
506 0.906000 0.001000 11455 9.992485e-13 8.061618e-12
507 0.907000 0.001000 11991 9.917880e-13 8.175729e-12
508 0.908000 0.001000 12023 9.793709e-13 8.031366e-12
509 0.909000 0.001000 11873 9.990123e-13 7.889571e-12
510 0.910000 0.001000 11089 9.986327e-13 8.034936e-12
511 0.911000 0.001000 10369 9.864157e-13 7.587674e-12
512 0.912000 0.001000 9733 9.958593e-13 7.002510e-12
513 0.913000 0.001000 9038 9.999584e-13 6.572571e-12
514 0.914000 0.001000 8291 9.987183e-13 6.031569e-12
515 0.915000 0.001000 7525 9.905022e-13 5.490745e-12
516 0.916000 0.001000 6997 9.904018e-13 5.261339e-12
517 0.917000 0.001000 6711 9.927996e-13 5.005469e-12
518 0.918000 0.001000 6495 9.992220e-13 4.812115e-12
519 0.919000 0.001000 6382 9.932631e-13 4.748154e-12
520 0.920000 0.001000 6264 9.871810e-13 4.648981e-12
521 0.921000 0.001000 6315 9.953660e-13 4.848223e-12
522 0.922000 0.001000 6415 9.927851e-13 4.959920e-12
523 0.923000 0.001000 6438 9.943479e-13 4.772443e-12
524 0.924000 0.001000 6403 9.940628e-13 4.696162e-12
525 0.925000 0.001000 6162 9.973768e-13 4.513339e-12
526 0.926000 0.001000 5910 9.985832e-13 4.289056e-12
527 0.927000 0.001000 5740 9.952950e-13 4.067909e-12
528 0.928000 0.001000 5649 9.827737e-13 4.140589e-12
529 0.929000 0.001000 5689 9.711637e-13 4.349518e-12
530 0.930000 0.001000 5764 9.919544e-13 4.326874e-12
531 0.931000 0.001000 5807 9.751998e-13 4.169723e-12
532 0.932000 0.001000 5827 9.749283e-13 4.114532e-12
533 0.933000 0.001000 5859 9.756324e-13 3.930199e-12
534 0.934000 0.001000 5928 9.954711e-13 3.959184e-12
535 0.935000 0.001000 5955 9.758142e-13 4.110852e-12
536 0.936000 0.001000 5952 9.840185e-13 4.028043e-12
537 0.937000 0.001000 5931 9.987695e-13 4.034602e-12
538 0.938000 0.001000 5868 9.831601e-13 3.892813e-12
539 0.939000 0.001000 5626 9.826817e-13 3.732916e-12
540 0.940000 0.001000 5251 9.954706e-13 3.859810e-12
541 0.941000 0.001000 4760 9.971505e-13 3.604392e-12
542 0.942000 0.001000 4405 9.902966e-13 3.552241e-12
543 0.943000 0.001000 4327 9.892546e-13 3.547998e-12
544 0.944000 0.001000 4319 9.947119e-13 3.585052e-12
545 0.945000 0.001000 4349 9.962404e-13 3.740015e-12
546 0.946000 0.001000 4353 9.893824e-13 3.604637e-12
547 0.947000 0.001000 4291 9.997336e-13 3.662098e-12
548 0.948000 0.001000 4211 9.971589e-13 3.998251e-12
549 0.949000 0.001000 4128 9.924425e-13 4.109022e-12
550 0.950000 0.001000 3912 9.751042e-13 3.661834e-12
551 0.951000 0.001000 3804 9.897494e-13 3.455783e-12
552 0.952000 0.001000 3742 9.812792e-13 3.323189e-12
553 0.953000 0.001000 3737 9.842267e-13 3.357809e-12
554 0.954000 0.001000 3747 9.988690e-13 3.365250e-12
555 0.955000 0.001000 3770 9.737392e-13 3.351856e-12
556 0.956000 0.001000 3828 9.950289e-13 3.519382e-12
557 0.957000 0.001000 3878 9.971976e-13 3.715486e-12
558 0.958000 0.001000 3897 9.760836e-13 3.567456e-12
559 0.959000 0.001000 3888 9.653399e-13 3.364545e-12
560 0.960000 0.001000 3872 9.726869e-13 3.326852e-12
561 0.961000 0.001000 3821 9.962988e-13 3.229107e-12
562 0.962000 0.001000 3749 9.717658e-13 3.069284e-12
563 0.963000 0.001000 3717 9.987708e-13 3.074422e-12
564 0.964000 0.001000 3705 9.756563e-13 3.098238e-12
565 0.965000 0.001000 3705 9.639382e-13 3.098121e-12
566 0.966000 0.001000 3743 9.918577e-13 3.228836e-12
567 0.967000 0.001000 3825 9.814522e-13 3.374185e-12
568 0.968000 0.001000 3897 9.987113e-13 3.406921e-12
569 0.969000 0.001000 3933 9.981605e-13 3.440522e-12
570 0.970000 0.001000 3933 9.936912e-13 3.410804e-12
571 0.971000 0.001000 3943 9.801673e-13 3.417518e-12
572 0.972000 0.001000 3968 9.841196e-13 3.544738e-12
573 0.973000 0.001000 3946 9.944157e-13 3.506676e-12
574 0.974000 0.001000 3911 9.979102e-13 3.708624e-12
575 0.975000 0.001000 3900 9.927022e-13 3.296899e-12
576 0.976000 0.001000 3960 9.955580e-13 3.280687e-12
577 0.977000 0.001000 4173 9.996670e-13 3.365095e-12
578 0.978000 0.001000 4559 9.876326e-13 3.308752e-12
579 0.979000 0.001000 4991 9.950318e-13 3.330807e-12
580 0.980000 0.001000 5273 9.842682e-13 3.352734e-12
581 0.981000 0.001000 5533 9.979395e-13 3.438619e-12
582 0.982000 0.001000 5919 9.977401e-13 3.524138e-12
583 0.983000 0.001000 6277 9.926410e-13 3.401723e-12
584 0.984000 0.001000 6740 9.940947e-13 3.419185e-12
585 0.985000 0.001000 7162 9.848715e-13 3.606486e-12
586 0.986000 0.001000 7618 9.984896e-13 3.681490e-12
587 0.987000 0.001000 8087 9.996343e-13 3.881374e-12
588 0.988000 0.001000 8706 9.894175e-13 3.748427e-12
589 0.989000 0.001000 8960 9.999268e-13 3.721750e-12
590 0.990000 0.001000 9072 9.867292e-13 3.584705e-12
591 0.991000 0.001000 9143 9.993519e-13 3.554014e-12
592 0.992000 0.001000 9219 9.955451e-13 3.728355e-12
593 0.993000 0.001000 9242 9.662687e-13 3.682791e-12
594 0.994000 0.001000 9242 9.985195e-13 3.630666e-12
595 0.995000 0.001000 9250 9.963526e-13 3.797517e-12
596 0.996000 0.001000 9260 9.741559e-13 3.704834e-12
597 0.997000 0.001000 9247 9.639440e-13 3.864161e-12
598 0.998000 0.001000 9153 9.912223e-13 3.935675e-12
599 0.999000 0.001000 8970 9.943111e-13 4.038347e-12
600 1.000000 0.001000 8560 9.799279e-13 4.062428e-12
601 1.001000 0.001000 7997 9.910780e-13 3.859519e-12
602 1.002000 0.001000 7271 9.984641e-13 3.836698e-12
603 1.003000 0.001000 6410 9.973661e-13 3.766023e-12
604 1.004000 0.001000 6117 9.931136e-13 3.581942e-12
605 1.005000 0.001000 5931 9.906074e-13 3.597970e-12
606 1.006000 0.001000 5718 9.910061e-13 3.474955e-12
607 1.007000 0.001000 5608 9.901475e-13 3.485040e-12
608 1.008000 0.001000 5475 9.916525e-13 3.615084e-12
609 1.009000 0.001000 5281 9.876257e-13 3.555011e-12
610 1.010000 0.001000 5059 9.906365e-13 3.261686e-12
611 1.011000 0.001000 4936 9.969665e-13 3.154246e-12
612 1.012000 0.001000 4891 9.981090e-13 3.263990e-12
613 1.013000 0.001000 4908 9.979795e-13 3.416257e-12
614 1.014000 0.001000 4929 9.839914e-13 3.424853e-12
615 1.015000 0.001000 4948 9.994405e-13 3.418042e-12
616 1.016000 0.001000 4962 9.716909e-13 3.501099e-12
617 1.017000 0.001000 4944 9.739678e-13 3.567075e-12
618 1.018000 0.001000 4947 9.940568e-13 3.557319e-12
619 1.019000 0.001000 4924 9.876627e-13 3.345289e-12
620 1.020000 0.001000 4874 9.707624e-13 3.119527e-12
621 1.021000 0.001000 4837 9.962485e-13 3.114275e-12
622 1.022000 0.001000 4822 9.952523e-13 3.086646e-12
623 1.023000 0.001000 4804 9.644383e-13 3.110127e-12
624 1.024000 0.001000 4813 9.991500e-13 3.264269e-12
625 1.025000 0.001000 4873 9.933218e-13 3.285537e-12
626 1.026000 0.001000 4935 9.652544e-13 3.343769e-12
627 1.027000 0.001000 4982 9.894698e-13 3.227251e-12
628 1.028000 0.001000 5027 9.888334e-13 3.177716e-12
629 1.029000 0.001000 5071 9.674201e-13 3.140974e-12
630 1.030000 0.001000 5082 9.973244e-13 3.165456e-12
631 1.031000 0.001000 5076 9.681472e-13 3.214984e-12
632 1.032000 0.001000 5043 9.898629e-13 3.127695e-12
633 1.033000 0.001000 5090 9.818521e-13 3.080083e-12
634 1.034000 0.001000 5317 9.832836e-13 3.197214e-12
635 1.035000 0.001000 5589 9.789736e-13 3.527019e-12
636 1.036000 0.001000 6133 9.895694e-13 3.831777e-12
637 1.037000 0.001000 6428 9.996740e-13 4.050182e-12
638 1.038000 0.001000 6607 9.866827e-13 3.722984e-12
639 1.039000 0.001000 6731 9.855304e-13 3.460299e-12
640 1.040000 0.001000 6745 9.904975e-13 3.507870e-12
641 1.041000 0.001000 6712 9.920815e-13 3.589117e-12
642 1.042000 0.001000 6707 9.842198e-13 3.616240e-12
643 1.043000 0.001000 6708 9.889501e-13 3.850357e-12
644 1.044000 0.001000 6740 9.855730e-13 4.019142e-12
645 1.045000 0.001000 6777 9.850156e-13 3.871241e-12
646 1.046000 0.001000 6809 9.861461e-13 3.779350e-12
647 1.047000 0.001000 6797 9.866614e-13 3.911557e-12
648 1.048000 0.001000 6763 9.954571e-13 3.957332e-12
649 1.049000 0.001000 6704 9.908450e-13 4.039261e-12
650 1.050000 0.001000 6480 9.912078e-13 3.975923e-12
651 1.051000 0.001000 6052 9.956369e-13 3.737886e-12
652 1.052000 0.001000 5707 9.952253e-13 3.511365e-12
653 1.053000 0.001000 5502 9.906756e-13 3.352972e-12
654 1.054000 0.001000 5475 9.899507e-13 3.420423e-12
655 1.055000 0.001000 5553 9.866536e-13 3.686526e-12
656 1.056000 0.001000 5610 9.783244e-13 3.669923e-12
657 1.057000 0.001000 5647 9.746947e-13 3.745206e-12
658 1.058000 0.001000 5632 9.700793e-13 3.968051e-12
659 1.059000 0.001000 5578 9.913533e-13 3.799218e-12
660 1.060000 0.001000 5538 9.882154e-13 3.901426e-12
661 1.061000 0.001000 5507 9.856352e-13 3.785098e-12
662 1.062000 0.001000 5573 9.949267e-13 3.783752e-12
663 1.063000 0.001000 5635 9.905027e-13 3.883448e-12
664 1.064000 0.001000 5672 9.790728e-13 4.036430e-12
665 1.065000 0.001000 5638 9.755842e-13 4.025134e-12
666 1.066000 0.001000 5517 9.930762e-13 3.729940e-12
667 1.067000 0.001000 5423 9.928508e-13 3.806500e-12
668 1.068000 0.001000 5230 9.956281e-13 3.861190e-12
669 1.069000 0.001000 4813 9.959237e-13 3.852018e-12
670 1.070000 0.001000 4300 9.988932e-13 3.477595e-12
671 1.071000 0.001000 3705 9.947787e-13 3.276335e-12
672 1.072000 0.001000 3508 9.977040e-13 3.184641e-12
673 1.073000 0.001000 3446 9.885868e-13 3.276781e-12
674 1.074000 0.001000 3393 9.873989e-13 3.192714e-12
675 1.075000 0.001000 3372 9.965411e-13 3.220842e-12
676 1.076000 0.001000 3357 9.916707e-13 3.160490e-12
677 1.077000 0.001000 3356 9.884811e-13 3.264419e-12
678 1.078000 0.001000 3378 9.876439e-13 3.354021e-12
679 1.079000 0.001000 3442 9.884125e-13 3.366686e-12
680 1.080000 0.001000 3594 9.888893e-13 3.678718e-12
681 1.081000 0.001000 3809 9.885992e-13 3.856592e-12
682 1.082000 0.001000 4106 9.992387e-13 3.886088e-12
683 1.083000 0.001000 4403 9.993924e-13 3.800182e-12
684 1.084000 0.001000 4495 9.881289e-13 3.848783e-12
685 1.085000 0.001000 4638 9.958077e-13 4.095917e-12
686 1.086000 0.001000 4727 9.929388e-13 4.108440e-12
687 1.087000 0.001000 4785 9.902123e-13 3.893970e-12
688 1.088000 0.001000 4835 9.952546e-13 3.847545e-12
689 1.089000 0.001000 4896 9.957680e-13 4.121984e-12
690 1.090000 0.001000 4946 9.917509e-13 4.097377e-12
691 1.091000 0.001000 4954 9.850537e-13 3.760793e-12
692 1.092000 0.001000 4976 9.856219e-13 3.630684e-12
693 1.093000 0.001000 5018 9.749862e-13 3.700784e-12
694 1.094000 0.001000 5056 9.977364e-13 3.787361e-12
695 1.095000 0.001000 5180 9.871170e-13 3.794755e-12
696 1.096000 0.001000 5272 9.837679e-13 3.866446e-12
697 1.097000 0.001000 5334 9.928766e-13 3.832383e-12
698 1.098000 0.001000 5431 9.744249e-13 4.040269e-12
699 1.099000 0.001000 5515 9.921796e-13 4.330789e-12
700 1.100000 0.001000 5597 9.875742e-13 4.472588e-12
701 1.101000 0.001000 5649 9.843148e-13 4.360718e-12
702 1.102000 0.001000 5674 9.921002e-13 4.555127e-12
703 1.103000 0.001000 5663 9.959259e-13 4.747034e-12
704 1.104000 0.001000 5651 9.888901e-13 4.810656e-12
705 1.105000 0.001000 5646 9.986320e-13 4.794657e-12
706 1.106000 0.001000 5581 9.845423e-13 4.555471e-12
707 1.107000 0.001000 5448 9.680304e-13 4.537542e-12
708 1.108000 0.001000 5285 9.951433e-13 4.661463e-12
709 1.109000 0.001000 5125 9.691750e-13 4.420859e-12
710 1.110000 0.001000 4948 9.860039e-13 4.454408e-12
711 1.111000 0.001000 4847 9.859133e-13 4.514078e-12
712 1.112000 0.001000 4842 9.857961e-13 4.858539e-12
713 1.113000 0.001000 4848 9.631912e-13 5.207178e-12
714 1.114000 0.001000 4842 9.919056e-13 5.678767e-12
715 1.115000 0.001000 4805 9.638178e-13 5.166514e-12
716 1.116000 0.001000 4782 9.930215e-13 5.096437e-12
717 1.117000 0.001000 4742 9.884748e-13 4.945197e-12
718 1.118000 0.001000 4696 9.872041e-13 4.327723e-12
719 1.119000 0.001000 4664 9.091686e-13 4.100718e-12
720 1.120000 0.001000 4665 9.945254e-13 4.254658e-12
721 1.121000 0.001000 4693 9.884479e-13 4.619846e-12
722 1.122000 0.001000 4694 9.796499e-13 4.672690e-12
723 1.123000 0.001000 4689 9.941599e-13 4.747138e-12
724 1.124000 0.001000 4709 9.718886e-13 5.309120e-12
725 1.125000 0.001000 4722 9.124143e-13 5.306398e-12
726 1.126000 0.001000 4714 9.658369e-13 5.202015e-12
727 1.127000 0.001000 4702 9.409137e-13 5.175914e-12
728 1.128000 0.001000 4703 9.445275e-13 5.186981e-12
729 1.129000 0.001000 4703 9.770026e-13 5.435951e-12
730 1.130000 0.001000 4691 9.954899e-13 5.320872e-12
731 1.131000 0.001000 4695 9.872750e-13 5.071398e-12
732 1.132000 0.001000 4697 9.855104e-13 4.871305e-12
733 1.133000 0.001000 4713 9.995038e-13 4.992871e-12
734 1.134000 0.001000 4727 9.875130e-13 5.117425e-12
735 1.135000 0.001000 4742 9.902671e-13 5.259983e-12
736 1.136000 0.001000 4770 9.874521e-13 5.847721e-12
737 1.137000 0.001000 4780 9.643630e-13 6.041249e-12
738 1.138000 0.001000 4778 9.816701e-13 5.906961e-12
739 1.139000 0.001000 4771 9.758467e-13 5.409172e-12
740 1.140000 0.001000 4772 9.462630e-13 5.483126e-12
741 1.141000 0.001000 4798 9.711947e-13 5.478442e-12
742 1.142000 0.001000 4863 9.923296e-13 5.620629e-12
743 1.143000 0.001000 4948 9.829272e-13 5.601812e-12
744 1.144000 0.001000 4977 9.908643e-13 5.678307e-12
745 1.145000 0.001000 5015 9.614839e-13 5.688937e-12
746 1.146000 0.001000 5057 9.618224e-13 5.910252e-12
747 1.147000 0.001000 5099 9.948445e-13 6.152031e-12
748 1.148000 0.001000 5152 9.997497e-13 5.733885e-12
749 1.149000 0.001000 5200 9.682180e-13 5.896208e-12
750 1.150000 0.001000 5237 9.837664e-13 6.149134e-12
751 1.151000 0.001000 5285 9.495263e-13 6.341561e-12
752 1.152000 0.001000 5341 9.689472e-13 7.278427e-12
753 1.153000 0.001000 5390 9.900203e-13 7.663140e-12
754 1.154000 0.001000 5436 9.504176e-13 7.739789e-12
755 1.155000 0.001000 5458 9.626773e-13 7.594097e-12
756 1.156000 0.001000 5404 9.854589e-13 7.539379e-12
757 1.157000 0.001000 5301 9.826068e-13 7.233278e-12
758 1.158000 0.001000 5180 9.618047e-13 7.076914e-12
759 1.159000 0.001000 5009 9.735051e-13 6.809185e-12
760 1.160000 0.001000 4869 9.791659e-13 6.198021e-12
761 1.161000 0.001000 4774 9.749983e-13 6.242855e-12
762 1.162000 0.001000 4606 9.929461e-13 6.340162e-12
763 1.163000 0.001000 4370 9.948394e-13 6.468844e-12
764 1.164000 0.001000 4104 9.976418e-13 6.389598e-12
765 1.165000 0.001000 3893 9.967876e-13 5.705678e-12
766 1.166000 0.001000 3701 9.848121e-13 5.453972e-12
767 1.167000 0.001000 3602 9.634012e-13 5.424656e-12
768 1.168000 0.001000 3577 9.475957e-13 5.492024e-12
769 1.169000 0.001000 3575 9.738066e-13 6.147418e-12
770 1.170000 0.001000 3569 9.941229e-13 6.768447e-12
771 1.171000 0.001000 3555 9.780189e-13 6.832981e-12
772 1.172000 0.001000 3527 9.786664e-13 7.037260e-12
773 1.173000 0.001000 3488 9.782433e-13 6.755471e-12
774 1.174000 0.001000 3460 9.604639e-13 6.039989e-12
775 1.175000 0.001000 3455 9.831511e-13 5.974638e-12
776 1.176000 0.001000 3455 9.395816e-13 6.129892e-12
777 1.177000 0.001000 3455 9.600186e-13 6.311005e-12
778 1.178000 0.001000 3463 9.787995e-13 6.550231e-12
779 1.179000 0.001000 3464 9.968775e-13 6.858249e-12
780 1.180000 0.001000 3470 9.596979e-13 7.528291e-12
781 1.181000 0.001000 3471 9.263119e-13 7.663221e-12
782 1.182000 0.001000 3470 9.941404e-13 7.470519e-12
783 1.183000 0.001000 3479 9.334901e-13 7.622367e-12
784 1.184000 0.001000 3494 9.158572e-13 7.626170e-12
785 1.185000 0.001000 3513 9.540145e-13 7.823018e-12
786 1.186000 0.001000 3523 9.928752e-13 7.718092e-12
787 1.187000 0.001000 3530 9.500445e-13 7.616976e-12
788 1.188000 0.001000 3551 9.955538e-13 8.166195e-12
789 1.189000 0.001000 3564 9.707708e-13 8.221328e-12
790 1.190000 0.001000 3554 9.743981e-13 7.846314e-12
791 1.191000 0.001000 3557 9.986795e-13 8.360185e-12
792 1.192000 0.001000 3587 9.940783e-13 8.938815e-12
793 1.193000 0.001000 3627 9.953960e-13 9.008193e-12
794 1.194000 0.001000 3683 9.695641e-13 9.562177e-12
795 1.195000 0.001000 3711 9.849353e-13 9.990258e-12
796 1.196000 0.001000 3754 9.710563e-13 1.011907e-11
797 1.197000 0.001000 3772 9.291707e-13 1.017270e-11
798 1.198000 0.001000 3809 9.825245e-13 9.760372e-12
799 1.199000 0.001000 3894 9.726012e-13 1.023809e-11
800 1.200000 0.001000 3950 9.634390e-13 9.971682e-12
801 1.201000 0.001000 4003 9.706232e-13 9.501540e-12
802 1.202000 0.001000 4069 9.563701e-13 1.012333e-11
803 1.203000 0.001000 4109 9.993420e-13 1.112584e-11
804 1.204000 0.001000 4154 9.862274e-13 1.153403e-11
805 1.205000 0.001000 4176 9.678159e-13 1.157243e-11
806 1.206000 0.001000 4204 9.667468e-13 1.221061e-11
807 1.207000 0.001000 4194 9.791039e-13 1.308427e-11
808 1.208000 0.001000 4107 9.997558e-13 1.367346e-11
809 1.209000 0.001000 3989 9.797976e-13 1.259288e-11
810 1.210000 0.001000 3801 9.714705e-13 1.164175e-11
811 1.211000 0.001000 3548 9.861632e-13 1.140485e-11
812 1.212000 0.001000 3332 9.632832e-13 1.172944e-11
813 1.213000 0.001000 3142 9.895719e-13 1.209457e-11
814 1.214000 0.001000 2975 9.999265e-13 1.240840e-11
815 1.215000 0.001000 2842 9.770073e-13 1.159884e-11
816 1.216000 0.001000 2792 9.879838e-13 1.178913e-11
817 1.217000 0.001000 2775 9.259954e-13 1.287182e-11
818 1.218000 0.001000 2760 9.393425e-13 1.336456e-11
819 1.219000 0.001000 2742 9.596931e-13 1.420035e-11
820 1.220000 0.001000 2735 9.848518e-13 1.662658e-11
821 1.221000 0.001000 2729 9.629064e-13 1.747819e-11
822 1.222000 0.001000 2738 9.653803e-13 1.598418e-11
823 1.223000 0.001000 2740 9.127250e-13 1.529937e-11
824 1.224000 0.001000 2729 9.578847e-13 1.439132e-11
825 1.225000 0.001000 2728 9.328443e-13 1.467593e-11
826 1.226000 0.001000 2743 9.964774e-13 1.674061e-11
827 1.227000 0.001000 2750 9.947446e-13 1.849313e-11
828 1.228000 0.001000 2762 9.325200e-13 1.934388e-11
829 1.229000 0.001000 2767 9.805534e-13 1.890407e-11
830 1.230000 0.001000 2776 8.863619e-13 1.782686e-11
831 1.231000 0.001000 2781 9.427658e-13 1.819318e-11
832 1.232000 0.001000 2793 9.316816e-13 2.010225e-11
833 1.233000 0.001000 2812 9.796520e-13 2.086320e-11
834 1.234000 0.001000 2829 9.402212e-13 2.111368e-11
835 1.235000 0.001000 2842 9.822494e-13 2.262500e-11
836 1.236000 0.001000 2860 9.963558e-13 2.410672e-11
837 1.237000 0.001000 2877 9.563644e-13 2.552849e-11
838 1.238000 0.001000 2906 9.842495e-13 2.729925e-11
839 1.239000 0.001000 2919 9.925011e-13 3.057292e-11
840 1.240000 0.001000 2929 9.980477e-13 3.059412e-11
841 1.241000 0.001000 2933 9.664594e-13 3.074819e-11
842 1.242000 0.001000 2933 9.387407e-13 3.153393e-11
843 1.243000 0.001000 2905 9.715541e-13 3.159015e-11
844 1.244000 0.001000 2846 9.927471e-13 3.219023e-11
845 1.245000 0.001000 2763 9.994748e-13 3.346995e-11
846 1.246000 0.001000 2594 9.749119e-13 3.897763e-11
847 1.247000 0.001000 2474 9.545451e-13 4.361753e-11
848 1.248000 0.001000 2339 9.790019e-13 4.928413e-11
849 1.249000 0.001000 2201 9.796534e-13 5.315873e-11
850 1.250000 0.001000 2111 9.615881e-13 5.548302e-11
851 1.251000 0.001000 2094 9.944818e-13 5.833427e-11
852 1.252000 0.001000 2072 9.812903e-13 5.956032e-11
853 1.253000 0.001000 2068 9.883046e-13 6.564983e-11
854 1.254000 0.001000 2046 9.785128e-13 7.390574e-11
855 1.255000 0.001000 1998 9.943494e-13 7.318795e-11
856 1.256000 0.001000 1944 9.918285e-13 7.331335e-11
857 1.257000 0.001000 1897 9.370465e-13 8.243954e-11
858 1.258000 0.001000 1838 9.678769e-13 9.930827e-11
859 1.259000 0.001000 1798 9.778486e-13 1.266375e-10
860 1.260000 0.001000 1659 9.973203e-13 1.538462e-10
861 1.261000 0.001000 1491 9.489143e-13 1.549467e-10
862 1.262000 0.001000 1284 9.947230e-13 1.576796e-10
863 1.263000 0.001000 1057 9.456893e-13 1.614628e-10
864 1.264000 0.001000 921 9.685482e-13 1.803811e-10
865 1.265000 0.001000 786 9.749827e-13 1.458647e-10
866 1.266000 0.001000 647 9.881262e-13 1.338886e-10
867 1.267000 0.001000 514 9.650487e-13 1.471458e-10
868 1.268000 0.001000 433 9.597078e-13 1.149599e-10
869 1.269000 0.001000 373 9.645885e-13 7.919040e-11
870 1.270000 0.001000 331 9.214626e-13 5.995328e-11
871 1.271000 0.001000 299 8.909953e-13 4.856269e-11
872 1.272000 0.001000 275 9.499112e-13 4.117655e-11
873 1.273000 0.001000 255 9.708734e-13 3.585126e-11
874 1.274000 0.001000 238 9.447120e-13 3.179280e-11
875 1.275000 0.001000 222 9.208700e-13 2.856483e-11
876 1.276000 0.001000 208 9.844249e-13 2.603437e-11
877 1.277000 0.001000 199 9.058986e-13 2.387143e-11
878 1.278000 0.001000 190 9.789748e-13 2.208371e-11
879 1.279000 0.001000 183 9.245447e-13 2.058535e-11
880 1.280000 0.001000 176 9.789936e-13 1.930372e-11
881 1.281000 0.001000 170 9.602498e-13 1.817170e-11
882 1.282000 0.001000 165 8.627143e-13 1.718226e-11
883 1.283000 0.001000 159 9.857596e-13 1.632696e-11
884 1.284000 0.001000 154 9.746237e-13 1.547545e-11
885 1.285000 0.001000 150 8.940942e-13 1.470090e-11
886 1.286000 0.001000 146 8.415664e-13 1.401177e-11
887 1.287000 0.001000 142 8.746633e-13 1.341159e-11
888 1.288000 0.001000 138 9.798483e-13 1.286548e-11
889 1.289000 0.001000 135 9.225210e-13 1.237008e-11
890 1.290000 0.001000 132 9.329466e-13 1.194190e-11
891 1.291000 0.001000 129 9.888624e-13 1.152157e-11
892 1.292000 0.001000 127 8.740490e-13 1.108108e-11
893 1.293000 0.001000 124 9.617079e-13 1.076967e-11
894 1.294000 0.001000 122 8.956522e-13 1.039283e-11
895 1.295000 0.001000 120 8.529282e-13 1.004176e-11
896 1.296000 0.001000 118 8.293639e-13 9.727688e-12
897 1.297000 0.001000 116 8.161487e-13 9.426763e-12
898 1.298000 0.001000 114 8.346711e-13 9.162997e-12
899 1.299000 0.001000 112 8.589026e-13 8.939183e-12
900 1.300000 0.001000 110 9.095261e-13 8.731339e-12
901 1.301000 0.001000 108 9.809416e-13 8.532601e-12
902 1.302000 0.001000 107 8.580728e-13 8.273762e-12
903 1.303000 0.001000 105 9.861220e-13 8.154890e-12
904 1.304000 0.001000 104 8.818429e-13 7.902844e-12
905 1.305000 0.001000 103 7.957987e-13 7.683070e-12
906 1.306000 0.001000 101 9.298470e-13 7.547172e-12
907 1.307000 0.001000 100 8.734670e-13 7.350746e-12
908 1.308000 0.001000 99 8.265357e-13 7.193935e-12
909 1.309000 0.001000 98 7.788038e-13 7.023817e-12
910 1.310000 0.001000 97 7.502587e-13 6.866367e-12
911 1.311000 0.001000 95 9.931058e-13 6.836608e-12
912 1.312000 0.001000 94 9.667675e-13 6.698427e-12
913 1.313000 0.001000 93 9.505316e-13 6.561493e-12
914 1.314000 0.001000 92 9.463943e-13 6.446234e-12
915 1.315000 0.001000 91 9.494113e-13 6.318272e-12
916 1.316000 0.001000 90 9.553463e-13 6.212614e-12
917 1.317000 0.001000 89 9.819220e-13 6.099793e-12
918 1.318000 0.001000 89 7.547375e-13 5.876703e-12
919 1.319000 0.001000 88 7.892264e-13 5.800638e-12
920 1.320000 0.001000 87 8.164412e-13 5.719238e-12
921 1.321000 0.001000 86 8.701252e-13 5.677175e-12
922 1.322000 0.001000 85 9.485365e-13 5.608897e-12
923 1.323000 0.001000 85 7.465876e-13 5.410856e-12
924 1.324000 0.001000 84 8.154423e-13 5.356395e-12
925 1.325000 0.001000 83 8.901424e-13 5.294125e-12
926 1.326000 0.001000 82 9.678755e-13 5.277225e-12
927 1.327000 0.001000 82 7.746878e-13 5.088651e-12
928 1.328000 0.001000 81 8.636264e-13 5.063648e-12
929 1.329000 0.001000 80 9.764878e-13 5.096380e-12
930 1.330000 0.001000 80 7.902368e-13 4.909538e-12
931 1.331000 0.001000 79 8.826600e-13 4.893595e-12
932 1.332000 0.001000 79 7.185579e-13 4.732390e-12
933 1.333000 0.001000 78 8.348255e-13 4.748410e-12
934 1.334000 0.001000 77 9.731027e-13 4.786751e-12
935 1.335000 0.001000 77 8.001883e-13 4.611917e-12
936 1.336000 0.001000 76 9.260685e-13 4.636837e-12
937 1.337000 0.001000 76 7.657650e-13 4.474773e-12
938 1.338000 0.001000 75 8.868159e-13 4.495281e-12
939 1.339000 0.001000 75 7.371680e-13 4.345974e-12
940 1.340000 0.001000 74 8.806701e-13 4.381609e-12
941 1.341000 0.001000 74 7.358480e-13 4.237874e-12
942 1.342000 0.001000 73 8.835560e-13 4.304712e-12
943 1.343000 0.001000 73 7.419928e-13 4.160765e-12
944 1.344000 0.001000 72 8.817178e-13 4.214397e-12
945 1.345000 0.001000 72 7.439635e-13 4.072763e-12
946 1.346000 0.001000 71 9.025513e-13 4.119126e-12
947 1.347000 0.001000 71 7.650006e-13 3.981133e-12
948 1.348000 0.001000 70 9.620979e-13 4.119639e-12
949 1.349000 0.001000 70 8.192361e-13 3.967083e-12
950 1.350000 0.001000 70 6.983064e-13 3.842289e-12
951 1.351000 0.001000 69 8.579318e-13 3.907456e-12
952 1.352000 0.001000 69 7.344374e-13 3.779952e-12
953 1.353000 0.001000 68 9.062166e-13 3.880604e-12
954 1.354000 0.001000 68 7.789138e-13 3.745582e-12
955 1.355000 0.001000 68 6.701082e-13 3.633845e-12
956 1.356000 0.001000 67 8.672025e-13 3.725937e-12
957 1.357000 0.001000 67 7.490344e-13 3.604308e-12
958 1.358000 0.001000 66 9.751124e-13 3.757531e-12
959 1.359000 0.001000 66 8.455812e-13 3.616961e-12
960 1.360000 0.001000 66 7.338557e-13 3.500632e-12
961 1.361000 0.001000 65 9.467222e-13 3.617088e-12
962 1.362000 0.001000 65 8.246726e-13 3.488529e-12
963 1.363000 0.001000 65 7.189080e-13 3.381578e-12
964 1.364000 0.001000 64 9.501542e-13 3.534876e-12
965 1.365000 0.001000 64 8.313122e-13 3.407478e-12
966 1.366000 0.001000 64 7.278578e-13 3.301241e-12
967 1.367000 0.001000 63 9.634571e-13 3.472311e-12
968 1.368000 0.001000 63 8.465278e-13 3.345454e-12
969 1.369000 0.001000 63 7.442925e-13 3.239062e-12
970 1.370000 0.001000 62 9.912848e-13 3.445049e-12
971 1.371000 0.001000 62 8.745641e-13 3.312756e-12
972 1.372000 0.001000 62 7.720780e-13 3.201434e-12
973 1.373000 0.001000 62 6.820295e-13 3.107254e-12
974 1.374000 0.001000 61 9.123479e-13 3.248042e-12
975 1.375000 0.001000 61 8.085291e-13 3.135913e-12
976 1.376000 0.001000 61 7.169485e-13 3.040901e-12
977 1.377000 0.001000 60 9.746238e-13 3.219978e-12
978 1.378000 0.001000 60 8.669148e-13 3.101258e-12
979 1.379000 0.001000 60 7.715408e-13 3.000718e-12
980 1.380000 0.001000 60 6.870387e-13 2.915308e-12
981 1.381000 0.001000 59 9.542275e-13 3.090066e-12
982 1.382000 0.001000 59 8.522129e-13 2.980382e-12
983 1.383000 0.001000 59 7.615023e-13 2.887322e-12
984 1.384000 0.001000 59 6.807979e-13 2.807950e-12
985 1.385000 0.001000 58 9.734408e-13 3.025663e-12
986 1.386000 0.001000 58 8.728303e-13 2.915970e-12
987 1.387000 0.001000 58 7.830004e-13 2.822446e-12
988 1.388000 0.001000 58 7.027541e-13 2.742546e-12
989 1.389000 0.001000 57 9.992849e-13 2.979703e-12
990 1.390000 0.001000 57 8.993470e-13 2.867748e-12
991 1.391000 0.001000 57 8.097736e-13 2.771976e-12
992 1.392000 0.001000 57 7.294507e-13 2.689826e-12
993 1.393000 0.001000 57 6.573883e-13 2.619234e-12
994 1.394000 0.001000 56 9.542415e-13 2.885478e-12
995 1.395000 0.001000 56 8.622436e-13 2.781899e-12
996 1.396000 0.001000 56 7.794448e-13 2.692412e-12
997 1.397000 0.001000 56 7.048915e-13 2.615052e-12
998 1.398000 0.001000 56 6.377327e-13 2.547952e-12
999 1.399000 0.001000 55 9.487679e-13 2.817703e-12
1000 1.400000 0.001000 55 8.606191e-13 2.716239e-12
