0 1.000000e+00 8.560614e-01 1.000000e+00 8.560614e-01 1.000000e+00 8.560614e-01 1.000000e+00 8.560614e-01 1.000000e+00 8.560614e-01
10 4.168188e-01 3.655386e-01 4.178032e-01 3.662123e-01 4.192580e-01 3.672071e-01 4.191590e-01 3.671394e-01 4.176455e-01 3.661045e-01
20 2.234902e-01 1.595909e-01 2.242237e-01 1.599747e-01 2.253142e-01 1.605479e-01 2.252398e-01 1.605087e-01 2.241060e-01 1.599131e-01
30 1.571783e-01 1.254324e-01 1.578675e-01 1.259389e-01 1.588987e-01 1.266951e-01 1.588281e-01 1.266434e-01 1.577567e-01 1.258575e-01
40 1.167662e-01 8.250433e-02 1.172506e-01 8.283182e-02 1.179834e-01 8.332775e-02 1.179329e-01 8.329357e-02 1.171724e-01 8.277895e-02
50 9.408805e-02 7.265786e-02 9.442258e-02 7.287270e-02 9.493838e-02 7.320476e-02 9.490249e-02 7.318163e-02 9.436823e-02 7.283776e-02
60 6.988903e-02 5.188964e-02 7.005490e-02 5.202582e-02 7.032479e-02 5.224414e-02 7.030551e-02 5.222865e-02 7.002743e-02 5.200338e-02
70 5.865323e-02 4.147787e-02 5.872407e-02 4.150085e-02 5.885589e-02 4.155443e-02 5.884593e-02 4.155006e-02 5.871172e-02 4.149644e-02
80 4.767231e-02 3.524883e-02 4.766961e-02 3.523048e-02 4.769483e-02 3.522425e-02 4.769205e-02 3.522391e-02 4.766895e-02 3.523263e-02
90 3.941936e-02 2.897217e-02 3.936587e-02 2.892994e-02 3.931769e-02 2.888941e-02 3.931984e-02 2.889136e-02 3.937328e-02 2.893588e-02
100 3.444442e-02 2.500765e-02 3.433332e-02 2.493599e-02 3.420285e-02 2.485353e-02 3.421050e-02 2.485829e-02 3.434984e-02 2.494658e-02
110 3.121041e-02 2.214452e-02 3.104002e-02 2.200904e-02 3.082568e-02 2.183598e-02 3.083890e-02 2.184677e-02 3.106588e-02 2.202970e-02
120 2.802123e-02 2.059766e-02 2.781159e-02 2.044604e-02 2.754374e-02 2.025122e-02 2.756045e-02 2.026342e-02 2.784355e-02 2.046920e-02
130 2.517259e-02 1.827840e-02 2.489095e-02 1.808891e-02 2.452415e-02 1.784260e-02 2.454734e-02 1.785815e-02 2.493415e-02 1.811795e-02
140 2.298882e-02 1.634105e-02 2.265897e-02 1.609798e-02 2.222825e-02 1.577968e-02 2.225554e-02 1.579989e-02 2.270960e-02 1.613532e-02
150 2.113947e-02 1.522173e-02 2.076324e-02 1.494656e-02 2.027190e-02 1.458592e-02 2.030306e-02 1.460884e-02 2.082097e-02 1.498883e-02
160 1.927183e-02 1.398962e-02 1.885053e-02 1.369422e-02 1.830262e-02 1.330932e-02 1.833731e-02 1.333371e-02 1.891506e-02 1.373950e-02
170 1.722409e-02 1.234533e-02 1.675388e-02 1.201191e-02 1.614685e-02 1.158111e-02 1.618514e-02 1.160830e-02 1.682570e-02 1.206286e-02
180 1.613791e-02 1.148871e-02 1.564256e-02 1.112865e-02 1.500609e-02 1.066542e-02 1.504615e-02 1.069459e-02 1.571808e-02 1.118357e-02
190 1.481231e-02 1.080265e-02 1.429211e-02 1.043112e-02 1.362916e-02 9.956055e-03 1.367071e-02 9.985884e-03 1.437118e-02 1.048766e-02
200 1.353979e-02 9.814669e-03 1.298550e-02 9.424475e-03 1.228498e-02 8.930287e-03 1.232870e-02 8.961166e-03 1.306947e-02 9.483639e-03
210 1.263129e-02 8.979206e-03 1.205367e-02 8.564608e-03 1.132915e-02 8.044415e-03 1.137420e-02 8.076768e-03 1.214093e-02 8.627245e-03
220 1.169378e-02 8.427438e-03 1.109508e-02 7.996112e-03 1.035109e-02 7.458903e-03 1.039713e-02 7.492191e-03 1.118520e-02 8.061091e-03
230 1.096197e-02 7.922457e-03 1.034839e-02 7.486548e-03 9.592424e-03 6.948172e-03 9.639005e-03 6.981389e-03 1.044044e-02 7.552007e-03
240 1.022294e-02 7.342971e-03 9.586466e-03 6.892571e-03 8.810176e-03 6.342350e-03 8.857767e-03 6.376109e-03 9.681582e-03 6.959922e-03
250 9.675065e-03 6.878441e-03 9.015156e-03 6.405786e-03 8.217436e-03 5.834412e-03 8.266121e-03 5.869285e-03 9.113432e-03 6.476176e-03
260 9.168828e-03 6.545412e-03 8.497292e-03 6.062624e-03 7.693349e-03 5.484209e-03 7.742172e-03 5.519351e-03 8.596923e-03 6.134273e-03
270 8.719848e-03 6.293080e-03 8.029585e-03 5.801816e-03 7.211449e-03 5.217717e-03 7.260883e-03 5.253067e-03 8.131595e-03 5.874506e-03
280 8.332728e-03 5.981997e-03 7.625756e-03 5.482249e-03 6.796202e-03 4.894570e-03 6.846071e-03 4.929937e-03 7.729824e-03 5.555876e-03
290 8.018137e-03 5.702402e-03 7.286491e-03 5.179100e-03 6.436371e-03 4.571168e-03 6.487224e-03 4.607530e-03 7.393775e-03 5.255828e-03
300 7.688204e-03 5.509896e-03 6.932533e-03 4.969848e-03 6.065158e-03 4.348750e-03 6.116724e-03 4.385711e-03 7.042805e-03 5.048717e-03
310 7.284673e-03 5.232174e-03 6.502461e-03 4.676857e-03 5.619930e-03 4.048412e-03 5.671947e-03 4.085508e-03 6.615823e-03 4.757435e-03
320 6.988718e-03 4.980749e-03 6.181835e-03 4.406458e-03 5.284900e-03 3.767726e-03 5.337378e-03 3.805106e-03 6.298071e-03 4.489206e-03
330 6.654951e-03 4.736509e-03 5.824912e-03 4.144211e-03 4.918836e-03 3.497753e-03 4.971378e-03 3.535237e-03 5.943597e-03 4.228897e-03
340 6.404556e-03 4.598193e-03 5.557222e-03 3.993110e-03 4.646160e-03 3.340542e-03 4.698604e-03 3.378161e-03 5.677622e-03 4.079197e-03
350 6.100845e-03 4.417515e-03 5.232444e-03 3.802407e-03 4.317318e-03 3.149558e-03 4.369489e-03 3.186903e-03 5.354800e-03 3.889338e-03
360 5.845284e-03 4.168235e-03 4.960872e-03 3.539120e-03 4.045768e-03 2.887594e-03 4.097487e-03 2.924432e-03 5.084518e-03 3.627108e-03
370 5.606004e-03 3.987880e-03 4.708343e-03 3.347045e-03 3.796187e-03 2.696163e-03 3.847303e-03 2.732629e-03 4.832867e-03 3.435925e-03
380 5.416061e-03 3.875373e-03 4.507599e-03 3.226247e-03 3.598540e-03 2.575497e-03 3.649118e-03 2.611733e-03 4.632783e-03 3.315769e-03
390 5.183581e-03 3.727587e-03 4.266535e-03 3.075553e-03 3.366696e-03 2.432842e-03 3.416310e-03 2.468353e-03 4.391817e-03 3.164810e-03
400 5.007954e-03 3.585946e-03 4.076066e-03 2.924777e-03 3.177033e-03 2.284870e-03 3.226215e-03 2.319929e-03 4.202426e-03 3.014556e-03
410 4.876479e-03 3.471000e-03 3.934117e-03 2.799174e-03 3.037326e-03 2.159981e-03 3.086076e-03 2.194724e-03 4.061123e-03 2.889710e-03
420 4.719878e-03 3.360249e-03 3.760545e-03 2.675121e-03 2.864219e-03 2.035255e-03 2.912530e-03 2.069735e-03 3.888782e-03 2.766689e-03
430 4.593352e-03 3.293420e-03 3.620545e-03 2.600283e-03 2.726307e-03 1.960742e-03 2.774145e-03 1.995011e-03 3.749634e-03 2.692419e-03
440 4.434243e-03 3.176414e-03 3.445734e-03 2.474404e-03 2.556855e-03 1.840621e-03 2.603931e-03 1.874247e-03 3.575597e-03 2.566799e-03
450 4.322542e-03 3.077782e-03 3.318498e-03 2.362395e-03 2.431477e-03 1.730401e-03 2.478076e-03 1.763602e-03 3.449337e-03 2.455618e-03
460 4.180679e-03 2.976440e-03 3.161593e-03 2.248999e-03 2.281872e-03 1.621374e-03 2.327611e-03 1.653996e-03 3.292970e-03 2.342758e-03
470 4.051415e-03 2.905952e-03 3.019978e-03 2.170914e-03 2.149366e-03 1.547659e-03 2.194185e-03 1.579805e-03 3.151545e-03 2.264880e-03
480 3.940415e-03 2.824521e-03 2.897324e-03 2.084238e-03 2.034959e-03 1.468918e-03 2.078952e-03 1.500382e-03 3.029067e-03 2.177977e-03
490 3.853215e-03 2.743080e-03 2.798221e-03 1.991188e-03 1.941611e-03 1.380895e-03 1.984966e-03 1.411778e-03 2.930318e-03 2.085319e-03
500 3.785434e-03 2.706309e-03 2.721911e-03 1.947979e-03 1.870880e-03 1.339679e-03 1.913680e-03 1.370302e-03 2.854138e-03 2.042378e-03
510 3.700771e-03 2.647266e-03 2.621483e-03 1.879407e-03 1.775657e-03 1.275369e-03 1.817808e-03 1.305519e-03 2.754320e-03 1.974091e-03
520 3.625870e-03 2.589482e-03 2.532394e-03 1.811851e-03 1.692449e-03 1.212881e-03 1.733944e-03 1.242506e-03 2.665663e-03 1.906755e-03
530 3.569197e-03 2.547559e-03 2.460002e-03 1.759979e-03 1.622905e-03 1.163822e-03 1.663938e-03 1.193084e-03 2.594023e-03 1.855279e-03
540 3.526920e-03 2.512899e-03 2.405128e-03 1.712383e-03 1.570584e-03 1.117064e-03 1.611235e-03 1.146055e-03 2.539716e-03 1.808412e-03
550 3.479286e-03 2.487024e-03 2.341325e-03 1.677573e-03 1.509726e-03 1.083709e-03 1.549916e-03 1.112457e-03 2.476652e-03 1.774026e-03
560 3.438233e-03 2.453615e-03 2.283451e-03 1.633352e-03 1.454169e-03 1.042480e-03 1.493942e-03 1.070857e-03 2.419591e-03 1.730202e-03
570 3.392653e-03 2.416618e-03 2.215028e-03 1.576963e-03 1.388076e-03 9.876058e-04 1.427349e-03 1.015588e-03 2.352315e-03 1.674829e-03
580 3.363933e-03 2.398967e-03 2.170562e-03 1.547863e-03 1.345440e-03 9.589687e-04 1.384362e-03 9.867523e-04 2.308601e-03 1.646353e-03
590 3.330632e-03 2.376401e-03 2.117336e-03 1.512594e-03 1.294870e-03 9.257155e-04 1.333336e-03 9.531871e-04 2.256275e-03 1.611631e-03
600 3.305497e-03 2.357843e-03 2.071370e-03 1.481098e-03 1.250064e-03 8.957425e-04 1.288167e-03 9.229370e-04 2.211376e-03 1.580724e-03
610 3.285134e-03 2.340527e-03 2.030713e-03 1.446955e-03 1.210220e-03 8.623953e-04 1.247998e-03 8.893126e-04 2.171768e-03 1.547442e-03
620 3.267095e-03 2.328404e-03 1.988599e-03 1.415950e-03 1.168258e-03 8.308275e-04 1.205711e-03 8.575318e-04 2.130956e-03 1.517523e-03
630 3.249726e-03 2.318455e-03 1.948910e-03 1.393891e-03 1.130130e-03 8.097061e-04 1.167204e-03 8.361985e-04 2.092315e-03 1.496025e-03
640 3.235114e-03 2.307129e-03 1.907790e-03 1.365315e-03 1.089794e-03 7.822466e-04 1.126495e-03 8.084583e-04 2.052516e-03 1.468252e-03
650 3.223692e-03 2.297020e-03 1.864691e-03 1.328885e-03 1.046741e-03 7.460450e-04 1.083062e-03 7.719290e-04 2.011057e-03 1.433167e-03
660 3.213047e-03 2.289340e-03 1.819503e-03 1.294925e-03 1.002573e-03 7.126940e-04 1.038440e-03 7.382426e-04 1.967515e-03 1.400477e-03
670 3.204572e-03 2.285141e-03 1.780871e-03 1.274123e-03 9.660641e-04 6.926205e-04 1.001480e-03 7.179437e-04 1.930148e-03 1.380424e-03
680 3.193217e-03 2.277796e-03 1.719075e-03 1.239285e-03 9.092790e-04 6.606105e-04 9.438973e-04 6.854850e-04 1.870205e-03 1.346609e-03
690 3.185018e-03 2.269817e-03 1.666524e-03 1.191187e-03 8.626600e-04 6.180127e-04 8.965317e-04 6.422003e-04 1.818999e-03 1.299725e-03
700 3.178698e-03 2.265419e-03 1.623005e-03 1.156274e-03 8.254810e-04 5.876192e-04 8.586824e-04 6.112899e-04 1.776359e-03 1.265623e-03
710 3.173390e-03 2.261997e-03 1.584954e-03 1.131906e-03 7.939807e-04 5.673985e-04 8.265634e-04 5.906744e-04 1.738891e-03 1.241638e-03
720 3.167963e-03 2.258116e-03 1.539830e-03 1.104858e-03 7.576781e-04 5.459374e-04 7.894929e-04 5.687410e-04 1.694269e-03 1.214835e-03
730 3.164087e-03 2.254790e-03 1.489332e-03 1.065634e-03 7.170745e-04 5.144718e-04 7.480378e-04 5.366103e-04 1.644317e-03 1.176024e-03
740 3.161367e-03 2.252749e-03 1.454925e-03 1.035648e-03 6.905467e-04 4.910730e-04 7.208957e-04 5.126852e-04 1.610047e-03 1.146215e-03
750 3.158562e-03 2.251130e-03 1.406378e-03 1.005533e-03 6.539062e-04 4.680604e-04 6.833696e-04 4.891326e-04 1.561517e-03 1.116165e-03
760 3.156339e-03 2.249573e-03 1.361979e-03 9.800417e-04 6.216109e-04 4.495345e-04 6.502342e-04 4.701218e-04 1.516850e-03 1.090525e-03
770 3.154110e-03 2.247703e-03 1.302768e-03 9.356658e-04 5.800777e-04 4.184780e-04 6.075488e-04 4.381960e-04 1.456889e-03 1.045591e-03
780 3.152595e-03 2.246516e-03 1.251738e-03 8.906447e-04 5.455089e-04 3.876826e-04 5.719665e-04 4.065146e-04 1.404861e-03 9.997576e-04
790 3.150729e-03 2.245292e-03 1.197393e-03 8.555228e-04 5.110754e-04 3.653291e-04 5.364041e-04 3.834341e-04 1.348821e-03 9.635639e-04
800 3.149185e-03 2.244308e-03 1.143613e-03 8.236851e-04 4.780598e-04 3.457689e-04 5.022638e-04 3.632056e-04 1.292983e-03 9.305305e-04
810 3.147725e-03 2.243145e-03 1.091540e-03 7.847225e-04 4.473138e-04 3.228281e-04 4.704168e-04 3.394362e-04 1.238491e-03 8.897654e-04
820 3.146636e-03 2.242245e-03 1.051864e-03 7.480882e-04 4.242613e-04 3.014188e-04 4.465287e-04 3.172577e-04 1.196782e-03 8.512904e-04
830 3.145566e-03 2.241624e-03 1.016059e-03 7.287448e-04 4.042298e-04 2.903674e-04 4.257327e-04 3.057982e-04 1.158883e-03 8.308760e-04
840 3.144429e-03 2.240816e-03 9.781387e-04 7.024235e-04 3.833963e-04 2.761556e-04 4.040895e-04 2.910173e-04 1.118571e-03 8.028440e-04
850 3.143299e-03 2.239959e-03 9.450022e-04 6.753066e-04 3.652024e-04 2.613113e-04 3.851939e-04 2.755972e-04 1.083281e-03 7.739591e-04
860 3.141819e-03 2.238810e-03 9.082765e-04 6.462716e-04 3.450518e-04 2.453575e-04 3.642705e-04 2.590329e-04 1.044107e-03 7.429952e-04
870 3.140434e-03 2.237848e-03 8.777494e-04 6.264520e-04 3.290383e-04 2.347654e-04 3.476031e-04 2.480201e-04 1.011303e-03 7.217510e-04
880 3.138265e-03 2.236581e-03 8.375609e-04 6.028038e-04 3.081982e-04 2.225046e-04 3.259031e-04 2.352524e-04 9.679839e-04 6.962691e-04
890 3.136085e-03 2.235069e-03 8.056494e-04 5.780700e-04 2.919822e-04 2.100828e-04 3.090023e-04 2.222968e-04 9.334416e-04 6.694599e-04
900 3.133163e-03 2.232806e-03 7.703239e-04 5.497813e-04 2.744233e-04 1.960206e-04 2.906827e-04 2.076250e-04 8.950374e-04 6.387101e-04
910 3.129644e-03 2.230030e-03 7.373342e-04 5.240001e-04 2.581451e-04 1.831792e-04 2.736952e-04 1.942312e-04 8.590909e-04 6.106550e-04
920 3.126036e-03 2.228173e-03 7.065913e-04 5.082180e-04 2.438387e-04 1.758358e-04 2.587180e-04 1.865431e-04 8.252830e-04 5.933022e-04
930 3.119852e-03 2.224099e-03 6.659273e-04 4.799457e-04 2.249583e-04 1.627597e-04 2.389553e-04 1.728521e-04 7.804827e-04 5.621472e-04
940 3.115007e-03 2.219569e-03 6.391567e-04 4.545511e-04 2.129974e-04 1.513298e-04 2.264107e-04 1.608693e-04 7.507930e-04 5.340147e-04
950 3.108394e-03 2.215012e-03 6.077619e-04 4.330763e-04 1.993614e-04 1.419350e-04 2.120895e-04 1.510065e-04 7.157945e-04 5.100983e-04
960 3.102486e-03 2.211863e-03 5.842123e-04 4.204495e-04 1.892529e-04 1.365034e-04 2.014679e-04 1.452996e-04 6.894687e-04 4.959910e-04
970 3.093790e-03 2.205897e-03 5.547396e-04 3.989123e-04 1.767667e-04 1.275138e-04 1.883407e-04 1.358398e-04 6.564272e-04 4.718029e-04
980 3.085839e-03 2.198823e-03 5.320696e-04 3.786512e-04 1.672095e-04 1.189229e-04 1.782913e-04 1.268094e-04 6.309719e-04 4.490717e-04
990 3.075654e-03 2.191794e-03 5.065803e-04 3.613956e-04 1.568243e-04 1.118336e-04 1.673516e-04 1.193450e-04 6.021904e-04 4.296102e-04
1000 3.063892e-03 2.184939e-03 4.812865e-04 3.462781e-04 1.468181e-04 1.058333e-04 1.567950e-04 1.130157e-04 5.734868e-04 4.124656e-04
1010 3.050818e-03 2.176939e-03 4.573113e-04 3.306853e-04 1.373543e-04 9.976515e-05 1.468111e-04 1.066084e-04 5.462448e-04 3.947189e-04
1020 3.037909e-03 2.165198e-03 4.368466e-04 3.119050e-04 1.292657e-04 9.237036e-05 1.382794e-04 9.880676e-05 5.229813e-04 3.733602e-04
1030 3.025616e-03 2.155938e-03 4.195211e-04 2.988202e-04 1.226272e-04 8.726953e-05 1.312652e-04 9.342245e-05 5.031917e-04 3.584511e-04
1040 3.010631e-03 2.147677e-03 4.007448e-04 2.884012e-04 1.154736e-04 8.327612e-05 1.237048e-04 8.920333e-05 4.817173e-04 3.465461e-04
1050 2.991984e-03 2.134639e-03 3.802660e-04 2.736515e-04 1.079256e-04 7.787008e-05 1.157130e-04 8.347738e-05 4.581765e-04 3.295806e-04
1060 2.975474e-03 2.121137e-03 3.640997e-04 2.603644e-04 1.018164e-04 7.290972e-05 1.092541e-04 7.822950e-05 4.396511e-04 3.143280e-04
1070 2.966160e-03 2.113466e-03 3.556560e-04 2.532923e-04 9.865024e-05 7.018116e-05 1.059050e-04 7.534775e-05 4.299646e-04 3.062497e-04
1080 2.952557e-03 2.106186e-03 3.441640e-04 2.469591e-04 9.440996e-05 6.785198e-05 1.014154e-04 7.288118e-05 4.167519e-04 2.989651e-04
1090 2.940086e-03 2.097130e-03 3.341399e-04 2.398055e-04 9.054587e-05 6.518166e-05 9.733324e-05 7.005545e-05 4.053061e-04 2.907557e-04
1100 2.926975e-03 2.085759e-03 3.242607e-04 2.311410e-04 8.678951e-05 6.187914e-05 9.336119e-05 6.656378e-05 3.940091e-04 2.808513e-04
1110 2.916699e-03 2.078030e-03 3.166641e-04 2.253751e-04 8.376783e-05 5.954538e-05 9.017270e-05 6.410333e-05 3.853916e-04 2.743293e-04
1120 2.906414e-03 2.072477e-03 3.094554e-04 2.213642e-04 8.097479e-05 5.798739e-05 8.722063e-05 6.245686e-05 3.771877e-04 2.697665e-04
1130 2.892370e-03 2.062674e-03 2.998578e-04 2.146869e-04 7.717567e-05 5.534559e-05 8.320812e-05 5.966675e-05 3.663186e-04 2.622025e-04
1140 2.880892e-03 2.054519e-03 2.923376e-04 2.094095e-04 7.423440e-05 5.333575e-05 8.009858e-05 5.753918e-05 3.577983e-04 2.561947e-04
1150 2.867412e-03 2.043141e-03 2.837395e-04 2.021054e-04 7.086589e-05 5.046761e-05 7.653650e-05 5.450659e-05 3.480736e-04 2.479366e-04
1160 2.858716e-03 2.037716e-03 2.782773e-04 1.985412e-04 6.872971e-05 4.902711e-05 7.427662e-05 5.298521e-05 3.419030e-04 2.439328e-04
1170 2.846520e-03 2.031195e-03 2.706269e-04 1.945565e-04 6.570648e-05 4.748793e-05 7.107878e-05 5.135545e-05 3.332916e-04 2.394272e-04
1180 2.832582e-03 2.019077e-03 2.619948e-04 1.871258e-04 6.232357e-05 4.458821e-05 6.749727e-05 4.828506e-05 3.235842e-04 2.310613e-04
1190 2.811981e-03 2.003609e-03 2.501237e-04 1.780706e-04 5.790254e-05 4.119225e-05 6.280285e-05 4.468038e-05 3.101460e-04 2.208231e-04
1200 2.788727e-03 1.990346e-03 2.380814e-04 1.710183e-04 5.371962e-05 3.870928e-05 5.834441e-05 4.203577e-05 2.963756e-04 2.127760e-04
1210 2.756134e-03 1.970460e-03 2.231267e-04 1.617049e-04 4.886771e-05 3.565932e-05 5.315474e-05 3.877477e-05 2.790933e-04 2.020306e-04
1220 2.725645e-03 1.946231e-03 2.104594e-04 1.515337e-04 4.492843e-05 3.249175e-05 4.893309e-05 3.538010e-05 2.643491e-04 1.901967e-04
1230 2.692780e-03 1.918334e-03 1.985168e-04 1.412819e-04 4.145467e-05 2.948544e-05 4.519799e-05 3.214903e-05 2.502922e-04 1.781451e-04
1240 2.654178e-03 1.892749e-03 1.859752e-04 1.328572e-04 3.794676e-05 2.710699e-05 4.141999e-05 2.958880e-05 2.354189e-04 1.681680e-04
1250 2.613134e-03 1.871175e-03 1.744570e-04 1.266631e-04 3.492153e-05 2.547587e-05 3.815190e-05 2.782670e-05 2.216081e-04 1.607481e-04
1260 2.545674e-03 1.820119e-03 1.581977e-04 1.140496e-04 3.083227e-05 2.229356e-05 3.372674e-05 2.438308e-05 2.019361e-04 1.455028e-04
1270 2.496708e-03 1.778223e-03 1.480265e-04 1.053003e-04 2.836979e-05 2.016835e-05 3.105807e-05 2.208030e-05 1.895287e-04 1.348358e-04
1280 2.420960e-03 1.730356e-03 1.346708e-04 9.672517e-05 2.530229e-05 1.818141e-05 2.772549e-05 1.992272e-05 1.730754e-04 1.242857e-04
1290 2.346788e-03 1.687310e-03 1.235227e-04 9.006305e-05 2.283211e-05 1.670200e-05 2.503800e-05 1.831312e-05 1.592345e-04 1.160223e-04
1300 2.262193e-03 1.622883e-03 1.126512e-04 8.158765e-05 2.051162e-05 1.489703e-05 2.250924e-05 1.634560e-05 1.456340e-04 1.054222e-04
1310 2.175739e-03 1.549990e-03 1.029035e-04 7.328772e-05 1.845930e-05 1.314518e-05 2.027214e-05 1.443625e-05 1.333870e-04 9.499929e-05
1320 2.126650e-03 1.518817e-03 9.793577e-05 7.006767e-05 1.743868e-05 1.247026e-05 1.915835e-05 1.370061e-05 1.271155e-04 9.094473e-05
1330 2.047546e-03 1.469080e-03 9.051773e-05 6.536653e-05 1.591900e-05 1.151265e-05 1.750014e-05 1.265529e-05 1.177346e-04 8.499670e-05
1340 1.977679e-03 1.418379e-03 8.450221e-05 6.096565e-05 1.469618e-05 1.062177e-05 1.616556e-05 1.168269e-05 1.101100e-04 7.941692e-05
1350 1.889248e-03 1.347949e-03 7.753650e-05 5.538170e-05 1.329898e-05 9.503907e-06 1.463977e-05 1.046178e-05 1.012551e-04 7.231759e-05
1360 1.810100e-03 1.290677e-03 7.188835e-05 5.123886e-05 1.219565e-05 8.682987e-06 1.343321e-05 9.564824e-06 9.404302e-05 6.703731e-05
1370 1.714509e-03 1.233244e-03 6.565641e-05 4.746083e-05 1.100249e-05 7.959947e-06 1.212710e-05 8.773292e-06 8.605649e-05 6.219607e-05
1380 1.634464e-03 1.175617e-03 6.082153e-05 4.394882e-05 1.008727e-05 7.296965e-06 1.112474e-05 8.047034e-06 7.984567e-05 5.768373e-05
1390 1.545991e-03 1.114477e-03 5.583710e-05 4.048497e-05 9.155986e-06 6.653917e-06 1.010411e-05 7.341990e-06 7.342719e-05 5.322053e-05
1400 1.481555e-03 1.054206e-03 5.235451e-05 3.721664e-05 8.500461e-06 6.039114e-06 9.386096e-06 6.668553e-06 6.894408e-05 4.901310e-05
1410 1.403035e-03 1.003555e-03 4.838309e-05 3.463041e-05 7.773467e-06 5.560899e-06 8.588512e-06 6.144224e-06 6.381132e-05 4.567484e-05
1420 1.337536e-03 9.639937e-04 4.518482e-05 3.270147e-05 7.185745e-06 5.208899e-06 7.943920e-06 5.757995e-06 5.967801e-05 4.317993e-05
1430 1.276556e-03 9.194547e-04 4.231086e-05 3.061127e-05 6.660550e-06 4.831609e-06 7.367721e-06 5.343752e-06 5.596031e-05 4.047201e-05
1440 1.208166e-03 8.594255e-04 3.916849e-05 2.784194e-05 6.084585e-06 4.322607e-06 6.735930e-06 4.785510e-06 5.189630e-05 3.689173e-05
1450 1.162235e-03 8.297324e-04 3.714081e-05 2.651318e-05 5.719576e-06 4.079949e-06 6.335105e-06 4.519268e-06 4.926750e-05 3.517230e-05
1460 1.081289e-03 7.804629e-04 3.372697e-05 2.442869e-05 5.118790e-06 3.713444e-06 5.674481e-06 4.116229e-06 4.482797e-05 3.246140e-05
1470 1.019239e-03 7.334263e-04 3.120993e-05 2.252544e-05 4.681599e-06 3.385078e-06 5.193388e-06 3.754740e-06 4.154837e-05 2.997946e-05
1480 9.687183e-04 6.903569e-04 2.921945e-05 2.082623e-05 4.339311e-06 3.093061e-06 4.816514e-06 3.433203e-06 3.895101e-05 2.776206e-05
1490 9.239632e-04 6.623820e-04 2.749387e-05 1.972597e-05 4.044694e-06 2.901292e-06 4.491991e-06 3.222226e-06 3.669703e-05 2.632877e-05
1500 8.749039e-04 6.348040e-04 2.565119e-05 1.869991e-05 3.734169e-06 2.730887e-06 4.149681e-06 3.034211e-06 3.428584e-05 2.498369e-05
1510 8.107532e-04 5.844367e-04 2.329345e-05 1.684363e-05 3.339427e-06 2.420516e-06 3.714367e-06 2.691908e-06 3.119778e-05 2.255212e-05
1520 7.662872e-04 5.448859e-04 2.170641e-05 1.542395e-05 3.077949e-06 2.185281e-06 3.425743e-06 2.432340e-06 2.911462e-05 2.069000e-05
1530 7.213760e-04 5.182321e-04 2.016297e-05 1.450363e-05 2.830637e-06 2.037096e-06 3.152310e-06 2.268550e-06 2.708110e-05 1.947822e-05
1540 6.681964e-04 4.834456e-04 1.836540e-05 1.332364e-05 2.543978e-06 1.848890e-06 2.835296e-06 2.060413e-06 2.471094e-05 1.792250e-05
1550 6.235387e-04 4.489721e-04 1.689985e-05 1.219667e-05 2.314687e-06 1.673783e-06 2.581447e-06 1.866468e-06 2.277345e-05 1.643139e-05
1560 5.866305e-04 4.174901e-04 1.569840e-05 1.116822e-05 2.126479e-06 1.512180e-06 2.373107e-06 1.687609e-06 2.118513e-05 1.507235e-05
1570 5.598066e-04 4.014031e-04 1.484305e-05 1.064646e-05 1.994655e-06 1.430239e-06 2.227037e-06 1.596916e-06 2.005199e-05 1.438281e-05
1580 5.314851e-04 3.836527e-04 1.394508e-05 1.009079e-05 1.856354e-06 1.346020e-06 2.073785e-06 1.503500e-06 1.886222e-05 1.364509e-05
1590 5.048602e-04 3.621773e-04 1.310040e-05 9.411794e-06 1.725769e-06 1.241493e-06 1.929110e-06 1.387666e-06 1.774373e-05 1.274549e-05
1600 4.829841e-04 3.441440e-04 1.240300e-05 8.838040e-06 1.617180e-06 1.152346e-06 1.808848e-06 1.288924e-06 1.682124e-05 1.198633e-05
1610 4.694527e-04 3.341446e-04 1.196680e-05 8.510915e-06 1.548582e-06 1.100192e-06 1.732912e-06 1.231236e-06 1.624518e-05 1.155514e-05
1620 4.498700e-04 3.232650e-04 1.133528e-05 8.156187e-06 1.449549e-06 1.044008e-06 1.623252e-06 1.169058e-06 1.541121e-05 1.108734e-05
1630 4.349660e-04 3.120339e-04 1.084923e-05 7.799815e-06 1.372824e-06 9.891196e-07 1.538312e-06 1.108209e-06 1.477021e-05 1.061573e-05
1640 4.198146e-04 2.993971e-04 1.035419e-05 7.386915e-06 1.294974e-06 9.241849e-07 1.452092e-06 1.036295e-06 1.411738e-05 1.007120e-05
1650 4.082455e-04 2.905832e-04 9.959842e-06 7.082755e-06 1.231098e-06 8.744284e-07 1.381452e-06 9.812972e-07 1.359989e-05 9.672657e-06
1660 3.978444e-04 2.852251e-04 9.615455e-06 6.903603e-06 1.177111e-06 8.461191e-07 1.321625e-06 9.499402e-07 1.314613e-05 9.436876e-06
1670 3.818402e-04 2.742346e-04 9.070521e-06 6.533726e-06 1.090593e-06 7.878006e-07 1.225794e-06 8.853222e-07 1.243009e-05 8.950271e-06
1680 3.728263e-04 2.663402e-04 8.764871e-06 6.269562e-06 1.042746e-06 7.468440e-07 1.172742e-06 8.398876e-07 1.202798e-05 8.602219e-06
1690 3.648643e-04 2.598570e-04 8.486953e-06 6.040645e-06 9.986392e-07 7.101984e-07 1.123865e-06 7.992975e-07 1.166336e-05 8.302285e-06
1700 3.589513e-04 2.563682e-04 8.265809e-06 5.904668e-06 9.622745e-07 6.872416e-07 1.083631e-06 7.739317e-07 1.137515e-05 8.125827e-06
1710 3.513119e-04 2.515090e-04 7.978380e-06 5.727420e-06 9.155544e-07 6.589436e-07 1.031891e-06 7.425654e-07 1.100034e-05 7.893982e-06
1720 3.432218e-04 2.453168e-04 7.659102e-06 5.486025e-06 8.632802e-07 6.195640e-07 9.739946e-07 6.989457e-07 1.058525e-05 7.579872e-06
1730 3.371190e-04 2.402157e-04 7.424988e-06 5.290284e-06 8.262633e-07 5.885949e-07 9.329110e-07 6.645755e-07 1.027956e-05 7.324298e-06
1740 3.326609e-04 2.373253e-04 7.244743e-06 5.167017e-06 7.973028e-07 5.682113e-07 9.007878e-07 6.419984e-07 1.004508e-05 7.164727e-06
1750 3.273446e-04 2.346761e-04 7.023082e-06 5.062882e-06 7.617884e-07 5.519698e-07 8.613757e-07 6.239509e-07 9.757033e-06 7.028743e-06
1760 3.218155e-04 2.302280e-04 6.766958e-06 4.865758e-06 7.196582e-07 5.199648e-07 8.146638e-07 5.884471e-07 9.426373e-06 6.773507e-06
1770 3.166651e-04 2.256152e-04 6.523592e-06 4.646529e-06 6.805508e-07 4.845407e-07 7.712319e-07 5.491181e-07 9.111665e-06 6.490229e-06
1780 3.110454e-04 2.217075e-04 6.255202e-06 4.456457e-06 6.385371e-07 4.545565e-07 7.244945e-07 5.157754e-07 8.763721e-06 6.244156e-06
1790 3.068459e-04 2.192761e-04 6.062088e-06 4.345408e-06 6.096520e-07 4.379594e-07 6.922783e-07 4.972637e-07 8.511833e-06 6.099274e-06
1800 3.007064e-04 2.154198e-04 5.766619e-06 4.162192e-06 5.658469e-07 4.107369e-07 6.433904e-07 4.668870e-07 8.126429e-06 5.860290e-06
1810 2.954722e-04 2.108403e-04 5.516297e-06 3.945901e-06 5.299897e-07 3.798072e-07 6.032962e-07 4.322995e-07 7.798454e-06 5.576789e-06
1820 2.877290e-04 2.052227e-04 5.172942e-06 3.690558e-06 4.838011e-07 3.450238e-07 5.514800e-07 3.933040e-07 7.344242e-06 5.239689e-06
1830 2.800759e-04 2.010812e-04 4.857608e-06 3.515687e-06 4.437793e-07 3.225252e-07 5.064519e-07 3.680078e-07 6.923171e-06 5.006723e-06
1840 2.721736e-04 1.952474e-04 4.557078e-06 3.294908e-06 4.076009e-07 2.959867e-07 4.656449e-07 3.380677e-07 6.518234e-06 4.709276e-06
1850 2.638780e-04 1.888858e-04 4.246655e-06 3.056557e-06 3.708172e-07 2.677357e-07 4.241372e-07 3.061862e-07 6.098474e-06 4.387074e-06
1860 2.551312e-04 1.821252e-04 3.946418e-06 2.822941e-06 3.369907e-07 2.413213e-07 3.858747e-07 2.763125e-07 5.688866e-06 4.068567e-06
1870 2.450128e-04 1.745278e-04 3.627944e-06 2.581161e-06 3.026733e-07 2.150993e-07 3.469788e-07 2.466030e-07 5.250747e-06 3.736274e-06
1880 2.351514e-04 1.701353e-04 3.350390e-06 2.453855e-06 2.744167e-07 2.019601e-07 3.148639e-07 2.316791e-07 4.865072e-06 3.559823e-06
1890 2.226782e-04 1.608631e-04 3.031157e-06 2.212570e-06 2.430876e-07 1.782221e-07 2.792030e-07 2.046580e-07 4.418119e-06 3.222355e-06
1900 2.123061e-04 1.513190e-04 2.790377e-06 1.989283e-06 2.203325e-07 1.570815e-07 2.532586e-07 1.805557e-07 4.078478e-06 2.907545e-06
1910 2.014830e-04 1.438307e-04 2.558836e-06 1.827310e-06 1.990346e-07 1.420538e-07 2.289486e-07 1.634114e-07 3.750001e-06 2.678026e-06
1920 1.904562e-04 1.379311e-04 2.342122e-06 1.709608e-06 1.797093e-07 1.315292e-07 2.068588e-07 1.513820e-07 3.440706e-06 2.510175e-06
1930 1.718671e-04 1.253205e-04 2.012258e-06 1.481064e-06 1.512606e-07 1.117344e-07 1.742923e-07 1.287248e-07 2.966746e-06 2.182169e-06
1940 1.612221e-04 1.151279e-04 1.839754e-06 1.315024e-06 1.367762e-07 9.780791e-08 1.576925e-07 1.127625e-07 2.717497e-06 1.942280e-06
1950 1.505884e-04 1.070811e-04 1.677989e-06 1.191902e-06 1.234718e-07 8.762336e-08 1.424303e-07 1.010833e-07 2.482831e-06 1.763800e-06
1960 1.410451e-04 1.014987e-04 1.538542e-06 1.109402e-06 1.120400e-07 8.079448e-08 1.293168e-07 9.325447e-08 2.280225e-06 1.644084e-06
1970 1.300442e-04 9.571794e-05 1.386809e-06 1.029073e-06 9.989602e-08 7.441616e-08 1.153686e-07 8.592411e-08 2.058885e-06 1.526843e-06
1980 1.144667e-04 8.271178e-05 1.183927e-06 8.581340e-07 8.391694e-08 6.092140e-08 9.700220e-08 7.041473e-08 1.761976e-06 1.276805e-06
1990 1.048960e-04 7.482611e-05 1.066112e-06 7.606142e-07 7.483655e-08 5.339238e-08 8.655341e-08 6.175189e-08 1.588920e-06 1.133602e-06
2000 9.517002e-05 6.765541e-05 9.508289e-07 6.753542e-07 6.606913e-08 4.688379e-08 7.645800e-08 5.425923e-08 1.419182e-06 1.008126e-06
2010 8.575652e-05 6.322196e-05 8.436785e-07 6.243872e-07 5.808396e-08 4.306902e-08 6.725281e-08 4.986261e-08 1.260933e-06 9.329068e-07
2020 7.640769e-05 5.566328e-05 7.405879e-07 5.410820e-07 5.049212e-08 3.697030e-08 5.849581e-08 4.282503e-08 1.108366e-06 8.095504e-07
2030 7.026949e-05 5.000444e-05 6.742144e-07 4.796453e-07 4.562626e-08 3.244997e-08 5.288208e-08 3.761111e-08 1.010043e-06 7.185821e-07
2040 6.473508e-05 4.609418e-05 6.154256e-07 4.379119e-07 4.135225e-08 2.939730e-08 4.794887e-08 3.408896e-08 9.228435e-07 6.567253e-07
2050 6.019219e-05 4.306096e-05 5.671668e-07 4.056234e-07 3.780884e-08 2.702003e-08 4.386160e-08 3.134728e-08 8.513356e-07 6.088973e-07
2060 5.581527e-05 4.044897e-05 5.216886e-07 3.787074e-07 3.453494e-08 2.510565e-08 4.008047e-08 2.913459e-08 7.837826e-07 5.688608e-07
2070 5.183495e-05 3.725368e-05 4.801526e-07 3.455384e-07 3.150831e-08 2.270587e-08 3.658764e-08 2.636393e-08 7.221690e-07 5.196161e-07
2080 4.923662e-05 3.501482e-05 4.530873e-07 3.220044e-07 2.953343e-08 2.097124e-08 3.430866e-08 2.436344e-08 6.820289e-07 4.847572e-07
2090 4.597346e-05 3.306065e-05 4.190113e-07 3.014602e-07 2.703484e-08 1.945415e-08 3.142605e-08 2.261392e-08 6.315266e-07 4.543371e-07
2100 4.328902e-05 3.120853e-05 3.908433e-07 2.820854e-07 2.495768e-08 1.803036e-08 2.903023e-08 2.097139e-08 5.898186e-07 4.256357e-07
2110 3.994475e-05 2.869294e-05 3.563195e-07 2.562955e-07 2.245874e-08 1.617758e-08 2.614440e-08 1.883081e-08 5.385908e-07 3.873304e-07
2120 3.719471e-05 2.652898e-05 3.280235e-07 2.340198e-07 2.041725e-08 1.457038e-08 2.378624e-08 1.697431e-08 4.965931e-07 3.542682e-07
2130 3.434140e-05 2.443764e-05 2.994687e-07 2.129882e-07 1.841894e-08 1.309006e-08 2.147360e-08 1.526174e-08 4.540518e-07 3.229578e-07
2140 3.161833e-05 2.275374e-05 2.726211e-07 1.962934e-07 1.656803e-08 1.193194e-08 1.932961e-08 1.392073e-08 4.139781e-07 2.980581e-07
2150 2.939553e-05 2.146362e-05 2.510086e-07 1.838485e-07 1.509896e-08 1.109501e-08 1.762646e-08 1.294979e-08 3.816608e-07 2.794253e-07
2160 2.703510e-05 1.929354e-05 2.281690e-07 1.629041e-07 1.355248e-08 9.680707e-09 1.583318e-08 1.130951e-08 3.474911e-07 2.480802e-07
2170 2.553097e-05 1.817138e-05 2.137415e-07 1.520411e-07 1.258454e-08 8.944430e-09 1.471013e-08 1.045577e-08 3.258821e-07 2.318310e-07
2180 2.341302e-05 1.668464e-05 1.936279e-07 1.379252e-07 1.124915e-08 8.007716e-09 1.315976e-08 9.368215e-09 2.957170e-07 2.106599e-07
2190 2.108325e-05 1.528899e-05 1.719933e-07 1.248899e-07 9.847458e-09 7.158014e-09 1.153000e-08 8.380612e-09 2.631707e-07 1.910659e-07
2200 1.895056e-05 1.386021e-05 1.526829e-07 1.119813e-07 8.628249e-09 6.346143e-09 1.011027e-08 7.434963e-09 2.340221e-07 1.715727e-07
2210 1.729729e-05 1.229724e-05 1.380228e-07 9.808492e-08 7.721591e-09 5.484226e-09 9.053245e-09 6.430266e-09 2.118315e-07 1.505460e-07
2220 1.550711e-05 1.107945e-05 1.225022e-07 8.748573e-08 6.782920e-09 4.840204e-09 7.957485e-09 5.678681e-09 1.882678e-07 1.344633e-07
2230 1.430025e-05 1.041211e-05 1.121480e-07 8.176591e-08 6.162053e-09 4.497938e-09 7.232391e-09 5.278898e-09 1.725276e-07 1.257665e-07
2240 1.274698e-05 9.246886e-06 9.898770e-08 7.191733e-08 5.382225e-09 3.916667e-09 6.321040e-09 4.599407e-09 1.524891e-07 1.107643e-07
2250 1.166189e-05 8.287319e-06 8.977214e-08 6.377860e-08 4.832872e-09 3.432316e-09 5.679314e-09 4.033553e-09 1.384649e-07 9.837622e-08
2260 1.086199e-05 7.794066e-06 8.311225e-08 5.962590e-08 4.444745e-09 3.187104e-09 5.225293e-09 3.746944e-09 1.283012e-07 9.204900e-08
2270 9.622074e-06 7.023918e-06 7.287468e-08 5.325655e-08 3.852907e-09 2.818394e-09 4.532655e-09 3.315465e-09 1.126606e-07 8.232010e-08
2280 8.677271e-06 6.405302e-06 6.518821e-08 4.824030e-08 3.415425e-09 2.534342e-09 4.020188e-09 2.982611e-09 1.008936e-07 7.463667e-08
2290 7.542100e-06 5.409322e-06 5.611195e-08 4.026489e-08 2.908265e-09 2.088080e-09 3.425453e-09 2.459330e-09 8.696560e-08 6.240044e-08
2300 6.935878e-06 4.979105e-06 5.130976e-08 3.681982e-08 2.642269e-09 1.894702e-09 3.113374e-09 2.232639e-09 7.958741e-08 5.711582e-08
2310 6.244976e-06 4.585713e-06 4.589568e-08 3.375834e-08 2.345868e-09 1.728705e-09 2.765379e-09 2.037623e-09 7.125657e-08 5.239989e-08
2320 5.467985e-06 3.959042e-06 3.981465e-08 2.885469e-08 2.012890e-09 1.460347e-09 2.374458e-09 1.722553e-09 6.189873e-08 4.485353e-08
2330 4.891897e-06 3.492410e-06 3.538041e-08 2.525923e-08 1.774678e-09 1.266964e-09 2.094467e-09 1.495270e-09 5.505877e-08 3.930824e-08
2340 4.320267e-06 3.089992e-06 3.102366e-08 2.217496e-08 1.543112e-09 1.101874e-09 1.822115e-09 1.301190e-09 4.832906e-08 3.454807e-08
2350 3.795573e-06 2.838475e-06 2.709824e-08 2.029941e-08 1.339015e-09 1.004898e-09 1.581744e-09 1.186933e-09 4.224917e-08 3.164149e-08
2360 3.255694e-06 2.397307e-06 2.306621e-08 1.701109e-08 1.129318e-09 8.344008e-10 1.334797e-09 9.861073e-10 3.600335e-08 2.654606e-08
2370 2.848566e-06 2.044884e-06 2.006370e-08 1.440660e-08 9.754589e-10 7.006069e-10 1.153441e-09 8.284267e-10 3.134381e-08 2.250541e-08
2380 2.523470e-06 1.793818e-06 1.767466e-08 1.255911e-08 8.533989e-10 6.060571e-10 1.009546e-09 7.169749e-10 2.763462e-08 1.963760e-08
2390 2.294126e-06 1.663801e-06 1.600108e-08 1.160434e-08 7.686224e-10 5.572988e-10 9.095498e-10 6.594931e-10 2.503354e-08 1.815512e-08
2400 1.960231e-06 1.452476e-06 1.357421e-08 1.007434e-08 6.462298e-10 4.805602e-10 7.651464e-10 5.689210e-10 2.125960e-08 1.577440e-08
2410 1.732350e-06 1.246303e-06 1.191967e-08 8.580381e-09 5.628484e-10 4.054683e-10 6.667667e-10 4.803070e-10 1.868635e-08 1.345019e-08
2420 1.521670e-06 1.083994e-06 1.041176e-08 7.412499e-09 4.882326e-10 3.472779e-10 5.786269e-10 4.116000e-10 1.633608e-08 1.163137e-08
2430 1.342361e-06 9.650454e-07 9.129348e-09 6.560471e-09 4.247998e-10 3.050521e-10 5.036963e-10 3.617266e-10 1.433712e-08 1.030357e-08
2440 1.176964e-06 8.701145e-07 7.959803e-09 5.891074e-09 3.677881e-10 2.725512e-10 4.362881e-10 3.232885e-10 1.251094e-08 9.257889e-09
2450 1.018225e-06 7.264705e-07 6.843695e-09 4.882606e-09 3.137506e-10 2.238284e-10 3.723696e-10 2.656484e-10 1.076674e-08 7.681533e-09
2460 9.321064e-07 6.638289e-07 6.241636e-09 4.442372e-09 2.848041e-10 2.025163e-10 3.381154e-10 2.404396e-10 9.825075e-09 6.993526e-09
2470 8.491560e-07 6.093049e-07 5.659603e-09 4.059229e-09 2.566897e-10 1.839741e-10 3.048554e-10 2.185063e-10 8.915237e-09 6.394728e-09
2480 7.744233e-07 5.659882e-07 5.135765e-09 3.758060e-09 2.314409e-10 1.696124e-10 2.749806e-10 2.015017e-10 8.096213e-09 5.923263e-09
2490 7.116957e-07 5.100521e-07 4.688562e-09 3.362396e-09 2.094450e-10 1.503339e-10 2.489869e-10 1.787060e-10 7.398759e-09 5.305469e-09
2500 6.667905e-07 4.747286e-07 4.371759e-09 3.110218e-09 1.940943e-10 1.379355e-10 2.308280e-10 1.640528e-10 6.903853e-09 4.912216e-09
2510 6.182172e-07 4.449611e-07 4.027575e-09 2.899294e-09 1.773512e-10 1.276754e-10 2.110261e-10 1.519183e-10 6.366487e-09 4.582904e-09
2520 5.661262e-07 4.117615e-07 3.658500e-09 2.664136e-09 1.594469e-10 1.162676e-10 1.898455e-10 1.384230e-10 5.790177e-09 4.215697e-09
2530 4.990449e-07 3.616219e-07 3.191245e-09 2.315487e-09 1.372843e-10 9.976522e-11 1.635896e-10 1.188702e-10 5.058641e-09 3.669713e-09
2540 4.649356e-07 3.307249e-07 2.953972e-09 2.100339e-09 1.260570e-10 8.957225e-11 1.502867e-10 1.067936e-10 4.687074e-09 3.332846e-09
2550 4.298269e-07 3.082643e-07 2.714447e-09 1.946117e-09 1.149976e-10 8.239604e-11 1.371623e-10 9.828164e-11 4.310879e-09 3.090856e-09
2560 3.974077e-07 2.893294e-07 2.491412e-09 1.816864e-09 1.046004e-10 7.642672e-11 1.248311e-10 9.119791e-11 3.961005e-09 2.887864e-09
2570 3.683858e-07 2.670408e-07 2.290368e-09 1.663455e-09 9.517162e-11 6.928158e-11 1.136520e-10 8.272289e-11 3.645910e-09 2.647211e-09
2580 3.329815e-07 2.373544e-07 2.048979e-09 1.459738e-09 8.408374e-11 5.985310e-11 1.004884e-10 7.153440e-11 3.266660e-09 2.327449e-09
2590 3.027133e-07 2.201531e-07 1.845517e-09 1.343660e-09 7.489959e-11 5.459007e-11 8.957312e-11 6.528115e-11 2.946315e-09 2.144791e-09
2600 2.703714e-07 1.969574e-07 1.632733e-09 1.191658e-09 6.553922e-11 4.793843e-11 7.843083e-11 5.736046e-11 2.610229e-09 1.904563e-09
2610 2.436240e-07 1.730113e-07 1.457921e-09 1.034531e-09 5.790079e-11 4.104097e-11 6.933498e-11 4.914923e-11 2.333860e-09 1.656296e-09
2620 2.284335e-07 1.643588e-07 1.360041e-09 9.784830e-10 5.369488e-11 3.861719e-11 6.432145e-11 4.626122e-11 2.178794e-09 1.567572e-09
2630 2.000917e-07 1.461121e-07 1.178994e-09 8.624081e-10 4.599001e-11 3.370540e-11 5.513187e-11 4.040069e-11 1.891613e-09 1.383333e-09
2640 1.825070e-07 1.319103e-07 1.066379e-09 7.716457e-10 4.117927e-11 2.983777e-11 4.939562e-11 3.578836e-11 1.713054e-09 1.239378e-09
2650 1.635156e-07 1.164052e-07 9.475613e-10 6.743019e-10 3.624248e-11 2.577660e-11 4.349901e-11 3.093874e-11 1.524012e-09 1.084580e-09
2660 1.468107e-07 1.046293e-07 8.438831e-10 6.010139e-10 3.197106e-11 2.274696e-11 3.839465e-11 2.731916e-11 1.358871e-09 9.678937e-10
2670 1.341834e-07 9.911257e-08 7.663692e-10 5.672296e-10 2.881765e-11 2.137758e-11 3.462344e-11 2.568092e-11 1.235209e-09 9.139749e-10
2680 1.190120e-07 8.528767e-08 6.733620e-10 4.828217e-10 2.503679e-11 1.796428e-11 3.010175e-11 2.159758e-11 1.086806e-09 7.792100e-10
2690 1.109350e-07 7.955959e-08 6.243390e-10 4.475690e-10 2.306779e-11 1.652412e-11 2.774519e-11 1.987579e-11 1.008470e-09 7.229938e-10
2700 9.998136e-08 7.286110e-08 5.580856e-10 4.072513e-10 2.041679e-11 1.492097e-11 2.457167e-11 1.795581e-11 9.025481e-10 6.584887e-10
2710 9.112839e-08 6.564209e-08 5.047653e-10 3.639073e-10 1.829521e-11 1.320299e-11 2.203100e-11 1.589793e-11 8.172475e-10 5.891158e-10
2720 8.216169e-08 5.877967e-08 4.508604e-10 3.227101e-10 1.615593e-11 1.157076e-11 1.946870e-11 1.394284e-11 7.309867e-10 5.231766e-10
2730 7.611459e-08 5.494929e-08 4.148746e-10 2.995940e-10 1.474606e-11 1.064980e-11 1.777866e-11 1.284003e-11 6.733124e-10 4.862047e-10
2740 6.702876e-08 4.931400e-08 3.619277e-10 2.668006e-10 1.272377e-11 9.400180e-12 1.535068e-11 1.133938e-11 5.881908e-10 4.334712e-10
2750 5.910087e-08 4.233022e-08 3.158835e-10 2.263425e-10 1.096990e-11 7.864120e-12 1.324471e-11 9.494606e-12 5.141341e-10 3.683741e-10
2760 5.389067e-08 3.826313e-08 2.862306e-10 2.030785e-10 9.867409e-12 6.993794e-12 1.191891e-11 8.448361e-12 4.662985e-10 3.308733e-10
2770 4.848351e-08 3.507149e-08 2.553587e-10 1.847745e-10 8.714218e-12 6.306392e-12 1.053258e-11 7.622352e-12 4.165218e-10 3.013798e-10
2780 4.388127e-08 3.200192e-08 2.293853e-10 1.675766e-10 7.757738e-12 5.678956e-12 9.381703e-12 6.866973e-12 3.745712e-10 2.735723e-10
2790 3.820032e-08 2.736650e-08 1.977894e-10 1.417579e-10 6.613846e-12 4.742717e-12 8.003902e-12 5.739283e-12 3.234305e-10 2.317914e-10
2800 3.443264e-08 2.455403e-08 1.769610e-10 1.261100e-10 5.864555e-12 4.175320e-12 7.101063e-12 5.056018e-12 2.896893e-10 2.064663e-10
2810 3.024018e-08 2.234343e-08 1.543346e-10 1.141957e-10 5.073866e-12 3.760009e-12 6.146628e-12 4.554543e-12 2.529052e-10 1.870926e-10
2820 2.644082e-08 1.909102e-08 1.338482e-10 9.672696e-11 4.357307e-12 3.152213e-12 5.281777e-12 3.820835e-12 2.195988e-10 1.586748e-10
2830 2.442692e-08 1.741534e-08 1.230468e-10 8.767321e-11 3.981779e-12 2.834562e-12 4.828367e-12 3.437370e-12 2.020247e-10 1.439607e-10
2840 2.202524e-08 1.572870e-08 1.102301e-10 7.867662e-11 3.538703e-12 2.523769e-12 4.293219e-12 3.062138e-12 1.811566e-10 1.293113e-10
2850 2.000163e-08 1.452952e-08 9.941627e-11 7.224753e-11 3.164398e-12 2.300374e-12 3.841158e-12 2.792281e-12 1.635529e-10 1.188503e-10
2860 1.772065e-08 1.308349e-08 8.737704e-11 6.464654e-11 2.754123e-12 2.042795e-12 3.345168e-12 2.480711e-12 1.439179e-10 1.064459e-10
2870 1.585510e-08 1.130988e-08 7.757593e-11 5.534970e-11 2.421884e-12 1.728600e-12 2.943390e-12 2.100758e-12 1.279224e-10 9.126827e-11
2880 1.464681e-08 1.044030e-08 7.126898e-11 5.076477e-11 2.209897e-12 1.572540e-12 2.686893e-12 1.912080e-12 1.176192e-10 8.378950e-11
2890 1.320119e-08 9.520520e-09 6.381007e-11 4.601824e-11 1.962724e-12 1.415254e-12 2.387558e-12 1.721608e-12 1.054132e-10 7.602216e-11
2900 1.181376e-08 8.692794e-09 5.669897e-11 4.179142e-11 1.729009e-12 1.276992e-12 2.104376e-12 1.553990e-12 9.376467e-11 6.909434e-11
2910 1.060986e-08 7.581148e-09 5.054589e-11 3.612092e-11 1.527394e-12 1.091747e-12 1.860045e-12 1.329482e-12 8.368144e-11 5.979920e-11
2920 9.876588e-09 7.027819e-09 4.686810e-11 3.332615e-11 1.409689e-12 1.001499e-12 1.717190e-12 1.219929e-12 7.763750e-11 5.521125e-11
2930 9.183513e-09 6.619949e-09 4.335855e-11 3.125389e-11 1.295972e-12 9.340637e-13 1.579286e-12 1.138164e-12 7.187842e-11 5.181233e-11
2940 8.618010e-09 6.255865e-09 4.049705e-11 2.943767e-11 1.203420e-12 8.764450e-13 1.467032e-12 1.068250e-12 6.718206e-11 4.882531e-11
2950 7.918634e-09 5.629997e-09 3.693038e-11 2.624950e-11 1.087068e-12 7.725489e-13 1.325981e-12 9.422246e-13 6.133489e-11 4.359767e-11
2960 7.365426e-09 5.354370e-09 3.414597e-11 2.483696e-11 9.977867e-13 7.262698e-13 1.217629e-12 8.862183e-13 5.676095e-11 4.128358e-11
2970 6.509255e-09 4.724159e-09 2.991909e-11 2.173780e-11 8.654157e-13 6.297367e-13 1.056748e-12 7.688354e-13 4.979748e-11 3.617470e-11
2980 6.090669e-09 4.350212e-09 2.783918e-11 1.988696e-11 7.997488e-13 5.716182e-13 9.769791e-13 6.981785e-13 4.637428e-11 3.312672e-11
2990 5.763561e-09 4.106687e-09 2.621642e-11 1.866668e-11 7.486470e-13 5.327482e-13 9.148921e-13 6.509897e-13 4.370276e-11 3.112083e-11
3000 5.404764e-09 3.864824e-09 2.441279e-11 1.744909e-11 6.910500e-13 4.938567e-13 8.449702e-13 6.037132e-13 4.073897e-11 2.912049e-11
3010 5.034185e-09 3.672061e-09 2.255095e-11 1.648984e-11 6.318457e-13 4.637243e-13 7.730709e-13 5.671439e-13 3.767873e-11 2.754161e-11
3020 4.652107e-09 3.353958e-09 2.063043e-11 1.490094e-11 5.709094e-13 4.136206e-13 6.990534e-13 5.061736e-13 3.452178e-11 2.492756e-11
3030 4.428175e-09 3.148112e-09 1.950059e-11 1.385267e-11 5.350445e-13 3.800544e-13 6.554861e-13 4.654578e-13 3.266517e-11 2.320735e-11
3040 4.090163e-09 2.961750e-09 1.783040e-11 1.292527e-11 4.833858e-13 3.511805e-13 5.926314e-13 4.302284e-13 2.991200e-11 2.167978e-11
3050 3.660388e-09 2.657532e-09 1.575551e-11 1.145899e-11 4.209741e-13 3.072464e-13 5.165640e-13 3.767348e-13 2.647994e-11 1.925414e-11
3060 3.359029e-09 2.390779e-09 1.431946e-11 1.018826e-11 3.784173e-13 2.696834e-13 4.646503e-13 3.308399e-13 2.410004e-11 1.714814e-11
3070 3.112096e-09 2.223309e-09 1.316437e-11 9.399954e-12 3.448882e-13 2.466362e-13 4.236990e-13 3.027352e-13 2.218066e-11 1.583926e-11
3080 2.880738e-09 2.084612e-09 1.208114e-11 8.750767e-12 3.134013e-13 2.279314e-13 3.852461e-13 2.797912e-13 2.038091e-11 1.476059e-11
3090 2.613347e-09 1.925954e-09 1.082276e-11 8.004191e-12 2.766466e-13 2.060234e-13 3.403722e-13 2.533103e-13 1.829157e-11 1.352108e-11
3100 2.375246e-09 1.706504e-09 9.737303e-12 7.001895e-12 2.461000e-13 1.779177e-13 3.029931e-13 2.187801e-13 1.648097e-11 1.184969e-11
3110 2.119808e-09 1.514380e-09 8.586675e-12 6.135597e-12 2.141130e-13 1.539442e-13 2.638246e-13 1.892585e-13 1.455845e-11 1.040234e-11
3120 1.971556e-09 1.405625e-09 7.926560e-12 5.647273e-12 1.959895e-13 1.405229e-13 2.416159e-13 1.728208e-13 1.345370e-11 9.586333e-12
3130 1.775539e-09 1.283519e-09 7.066369e-12 5.111722e-12 1.727474e-13 1.261969e-13 2.131078e-13 1.550741e-13 1.201113e-11 8.687767e-12
3140 1.581942e-09 1.157824e-09 6.218703e-12 4.560604e-12 1.498802e-13 1.113995e-13 1.850578e-13 1.370955e-13 1.058916e-11 7.763426e-12
3150 1.435770e-09 1.031954e-09 5.594614e-12 4.024249e-12 1.335210e-13 9.767051e-14 1.649559e-13 1.198388e-13 9.538447e-12 6.860390e-12
3160 1.268099e-09 9.098954e-10 4.888791e-12 3.506845e-12 1.152864e-13 8.438875e-14 1.425308e-13 1.035365e-13 8.347799e-12 5.988290e-12
3170 1.129296e-09 8.348489e-10 4.318641e-12 3.198022e-12 1.009536e-13 7.680389e-14 1.248753e-13 9.397224e-14 7.382653e-12 5.465616e-12
3180 1.004390e-09 7.294386e-10 3.810762e-12 2.771506e-12 9.704931e-14 7.133737e-14 1.092825e-13 8.143992e-14 6.521775e-12 4.742219e-12
3190 9.336258e-10 6.688559e-10 3.520008e-12 2.522886e-12 9.704931e-14 7.133737e-14 1.002361e-13 7.377487e-14 6.029738e-12 4.321352e-12
3200 8.701861e-10 6.194014e-10 3.259851e-12 2.319009e-12 9.704931e-14 7.133737e-14 9.981816e-14 7.470193e-14 5.589360e-12 3.976384e-12
3210 8.034360e-10 5.828061e-10 2.988235e-12 2.169543e-12 9.704931e-14 7.133737e-14 9.981816e-14 7.470193e-14 5.129048e-12 3.723396e-12
3220 7.118052e-10 5.176464e-10 2.618441e-12 1.907420e-12 9.704931e-14 7.133737e-14 9.981816e-14 7.470193e-14 4.501588e-12 3.278398e-12
3230 6.648034e-10 4.750151e-10 2.430219e-12 1.737116e-12 9.704931e-14 7.133737e-14 9.981816e-14 7.470193e-14 4.181854e-12 2.988919e-12
3240 6.010731e-10 4.292464e-10 2.177808e-12 1.554676e-12 9.704931e-14 7.133737e-14 9.981816e-14 7.470193e-14 3.752386e-12 2.678684e-12
3250 5.342387e-10 3.897491e-10 1.915844e-12 1.399383e-12 9.704931e-14 7.133737e-14 9.981816e-14 7.470193e-14 3.305991e-12 2.414216e-12
3260 4.753877e-10 3.476481e-10 1.691632e-12 1.239167e-12 9.704931e-14 7.133737e-14 9.981816e-14 7.470193e-14 2.922331e-12 2.140045e-12
3270 4.050624e-10 2.914710e-10 1.426659e-12 1.027410e-12 9.704931e-14 7.133737e-14 9.981816e-14 7.470193e-14 2.468246e-12 1.777055e-12
3280 3.749854e-10 2.664809e-10 1.313803e-12 9.332746e-13 9.704931e-14 7.133737e-14 9.981816e-14 7.470193e-14 2.274747e-12 1.615798e-12
3290 3.497771e-10 2.525540e-10 1.220178e-12 8.814839e-13 9.704931e-14 7.133737e-14 9.981816e-14 7.470193e-14 2.113977e-12 1.526977e-12
3300 3.205647e-10 2.322772e-10 1.110385e-12 8.056440e-13 9.704931e-14 7.133737e-14 9.981816e-14 7.470193e-14 1.925782e-12 1.396672e-12
3310 2.959429e-10 2.123253e-10 1.019800e-12 7.324251e-13 9.704931e-14 7.133737e-14 9.981816e-14 7.470193e-14 1.770015e-12 1.270735e-12
3320 2.646033e-10 1.881201e-10 9.040627e-13 6.426342e-13 9.704931e-14 7.133737e-14 9.981816e-14 7.470193e-14 1.571120e-12 1.116610e-12
3330 2.488599e-10 1.800123e-10 8.468832e-13 6.129412e-13 9.704931e-14 7.133737e-14 9.981816e-14 7.470193e-14 1.472611e-12 1.065298e-12
3340 2.285710e-10 1.654950e-10 7.738662e-13 5.613566e-13 9.704931e-14 7.133737e-14 9.981816e-14 7.470193e-14 1.346649e-12 9.762505e-13
3350 2.117443e-10 1.516064e-10 7.111413e-13 5.099331e-13 9.704931e-14 7.133737e-14 9.981816e-14 7.470193e-14 1.239002e-12 8.878813e-13
3360 2.015451e-10 1.433955e-10 6.735036e-13 4.792700e-13 9.704931e-14 7.133737e-14 9.981816e-14 7.470193e-14 1.174307e-12 8.352537e-13
3370 1.771174e-10 1.269047e-10 5.837677e-13 4.186964e-13 9.704931e-14 7.133737e-14 9.981816e-14 7.470193e-14 1.019940e-12 7.310073e-13
3380 1.602214e-10 1.169864e-10 5.227934e-13 3.829180e-13 9.704931e-14 7.133737e-14 9.981816e-14 7.470193e-14 9.147653e-13 6.692553e-13
3390 1.454134e-10 1.046330e-10 4.705537e-13 3.395488e-13 9.704931e-14 7.133737e-14 9.981816e-14 7.470193e-14 8.243546e-13 5.941187e-13
3400 1.315377e-10 9.357912e-11 4.214192e-13 3.004042e-13 9.704931e-14 7.133737e-14 9.981816e-14 7.470193e-14 7.393651e-13 5.262026e-13
3410 1.226953e-10 8.815758e-11 3.908072e-13 2.815461e-13 9.704931e-14 7.133737e-14 9.981816e-14 7.470193e-14 6.862381e-13 4.936021e-13
3420 1.096666e-10 8.009941e-11 3.457229e-13 2.538285e-13 9.704931e-14 7.133737e-14 9.981816e-14 7.470193e-14 6.079901e-13 4.452715e-13
3430 9.842778e-11 7.237054e-11 3.072705e-13 2.273872e-13 9.704931e-14 7.133737e-14 9.981816e-14 7.470193e-14 5.411413e-13 3.992830e-13
3440 8.854191e-11 6.371614e-11 2.738091e-13 1.983333e-13 9.704931e-14 7.133737e-14 9.981816e-14 7.470193e-14 4.828788e-13 3.485413e-13
3450 8.087785e-11 5.741178e-11 2.480487e-13 1.771658e-13 9.704931e-14 7.133737e-14 9.981816e-14 7.470193e-14 4.379794e-13 3.114415e-13
3460 6.867492e-11 5.018773e-11 2.082209e-13 1.537160e-13 9.704931e-14 7.133737e-14 9.981816e-14 7.470193e-14 3.682636e-13 2.703075e-13
3470 5.615480e-11 4.122927e-11 1.681814e-13 1.253453e-13 9.704931e-14 7.133737e-14 9.981816e-14 7.470193e-14 2.979770e-13 2.200614e-13
3480 4.665790e-11 3.386704e-11 1.385739e-13 1.028261e-13 9.704931e-14 7.133737e-14 9.981816e-14 7.470193e-14 2.458134e-13 1.799920e-13
3490 3.867641e-11 2.744658e-11 1.141049e-13 8.353274e-14 9.704931e-14 7.133737e-14 9.981816e-14 7.470193e-14 2.026021e-13 1.453716e-13
3500 3.341851e-11 2.403614e-11 9.997289e-14 7.366821e-14 9.704931e-14 7.133737e-14 9.981816e-14 7.470193e-14 1.742158e-13 1.272446e-13
3510 3.001127e-11 2.231942e-11 9.997289e-14 7.366821e-14 9.704931e-14 7.133737e-14 9.981816e-14 7.470193e-14 1.560070e-13 1.183236e-13
3520 2.454580e-11 1.827561e-11 9.997289e-14 7.366821e-14 9.704931e-14 7.133737e-14 9.981816e-14 7.470193e-14 1.267757e-13 9.711564e-14
3530 1.976893e-11 1.416509e-11 9.997289e-14 7.366821e-14 9.704931e-14 7.133737e-14 9.981816e-14 7.470193e-14 1.014017e-13 7.609628e-14
3540 1.718215e-11 1.222085e-11 9.997289e-14 7.366821e-14 9.704931e-14 7.133737e-14 9.981816e-14 7.470193e-14 9.992714e-14 7.775673e-14
3550 1.451914e-11 1.066528e-11 9.997289e-14 7.366821e-14 9.704931e-14 7.133737e-14 9.981816e-14 7.470193e-14 9.992714e-14 7.775673e-14
3560 1.210416e-11 9.046479e-12 9.997289e-14 7.366821e-14 9.704931e-14 7.133737e-14 9.981816e-14 7.470193e-14 9.992714e-14 7.775673e-14
3570 1.050569e-11 7.601137e-12 9.997289e-14 7.366821e-14 9.704931e-14 7.133737e-14 9.981816e-14 7.470193e-14 9.992714e-14 7.775673e-14
3580 9.415699e-12 6.743839e-12 9.997289e-14 7.366821e-14 9.704931e-14 7.133737e-14 9.981816e-14 7.470193e-14 9.992714e-14 7.775673e-14
3590 8.056102e-12 6.046194e-12 9.997289e-14 7.366821e-14 9.704931e-14 7.133737e-14 9.981816e-14 7.470193e-14 9.992714e-14 7.775673e-14
3600 6.374199e-12 4.732932e-12 9.997289e-14 7.366821e-14 9.704931e-14 7.133737e-14 9.981816e-14 7.470193e-14 9.992714e-14 7.775673e-14
3610 5.264130e-12 3.847715e-12 9.997289e-14 7.366821e-14 9.704931e-14 7.133737e-14 9.981816e-14 7.470193e-14 9.992714e-14 7.775673e-14
3620 4.449535e-12 3.160400e-12 9.997289e-14 7.366821e-14 9.704931e-14 7.133737e-14 9.981816e-14 7.470193e-14 9.992714e-14 7.775673e-14
3630 3.683992e-12 2.742587e-12 9.997289e-14 7.366821e-14 9.704931e-14 7.133737e-14 9.981816e-14 7.470193e-14 9.992714e-14 7.775673e-14
3640 3.037449e-12 2.267032e-12 9.997289e-14 7.366821e-14 9.704931e-14 7.133737e-14 9.981816e-14 7.470193e-14 9.992714e-14 7.775673e-14
3650 2.686275e-12 1.940343e-12 9.997289e-14 7.366821e-14 9.704931e-14 7.133737e-14 9.981816e-14 7.470193e-14 9.992714e-14 7.775673e-14
3660 2.357182e-12 1.681310e-12 9.997289e-14 7.366821e-14 9.704931e-14 7.133737e-14 9.981816e-14 7.470193e-14 9.992714e-14 7.775673e-14
3670 2.105251e-12 1.508364e-12 9.997289e-14 7.366821e-14 9.704931e-14 7.133737e-14 9.981816e-14 7.470193e-14 9.992714e-14 7.775673e-14
3680 1.808233e-12 1.384681e-12 9.997289e-14 7.366821e-14 9.704931e-14 7.133737e-14 9.981816e-14 7.470193e-14 9.992714e-14 7.775673e-14
3690 1.380506e-12 1.076932e-12 9.997289e-14 7.366821e-14 9.704931e-14 7.133737e-14 9.981816e-14 7.470193e-14 9.992714e-14 7.775673e-14
3700 1.100892e-12 8.115122e-13 9.997289e-14 7.366821e-14 9.704931e-14 7.133737e-14 9.981816e-14 7.470193e-14 9.992714e-14 7.775673e-14
3710 9.207323e-13 6.765328e-13 9.997289e-14 7.366821e-14 9.704931e-14 7.133737e-14 9.981816e-14 7.470193e-14 9.992714e-14 7.775673e-14
3720 8.132781e-13 6.228050e-13 9.997289e-14 7.366821e-14 9.704931e-14 7.133737e-14 9.981816e-14 7.470193e-14 9.992714e-14 7.775673e-14
3730 6.823155e-13 5.327010e-13 9.997289e-14 7.366821e-14 9.704931e-14 7.133737e-14 9.981816e-14 7.470193e-14 9.992714e-14 7.775673e-14
3740 5.956882e-13 4.634792e-13 9.997289e-14 7.366821e-14 9.704931e-14 7.133737e-14 9.981816e-14 7.470193e-14 9.992714e-14 7.775673e-14
3750 5.383695e-13 4.217200e-13 9.997289e-14 7.366821e-14 9.704931e-14 7.133737e-14 9.981816e-14 7.470193e-14 9.992714e-14 7.775673e-14
3760 4.567213e-13 3.810553e-13 9.997289e-14 7.366821e-14 9.704931e-14 7.133737e-14 9.981816e-14 7.470193e-14 9.992714e-14 7.775673e-14
3770 3.931584e-13 3.431431e-13 9.997289e-14 7.366821e-14 9.704931e-14 7.133737e-14 9.981816e-14 7.470193e-14 9.992714e-14 7.775673e-14
3780 3.436918e-13 3.039833e-13 9.997289e-14 7.366821e-14 9.704931e-14 7.133737e-14 9.981816e-14 7.470193e-14 9.992714e-14 7.775673e-14
3790 2.992325e-13 2.777594e-13 9.997289e-14 7.366821e-14 9.704931e-14 7.133737e-14 9.981816e-14 7.470193e-14 9.992714e-14 7.775673e-14
3800 2.607639e-13 2.600004e-13 9.997289e-14 7.366821e-14 9.704931e-14 7.133737e-14 9.981816e-14 7.470193e-14 9.992714e-14 7.775673e-14
3810 2.252265e-13 2.470380e-13 9.997289e-14 7.366821e-14 9.704931e-14 7.133737e-14 9.981816e-14 7.470193e-14 9.992714e-14 7.775673e-14
3820 1.905740e-13 2.283849e-13 9.997289e-14 7.366821e-14 9.704931e-14 7.133737e-14 9.981816e-14 7.470193e-14 9.992714e-14 7.775673e-14
3830 1.718382e-13 2.171133e-13 9.997289e-14 7.366821e-14 9.704931e-14 7.133737e-14 9.981816e-14 7.470193e-14 9.992714e-14 7.775673e-14
3840 1.549912e-13 2.109017e-13 9.997289e-14 7.366821e-14 9.704931e-14 7.133737e-14 9.981816e-14 7.470193e-14 9.992714e-14 7.775673e-14
3850 1.394332e-13 2.060570e-13 9.997289e-14 7.366821e-14 9.704931e-14 7.133737e-14 9.981816e-14 7.470193e-14 9.992714e-14 7.775673e-14
3860 1.197383e-13 1.982494e-13 9.997289e-14 7.366821e-14 9.704931e-14 7.133737e-14 9.981816e-14 7.470193e-14 9.992714e-14 7.775673e-14
3870 1.066414e-13 1.942460e-13 9.997289e-14 7.366821e-14 9.704931e-14 7.133737e-14 9.981816e-14 7.470193e-14 9.992714e-14 7.775673e-14
