0 1.000000e+00 1.000000e+00 1.000000e+00 1.000000e+00 1.000000e+00 1.000000e+00 1.000000e+00 1.000000e+00 1.000000e+00 1.000000e+00
1 2.308309e+00 2.308309e+00 2.311433e+00 2.311433e+00 2.316013e+00 2.316013e+00 2.315703e+00 2.315703e+00 2.310934e+00 2.310934e+00
11 8.956904e+00 8.956904e+00 9.180306e+00 9.180306e+00 9.534816e+00 9.534816e+00 9.509703e+00 9.509703e+00 9.143694e+00 9.143694e+00
21 5.711935e-01 5.711935e-01 5.733986e-01 5.733986e-01 5.767039e-01 5.767039e-01 5.764773e-01 5.764773e-01 5.730438e-01 5.730438e-01
31 4.315652e+00 4.315652e+00 4.166971e+00 4.166971e+00 3.980182e+00 3.980182e+00 3.991827e+00 3.991827e+00 4.189428e+00 4.189428e+00
41 4.561996e-01 4.561996e-01 4.601691e-01 4.601691e-01 4.662083e-01 4.662083e-01 4.657909e-01 4.657909e-01 4.595273e-01 4.595273e-01
51 2.658826e-01 2.658826e-01 2.656715e-01 2.656715e-01 2.655053e-01 2.655053e-01 2.655113e-01 2.655113e-01 2.656998e-01 2.656998e-01
61 1.767242e+00 1.767242e+00 1.863549e+00 1.863549e+00 2.036342e+00 2.036342e+00 2.023174e+00 2.023174e+00 1.847163e+00 1.847163e+00
71 1.808664e-01 1.808664e-01 1.810201e-01 1.810201e-01 1.813868e-01 1.813868e-01 1.813567e-01 1.813567e-01 1.809901e-01 1.809901e-01
81 1.554908e-01 1.554908e-01 1.541387e-01 1.541387e-01 1.523733e-01 1.523733e-01 1.524851e-01 1.524851e-01 1.543463e-01 1.543463e-01
91 6.987908e-01 6.987908e-01 6.602204e-01 6.602204e-01 6.143235e-01 6.143235e-01 6.171070e-01 6.171070e-01 6.659251e-01 6.659251e-01
101 4.997283e-01 4.997283e-01 5.152943e-01 5.152943e-01 5.411423e-01 5.411423e-01 5.385416e-01 5.385416e-01 5.118186e-01 5.118186e-01
111 1.400693e-01 1.400693e-01 1.382639e-01 1.382639e-01 1.359616e-01 1.359616e-01 1.361035e-01 1.361035e-01 1.385359e-01 1.385359e-01
121 2.190967e-01 2.190967e-01 2.106100e-01 2.106100e-01 1.999429e-01 1.999429e-01 2.006044e-01 2.006044e-01 2.118877e-01 2.118877e-01
131 7.131581e-01 7.131581e-01 7.540537e-01 7.540537e-01 8.370570e-01 8.370570e-01 8.303554e-01 8.303554e-01 7.469147e-01 7.469147e-01
141 1.147420e-01 1.147420e-01 1.117297e-01 1.117297e-01 1.079374e-01 1.079374e-01 1.081795e-01 1.081795e-01 1.121954e-01 1.121954e-01
151 9.507157e-02 9.507157e-02 9.056979e-02 9.056979e-02 8.502190e-02 8.502190e-02 8.536562e-02 8.536562e-02 9.124794e-02 9.124794e-02
161 1.037565e+00 1.037565e+00 8.027052e-01 8.027052e-01 6.280213e-01 6.280213e-01 6.368043e-01 6.368043e-01 8.306696e-01 8.306696e-01
171 1.243026e-01 1.243026e-01 1.208188e-01 1.208188e-01 1.165406e-01 1.165406e-01 1.167010e-01 1.167010e-01 1.211898e-01 1.211898e-01
181 9.067701e-02 9.067701e-02 8.542604e-02 8.542604e-02 7.910300e-02 7.910300e-02 7.948791e-02 7.948791e-02 8.620625e-02 8.620625e-02
191 1.093910e-01 1.093910e-01 1.004766e-01 1.004766e-01 9.028311e-02 9.028311e-02 9.095525e-02 9.095525e-02 1.018964e-01 1.018964e-01
201 6.721201e-01 6.721201e-01 7.395603e-01 7.395603e-01 9.580979e-01 9.580979e-01 9.325273e-01 9.325273e-01 7.252032e-01 7.252032e-01
211 7.752726e-02 7.752726e-02 7.234439e-02 7.234439e-02 6.626427e-02 6.626427e-02 6.662962e-02 6.662962e-02 7.310719e-02 7.310719e-02
221 6.775393e-02 6.775393e-02 6.130581e-02 6.130581e-02 5.405200e-02 5.405200e-02 5.447925e-02 5.447925e-02 6.223784e-02 6.223784e-02
231 3.825862e-01 3.825862e-01 2.962445e-01 2.962445e-01 2.264891e-01 2.264891e-01 2.296758e-01 2.296758e-01 3.057960e-01 3.057960e-01
241 1.473321e-01 1.473321e-01 1.391397e-01 1.391397e-01 1.301970e-01 1.301970e-01 1.306603e-01 1.306603e-01 1.402481e-01 1.402481e-01
251 6.099253e-02 6.099253e-02 5.471514e-02 5.471514e-02 4.781945e-02 4.781945e-02 4.822110e-02 4.822110e-02 5.561458e-02 5.561458e-02
261 6.044494e-02 6.044494e-02 5.238742e-02 5.238742e-02 4.401495e-02 4.401495e-02 4.450100e-02 4.450100e-02 5.353647e-02 5.353647e-02
271 1.355720e-01 1.355720e-01 1.098497e-01 1.098497e-01 8.622172e-02 8.622172e-02 8.738696e-02 8.738696e-02 1.129874e-01 1.129874e-01
281 9.204602e-02 9.204602e-02 8.193519e-02 8.193519e-02 7.114825e-02 7.114825e-02 7.173063e-02 7.173063e-02 8.330249e-02 8.330249e-02
291 6.392100e-02 6.392100e-02 5.385784e-02 5.385784e-02 4.393726e-02 4.393726e-02 4.448614e-02 4.448614e-02 5.523147e-02 5.523147e-02
301 4.451429e-02 4.451429e-02 3.650360e-02 3.650360e-02 2.902642e-02 2.902642e-02 2.946708e-02 2.946708e-02 3.765332e-02 3.765332e-02
311 1.416509e-01 1.416509e-01 1.026339e-01 1.026339e-01 7.358421e-02 7.358421e-02 7.504859e-02 7.504859e-02 1.073449e-01 1.073449e-01
321 5.592280e-02 5.592280e-02 4.651195e-02 4.651195e-02 3.747223e-02 3.747223e-02 3.789652e-02 3.789652e-02 4.763646e-02 4.763646e-02
331 4.383642e-02 4.383642e-02 3.468200e-02 3.468200e-02 2.660180e-02 2.660180e-02 2.702932e-02 2.702932e-02 3.587171e-02 3.587171e-02
341 5.948047e-02 5.948047e-02 4.549776e-02 4.549776e-02 3.376595e-02 3.376595e-02 3.433421e-02 3.433421e-02 4.716818e-02 4.716818e-02
351 9.186243e-02 9.186243e-02 6.574701e-02 6.574701e-02 4.743068e-02 4.743068e-02 4.930555e-02 4.930555e-02 7.160353e-02 7.160353e-02
361 8.146372e-02 8.146372e-02 6.757081e-02 6.757081e-02 5.464236e-02 5.464236e-02 5.491436e-02 5.491436e-02 6.863064e-02 6.863064e-02
371 3.722589e-02 3.722589e-02 2.797304e-02 2.797304e-02 2.045743e-02 2.045743e-02 2.084119e-02 2.084119e-02 2.912638e-02 2.912638e-02
381 4.939015e-02 4.939015e-02 3.537490e-02 3.537490e-02 2.480162e-02 2.480162e-02 2.533576e-02 2.533576e-02 3.708471e-02 3.708471e-02
391 1.817302e-01 1.817302e-01 1.086285e-01 1.086285e-01 6.787281e-02 6.787281e-02 6.990887e-02 6.990887e-02 1.168405e-01 1.168405e-01
401 2.528826e-01 2.528826e-01 2.413363e-01 2.413363e-01 2.810387e-01 2.810387e-01 2.600399e-01 2.600399e-01 2.330298e-01 2.330298e-01
411 4.927270e-02 4.927270e-02 3.541209e-02 3.541209e-02 2.491706e-02 2.491706e-02 2.542612e-02 2.542612e-02 3.704895e-02 3.704895e-02
421 4.207704e-02 4.207704e-02 2.836273e-02 2.836273e-02 1.880417e-02 1.880417e-02 1.918438e-02 1.918438e-02 2.970084e-02 2.970084e-02
431 9.608252e-02 9.608252e-02 5.770993e-02 5.770993e-02 3.535154e-02 3.535154e-02 3.621583e-02 3.621583e-02 6.113559e-02 6.113559e-02
441 1.300894e-01 1.300894e-01 1.063825e-01 1.063825e-01 8.149417e-02 8.149417e-02 7.640016e-02 7.640016e-02 9.834667e-02 9.834667e-02
451 3.586954e-02 3.586954e-02 2.342966e-02 2.342966e-02 1.523252e-02 1.523252e-02 1.558971e-02 1.558971e-02 2.473163e-02 2.473163e-02
461 3.307612e-02 3.307612e-02 2.018521e-02 2.018521e-02 1.250438e-02 1.250438e-02 1.286492e-02 1.286492e-02 2.158320e-02 2.158320e-02
471 5.127573e-01 5.127573e-01 2.099652e-01 2.099652e-01 9.327044e-02 9.327044e-02 8.857614e-02 8.857614e-02 1.716518e-01 1.716518e-01
481 1.260977e-01 1.260977e-01 8.407701e-02 8.407701e-02 5.679502e-02 5.679502e-02 5.829013e-02 5.829013e-02 8.929232e-02 8.929232e-02
491 4.726506e-02 4.726506e-02 2.877903e-02 2.877903e-02 1.770032e-02 1.770032e-02 1.810434e-02 1.810434e-02 3.041319e-02 3.041319e-02
501 4.478823e-02 4.478823e-02 2.439419e-02 2.439419e-02 1.395753e-02 1.395753e-02 1.438875e-02 1.438875e-02 2.627798e-02 2.627798e-02
511 1.585960e-01 1.585960e-01 6.377372e-02 6.377372e-02 3.187277e-02 3.187277e-02 3.289974e-02 3.289974e-02 6.929038e-02 6.929038e-02
521 4.482242e-02 4.482242e-02 2.612853e-02 2.612853e-02 1.557587e-02 1.557587e-02 1.588605e-02 1.588605e-02 2.751303e-02 2.751303e-02
531 4.275196e-02 4.275196e-02 2.165145e-02 2.165145e-02 1.187826e-02 1.187826e-02 1.227107e-02 1.227107e-02 2.348585e-02 2.348585e-02
541 5.241186e-02 5.241186e-02 2.481109e-02 2.481109e-02 1.315061e-02 1.315061e-02 1.361451e-02 1.361451e-02 2.709653e-02 2.709653e-02
551 8.713188e-02 8.713188e-02 3.731507e-02 3.731507e-02 1.888522e-02 1.888522e-02 1.957271e-02 1.957271e-02 4.095249e-02 4.095249e-02
561 7.669779e-02 7.669779e-02 4.062867e-02 4.062867e-02 2.319093e-02 2.319093e-02 2.389767e-02 2.389767e-02 4.386241e-02 4.386241e-02
571 5.047235e-02 5.047235e-02 2.237807e-02 2.237807e-02 1.153764e-02 1.153764e-02 1.197656e-02 1.197656e-02 2.464701e-02 2.464701e-02
581 7.783150e-02 7.783150e-02 2.755291e-02 2.755291e-02 1.300810e-02 1.300810e-02 1.352366e-02 1.352366e-02 3.059790e-02 3.059790e-02
591 3.091959e-01 3.091959e-01 6.285036e-02 6.285036e-02 2.842147e-02 2.842147e-02 3.121879e-02 3.121879e-02 8.494225e-02 8.494225e-02
601 1.964887e-01 1.964887e-01 9.996075e-02 9.996075e-02 6.884753e-02 6.884753e-02 8.851018e-02 8.851018e-02 1.463208e-01 1.463208e-01
611 6.742767e-02 6.742767e-02 2.373519e-02 2.373519e-02 1.120982e-02 1.120982e-02 1.167985e-02 1.167985e-02 2.653085e-02 2.653085e-02
621 1.125766e-01 1.125766e-01 2.925539e-02 2.925539e-02 1.286337e-02 1.286337e-02 1.350956e-02 1.350956e-02 3.361759e-02 3.361759e-02
631 8.955367e-01 8.955367e-01 1.307001e-01 1.307001e-01 5.211202e-02 5.211202e-02 5.587530e-02 5.587530e-02 1.629951e-01 1.629951e-01
641 2.062502e-01 2.062502e-01 6.601593e-02 6.601593e-02 3.186207e-02 3.186207e-02 3.463624e-02 3.463624e-02 8.219116e-02 8.219116e-02
651 8.707203e-02 8.707203e-02 2.149584e-02 2.149584e-02 9.322377e-03 9.322377e-03 9.762129e-03 9.762129e-03 2.449506e-02 2.449506e-02
661 1.129011e-01 1.129011e-01 2.001481e-02 2.001481e-02 8.129491e-03 8.129491e-03 8.445161e-03 8.445161e-03 2.230010e-02 2.230010e-02
671 5.990084e-01 5.990084e-01 1.960839e-01 1.960839e-01 1.056462e-01 1.056462e-01 1.660649e-01 1.660649e-01 8.352405e-01 8.352405e-01
681 1.339162e-01 1.339162e-01 2.702290e-02 2.702290e-02 1.134297e-02 1.134297e-02 1.185097e-02 1.185097e-02 3.068494e-02 3.068494e-02
691 1.183843e-01 1.183843e-01 1.926501e-02 1.926501e-02 7.803287e-03 7.803287e-03 8.156470e-03 8.156470e-03 2.191677e-02 2.191677e-02
701 2.161559e-01 2.161559e-01 2.232584e-02 2.232584e-02 8.476108e-03 8.476108e-03 8.785065e-03 8.785065e-03 2.475250e-02 2.475250e-02
711 6.677441e-01 6.677441e-01 5.274643e-02 5.274643e-02 2.028269e-02 2.028269e-02 2.292825e-02 2.292825e-02 7.766514e-02 7.766514e-02
721 2.774808e-01 2.774808e-01 5.663814e-02 5.663814e-02 2.391833e-02 2.391833e-02 2.391916e-02 2.391916e-02 5.878550e-02 5.878550e-02
731 1.373449e-01 1.373449e-01 1.242624e-02 1.242624e-02 4.715470e-03 4.715470e-03 4.964711e-03 4.964711e-03 1.443309e-02 1.443309e-02
741 4.581320e-01 4.581320e-01 2.261246e-02 2.261246e-02 8.241103e-03 8.241103e-03 8.821000e-03 8.821000e-03 2.755226e-02 2.755226e-02
751 1.094489e+00 1.094489e+00 2.750085e-02 2.750085e-02 9.442113e-03 9.442113e-03 9.914876e-03 9.914876e-03 3.160960e-02 3.160960e-02
761 2.707485e-01 2.707485e-01 2.530625e-02 2.530625e-02 9.673702e-03 9.673702e-03 1.001085e-02 1.001085e-02 2.827067e-02 2.827067e-02
771 5.539651e-01 5.539651e-01 2.439265e-02 2.439265e-02 8.598967e-03 8.598967e-03 8.855483e-03 8.855483e-03 2.676209e-02 2.676209e-02
781 3.051202e-01 3.051202e-01 1.079278e-02 1.079278e-02 3.777112e-03 3.777112e-03 3.980758e-03 3.980758e-03 1.256586e-02 1.256586e-02
791 4.883414e-01 4.883414e-01 3.865243e-02 3.865243e-02 1.465592e-02 1.465592e-02 1.818363e-02 1.818363e-02 7.007287e-02 7.007287e-02
801 3.496116e-01 3.496116e-01 1.556849e-02 1.556849e-02 5.566079e-03 5.566079e-03 5.742836e-03 5.742836e-03 1.732704e-02 1.732704e-02
811 2.171821e-01 2.171821e-01 7.026628e-03 7.026628e-03 2.423419e-03 2.423419e-03 2.565293e-03 2.565293e-03 8.273242e-03 8.273242e-03
821 5.407207e-01 5.407207e-01 1.264054e-02 1.264054e-02 4.161784e-03 4.161784e-03 4.331189e-03 4.331189e-03 1.427220e-02 1.427220e-02
831 7.335547e-01 7.335547e-01 1.436552e-01 1.436552e-01 7.641997e-02 7.641997e-02 1.289246e-01 1.289246e-01 2.526933e-01 2.526933e-01
841 4.842845e-01 4.842845e-01 1.641500e-02 1.641500e-02 5.769223e-03 5.769223e-03 6.113124e-03 6.113124e-03 1.938655e-02 1.938655e-02
851 3.608879e-01 3.608879e-01 9.800929e-03 9.800929e-03 3.165566e-03 3.165566e-03 3.331443e-03 3.331443e-03 1.138011e-02 1.138011e-02
861 5.321535e-01 5.321535e-01 1.995329e-02 1.995329e-02 6.714783e-03 6.714783e-03 7.493907e-03 7.493907e-03 2.649703e-02 2.649703e-02
871 1.080686e+00 1.080686e+00 1.812695e-02 1.812695e-02 5.834869e-03 5.834869e-03 5.749776e-03 5.749776e-03 1.842544e-02 1.842544e-02
881 2.476188e-01 2.476188e-01 8.360570e-03 8.360570e-03 2.663752e-03 2.663752e-03 2.876022e-03 2.876022e-03 1.029863e-02 1.029863e-02
891 2.134985e-01 2.134985e-01 7.337698e-03 7.337698e-03 2.269521e-03 2.269521e-03 2.419684e-03 2.419684e-03 8.786968e-03 8.786968e-03
901 1.536668e-01 1.536668e-01 5.757513e-03 5.757513e-03 1.741200e-03 1.741200e-03 1.866367e-03 1.866367e-03 6.982111e-03 6.982111e-03
911 2.944541e-01 2.944541e-01 1.396041e-02 1.396041e-02 3.920156e-03 3.920156e-03 4.238955e-03 4.238955e-03 1.735395e-02 1.735395e-02
921 2.468735e-01 2.468735e-01 8.706746e-03 8.706746e-03 2.714570e-03 2.714570e-03 2.901576e-03 2.901576e-03 1.048754e-02 1.048754e-02
931 1.531328e-01 1.531328e-01 6.082261e-03 6.082261e-03 1.754128e-03 1.754128e-03 1.844915e-03 1.844915e-03 7.069994e-03 7.069994e-03
941 2.374772e-01 2.374772e-01 1.046321e-02 1.046321e-02 2.839205e-03 2.839205e-03 2.980809e-03 2.980809e-03 1.207171e-02 1.207171e-02
951 3.072616e-01 3.072616e-01 1.501361e-02 1.501361e-02 3.951964e-03 3.951964e-03 4.360625e-03 4.360625e-03 1.971936e-02 1.971936e-02
961 1.818210e-01 1.818210e-01 7.415274e-03 7.415274e-03 2.152879e-03 2.152879e-03 2.293835e-03 2.293835e-03 8.882704e-03 8.882704e-03
971 1.084902e-01 1.084902e-01 4.742925e-03 4.742925e-03 1.296021e-03 1.296021e-03 1.388679e-03 1.388679e-03 5.750756e-03 5.750756e-03
981 2.983764e-01 2.983764e-01 1.418117e-02 1.418117e-02 3.599967e-03 3.599967e-03 3.998077e-03 3.998077e-03 1.894873e-02 1.894873e-02
991 2.801301e-01 2.801301e-01 1.172737e-02 1.172737e-02 3.550614e-03 3.550614e-03 4.061996e-03 4.061996e-03 1.602091e-02 1.602091e-02
1001 1.007914e-01 1.007914e-01 4.394076e-03 4.394076e-03 1.215769e-03 1.215769e-03 1.315180e-03 1.315180e-03 5.434789e-03 5.434789e-03
1011 1.696041e-01 1.696041e-01 7.605811e-03 7.605811e-03 1.962399e-03 1.962399e-03 2.071088e-03 2.071088e-03 8.927662e-03 8.927662e-03
1021 1.102439e-01 1.102439e-01 4.988735e-03 4.988735e-03 1.223695e-03 1.223695e-03 1.307077e-03 1.307077e-03 6.008613e-03 6.008613e-03
1031 2.234852e-01 2.234852e-01 1.018772e-02 1.018772e-02 2.729993e-03 2.729993e-03 2.684478e-03 2.684478e-03 1.058629e-02 1.058629e-02
1041 9.346761e-02 9.346761e-02 4.210224e-03 4.210224e-03 1.073135e-03 1.073135e-03 1.139945e-03 1.139945e-03 5.024239e-03 5.024239e-03
1051 1.594774e-01 1.594774e-01 7.139648e-03 7.139648e-03 1.750050e-03 1.750050e-03 1.879912e-03 1.879912e-03 8.722300e-03 8.722300e-03
1061 1.122457e-01 1.122457e-01 4.934042e-03 4.934042e-03 1.140319e-03 1.140319e-03 1.235167e-03 1.235167e-03 6.152102e-03 6.152102e-03
1071 1.802498e-01 1.802498e-01 8.067675e-03 8.067675e-03 2.236207e-03 2.236207e-03 2.474723e-03 2.474723e-03 1.037572e-02 1.037572e-02
1081 1.517906e-01 1.517906e-01 6.580417e-03 6.580417e-03 1.657780e-03 1.657780e-03 1.887558e-03 1.887558e-03 9.078212e-03 9.078212e-03
1091 1.234310e-01 1.234310e-01 5.263551e-03 5.263551e-03 1.127208e-03 1.127208e-03 1.211041e-03 1.211041e-03 6.434888e-03 6.434888e-03
1101 2.237835e-01 2.237835e-01 9.289943e-03 9.289943e-03 1.828021e-03 1.828021e-03 1.919582e-03 1.919582e-03 1.061847e-02 1.061847e-02
1111 6.317427e-01 6.317427e-01 4.719195e-02 4.719195e-02 8.810350e-03 8.810350e-03 5.360216e-03 5.360216e-03 2.048008e-02 2.048008e-02
1121 7.783677e-02 7.783677e-02 3.327007e-03 3.327007e-03 7.365136e-04 7.365136e-04 8.001893e-04 8.001893e-04 4.186012e-03 4.186012e-03
1131 8.277323e-02 8.277323e-02 3.333584e-03 3.333584e-03 6.884018e-04 6.884018e-04 7.553626e-04 7.553626e-04 4.316298e-03 4.316298e-03
1141 2.427900e+00 2.427900e+00 3.769390e-02 3.769390e-02 7.136839e-03 7.136839e-03 7.302317e-03 7.302317e-03 4.010709e-02 4.010709e-02
1151 1.415882e-01 1.415882e-01 6.048010e-03 6.048010e-03 1.248916e-03 1.248916e-03 1.307518e-03 1.307518e-03 7.000124e-03 7.000124e-03
1161 2.048596e-01 2.048596e-01 8.484207e-03 8.484207e-03 1.646247e-03 1.646247e-03 1.707910e-03 1.707910e-03 9.546714e-03 9.546714e-03
1171 6.588158e-02 6.588158e-02 2.420872e-03 2.420872e-03 4.585479e-04 4.585479e-04 5.027833e-04 5.027833e-04 3.142286e-03 3.142286e-03
1181 8.519456e-01 8.519456e-01 1.642629e-02 1.642629e-02 2.974950e-03 2.974950e-03 3.618194e-03 3.618194e-03 3.187614e-02 3.187614e-02
1191 1.965609e+00 1.965609e+00 4.015561e-02 4.015561e-02 7.350744e-03 7.350744e-03 9.241882e-03 9.241882e-03 8.879714e-02 8.879714e-02
1201 5.097825e-02 5.097825e-02 1.801346e-03 1.801346e-03 3.305854e-04 3.305854e-04 3.620320e-04 3.620320e-04 2.332836e-03 2.332836e-03
1211 5.658135e-02 5.658135e-02 1.958379e-03 1.958379e-03 3.530993e-04 3.530993e-04 3.865208e-04 3.865208e-04 2.534245e-03 2.534245e-03
1221 1.220160e-01 1.220160e-01 4.046113e-03 4.046113e-03 7.668779e-04 7.668779e-04 9.000012e-04 9.000012e-04 6.167955e-03 6.167955e-03
1231 3.857715e-02 3.857715e-02 1.333640e-03 1.333640e-03 2.416861e-04 2.416861e-04 2.656186e-04 2.656186e-04 1.742355e-03 1.742355e-03
1241 9.392063e-02 9.392063e-02 3.255831e-03 3.255831e-03 5.843696e-04 5.843696e-04 6.358585e-04 6.358585e-04 4.163354e-03 4.163354e-03
1251 4.349169e-02 4.349169e-02 1.451662e-03 1.451662e-03 2.520458e-04 2.520458e-04 2.748535e-04 2.748535e-04 1.865193e-03 1.865193e-03
1261 5.506085e-02 5.506085e-02 1.750790e-03 1.750790e-03 2.978420e-04 2.978420e-04 3.307858e-04 3.307858e-04 2.343321e-03 2.343321e-03
1271 5.493964e-02 5.493964e-02 1.791799e-03 1.791799e-03 3.207938e-04 3.207938e-04 3.644215e-04 3.644215e-04 2.499676e-03 2.499676e-03
1281 2.186965e-02 2.186965e-02 7.171910e-04 7.171910e-04 1.235883e-04 1.235883e-04 1.357300e-04 1.357300e-04 9.363427e-04 9.363427e-04
1291 3.636071e-02 3.636071e-02 1.139225e-03 1.139225e-03 1.880847e-04 1.880847e-04 2.073943e-04 2.073943e-04 1.499981e-03 1.499981e-03
1301 2.918306e-02 2.918306e-02 9.512365e-04 9.512365e-04 1.627410e-04 1.627410e-04 1.785357e-04 1.785357e-04 1.239798e-03 1.239798e-03
1311 1.854662e-02 1.854662e-02 5.940734e-04 5.940734e-04 1.004393e-04 1.004393e-04 1.108214e-04 1.108214e-04 7.827625e-04 7.827625e-04
1321 2.074550e-02 2.074550e-02 6.501107e-04 6.501107e-04 1.075452e-04 1.075452e-04 1.189589e-04 1.189589e-04 8.609704e-04 8.609704e-04
1331 2.458985e-02 2.458985e-02 7.446387e-04 7.446387e-04 1.192305e-04 1.192305e-04 1.323757e-04 1.323757e-04 9.940941e-04 9.940941e-04
1341 4.999712e-01 4.999712e-01 2.673703e-02 2.673703e-02 5.691669e-03 5.691669e-03 3.430863e-03 3.430863e-03 1.856651e-02 1.856651e-02
1351 3.470225e-02 3.470225e-02 1.098942e-03 1.098942e-03 1.824178e-04 1.824178e-04 1.999376e-04 1.999376e-04 1.431994e-03 1.431994e-03
1361 2.486601e-02 2.486601e-02 7.644490e-04 7.644490e-04 1.234927e-04 1.234927e-04 1.362519e-04 1.362519e-04 1.008095e-03 1.008095e-03
1371 1.988712e-02 1.988712e-02 5.846896e-04 5.846896e-04 8.910628e-05 8.910628e-05 9.797067e-05 9.797067e-05 7.658608e-04 7.658608e-04
1381 8.624295e-02 8.624295e-02 2.133143e-03 2.133143e-03 2.958678e-04 2.958678e-04 3.373957e-04 3.373957e-04 3.051040e-03 3.051040e-03
1391 1.855586e-02 1.855586e-02 5.611229e-04 5.611229e-04 9.038514e-05 9.038514e-05 1.007116e-04 1.007116e-04 7.530001e-04 7.530001e-04
1401 1.335820e-02 1.335820e-02 3.893820e-04 3.893820e-04 5.958481e-05 5.958481e-05 6.615842e-05 6.615842e-05 5.199255e-04 5.199255e-04
1411 1.758577e-02 1.758577e-02 4.953890e-04 4.953890e-04 7.272201e-05 7.272201e-05 8.061611e-05 8.061611e-05 6.598729e-04 6.598729e-04
1421 7.837648e-02 7.837648e-02 1.976216e-03 1.976216e-03 2.541724e-04 2.541724e-04 2.764255e-04 2.764255e-04 2.514975e-03 2.514975e-03
1431 1.480876e-02 1.480876e-02 4.320282e-04 4.320282e-04 6.444765e-05 6.444765e-05 7.019838e-05 7.019838e-05 5.574847e-04 5.574847e-04
1441 9.513396e-03 9.513396e-03 2.663396e-04 2.663396e-04 3.904196e-05 3.904196e-05 4.344309e-05 4.344309e-05 3.573622e-04 3.573622e-04
1451 1.042388e-02 1.042388e-02 2.789618e-04 2.789618e-04 3.910131e-05 3.910131e-05 4.366968e-05 4.366968e-05 3.774051e-04 3.774051e-04
1461 2.150626e-02 2.150626e-02 5.768389e-04 5.768389e-04 8.362789e-05 8.362789e-05 9.554997e-05 9.554997e-05 8.132953e-04 8.132953e-04
1471 7.306707e-03 7.306707e-03 1.977828e-04 1.977828e-04 2.812018e-05 2.812018e-05 3.145101e-05 3.145101e-05 2.680837e-04 2.680837e-04
1481 1.054414e-02 1.054414e-02 2.806296e-04 2.806296e-04 3.903538e-05 3.903538e-05 4.358698e-05 4.358698e-05 3.794149e-04 3.794149e-04
1491 1.005352e-02 1.005352e-02 2.566427e-04 2.566427e-04 3.415518e-05 3.415518e-05 3.818179e-05 3.818179e-05 3.481269e-04 3.481269e-04
1501 5.633551e-02 5.633551e-02 1.118558e-03 1.118558e-03 1.545060e-04 1.545060e-04 2.151553e-04 2.151553e-04 2.576570e-03 2.576570e-03
1511 8.753368e-02 8.753368e-02 1.818896e-03 1.818896e-03 2.377152e-04 2.377152e-04 3.011313e-04 3.011313e-04 3.305219e-03 3.305219e-03
1521 9.540635e-03 9.540635e-03 2.454933e-04 2.454933e-04 3.315455e-05 3.315455e-05 3.722126e-05 3.722126e-05 3.354475e-04 3.354475e-04
1531 9.688457e-03 9.688457e-03 2.465276e-04 2.465276e-04 3.303978e-05 3.303978e-05 3.723337e-05 3.723337e-05 3.392551e-04 3.392551e-04
1541 1.160109e-02 1.160109e-02 2.862563e-04 2.862563e-04 3.810754e-05 3.810754e-05 4.384546e-05 4.384546e-05 4.092248e-04 4.092248e-04
1551 4.837295e-03 4.837295e-03 1.209509e-04 1.209509e-04 1.585534e-05 1.585534e-05 1.784112e-05 1.784112e-05 1.660580e-04 1.660580e-04
1561 4.203531e-03 4.203531e-03 1.032080e-04 1.032080e-04 1.318636e-05 1.318636e-05 1.479799e-05 1.479799e-05 1.410850e-04 1.410850e-04
1571 1.479135e-02 1.479135e-02 3.225434e-04 3.225434e-04 4.037578e-05 4.037578e-05 4.883549e-05 4.883549e-05 5.146772e-04 5.146772e-04
1581 6.491193e-03 6.491193e-03 1.615227e-04 1.615227e-04 2.098721e-05 2.098721e-05 2.350714e-05 2.350714e-05 2.200205e-04 2.200205e-04
1591 5.448715e-03 5.448715e-03 1.323647e-04 1.323647e-04 1.691869e-05 1.691869e-05 1.911562e-05 1.911562e-05 1.831578e-04 1.831578e-04
1601 3.938824e-03 3.938824e-03 9.135411e-05 9.135411e-05 1.101876e-05 1.101876e-05 1.241945e-05 1.241945e-05 1.260977e-04 1.260977e-04
1611 1.087261e-02 1.087261e-02 2.241362e-04 2.241362e-04 2.471017e-05 2.471017e-05 2.817668e-05 2.817668e-05 3.187966e-04 3.187966e-04
1621 7.274126e-03 7.274126e-03 1.702563e-04 1.702563e-04 2.096235e-05 2.096235e-05 2.373970e-05 2.373970e-05 2.369323e-04 2.369323e-04
1631 2.006146e-02 2.006146e-02 4.883033e-04 4.883033e-04 4.955273e-05 4.955273e-05 4.975013e-05 4.975013e-05 5.233754e-04 5.233754e-04
1641 1.335496e-02 1.335496e-02 2.673255e-04 2.673255e-04 2.955764e-05 2.955764e-05 3.450669e-05 3.450669e-05 3.999957e-04 3.999957e-04
1651 4.084394e-03 4.084394e-03 8.299704e-05 8.299704e-05 8.857506e-06 8.857506e-06 1.000259e-05 1.000259e-05 1.154520e-04 1.154520e-04
1661 9.943220e-03 9.943220e-03 2.435243e-04 2.435243e-04 3.144025e-05 3.144025e-05 3.444060e-05 3.444060e-05 3.225479e-04 3.225479e-04
1671 2.924609e-03 2.924609e-03 5.924639e-05 5.924639e-05 6.302250e-06 6.302250e-06 7.112125e-06 7.112125e-06 8.232070e-05 8.232070e-05
1681 6.757214e-03 6.757214e-03 1.255478e-04 1.255478e-04 1.330266e-05 1.330266e-05 1.576300e-05 1.576300e-05 1.944786e-04 1.944786e-04
1691 1.218480e-02 1.218480e-02 2.057444e-04 2.057444e-04 1.976818e-05 1.976818e-05 2.274056e-05 2.274056e-05 3.009511e-04 3.009511e-04
1701 1.187275e-02 1.187275e-02 1.826423e-04 1.826423e-04 1.692739e-05 1.692739e-05 1.963559e-05 1.963559e-05 2.744853e-04 2.744853e-04
1711 9.518601e-03 9.518601e-03 1.991359e-04 1.991359e-04 2.215879e-05 2.215879e-05 2.488018e-05 2.488018e-05 2.747204e-04 2.747204e-04
1721 7.049866e-03 7.049866e-03 1.211891e-04 1.211891e-04 1.149160e-05 1.149160e-05 1.301441e-05 1.301441e-05 1.704510e-04 1.704510e-04
1731 9.794180e-03 9.794180e-03 1.572184e-04 1.572184e-04 1.370730e-05 1.370730e-05 1.510768e-05 1.510768e-05 2.062718e-04 2.062718e-04
1741 1.014020e-02 1.014020e-02 1.540714e-04 1.540714e-04 1.440882e-05 1.440882e-05 1.710416e-05 1.710416e-05 2.435723e-04 2.435723e-04
1751 7.706179e-03 7.706179e-03 1.157081e-04 1.157081e-04 1.040686e-05 1.040686e-05 1.202076e-05 1.202076e-05 1.713217e-04 1.713217e-04
1761 5.584113e-03 5.584113e-03 8.343195e-05 8.343195e-05 7.435870e-06 7.435870e-06 8.542800e-06 8.542800e-06 1.219026e-04 1.219026e-04
1771 6.564800e-03 6.564800e-03 8.129534e-05 8.129534e-05 6.623842e-06 6.623842e-06 7.572461e-06 7.572461e-06 1.178547e-04 1.178547e-04
1781 7.537290e-03 7.537290e-03 8.860649e-05 8.860649e-05 7.156514e-06 7.156514e-06 8.271065e-06 8.271065e-06 1.324811e-04 1.324811e-04
1791 9.699696e-03 9.699696e-03 1.584867e-04 1.584867e-04 1.517817e-05 1.517817e-05 1.714482e-05 1.714482e-05 2.237000e-04 2.237000e-04
1801 4.256485e-03 4.256485e-03 5.233761e-05 5.233761e-05 4.279968e-06 4.279968e-06 4.942499e-06 4.942499e-06 7.783695e-05 7.783695e-05
1811 4.890381e-03 4.890381e-03 5.633557e-05 5.633557e-05 4.506793e-06 4.506793e-06 5.237977e-06 5.237977e-06 8.523837e-05 8.523837e-05
1821 7.381359e-03 7.381359e-03 7.909065e-05 7.909065e-05 6.131868e-06 6.131868e-06 7.132301e-06 7.132301e-06 1.201116e-04 1.201116e-04
1831 2.946310e-03 2.946310e-03 3.445276e-05 3.445276e-05 2.745921e-06 2.745921e-06 3.164206e-06 3.164206e-06 5.096183e-05 5.096183e-05
1841 3.160905e-03 3.160905e-03 3.673049e-05 3.673049e-05 2.886965e-06 2.886965e-06 3.294619e-06 3.294619e-06 5.320224e-05 5.320224e-05
1851 3.851200e-03 3.851200e-03 4.209717e-05 4.209717e-05 3.189392e-06 3.189392e-06 3.639017e-06 3.639017e-06 6.096471e-05 6.096471e-05
1861 3.036531e-02 3.036531e-02 2.305678e-04 2.305678e-04 1.577378e-05 1.577378e-05 1.879649e-05 1.879649e-05 3.768297e-04 3.768297e-04
1871 5.804900e-03 5.804900e-03 6.459155e-05 6.459155e-05 5.108228e-06 5.108228e-06 5.954787e-06 5.954787e-06 9.772466e-05 9.772466e-05
1881 2.129869e-03 2.129869e-03 2.243709e-05 2.243709e-05 1.680541e-06 1.680541e-06 1.933430e-06 1.933430e-06 3.312750e-05 3.312750e-05
1891 3.569596e-03 3.569596e-03 3.605647e-05 3.605647e-05 2.629537e-06 2.629537e-06 3.039191e-06 3.039191e-06 5.375691e-05 5.375691e-05
1901 3.213123e-03 3.213123e-03 3.131427e-05 3.131427e-05 2.260097e-06 2.260097e-06 2.652304e-06 2.652304e-06 4.817284e-05 4.817284e-05
1911 4.198462e-03 4.198462e-03 4.395544e-05 4.395544e-05 3.379278e-06 3.379278e-06 3.965235e-06 3.965235e-06 6.720696e-05 6.720696e-05
1921 1.690198e-03 1.690198e-03 1.687170e-05 1.687170e-05 1.220711e-06 1.220711e-06 1.414248e-06 1.414248e-06 2.526347e-05 2.526347e-05
1931 1.875798e-03 1.875798e-03 1.827149e-05 1.827149e-05 1.299119e-06 1.299119e-06 1.512121e-06 1.512121e-06 2.761210e-05 2.761210e-05
1941 2.839282e-03 2.839282e-03 2.618728e-05 2.618728e-05 1.769571e-06 1.769571e-06 2.064069e-06 2.064069e-06 3.979526e-05 3.979526e-05
1951 4.328824e-03 4.328824e-03 3.854862e-05 3.854862e-05 2.688286e-06 2.688286e-06 3.309121e-06 3.309121e-06 6.502779e-05 6.502779e-05
1961 4.136160e-03 4.136160e-03 3.982468e-05 3.982468e-05 2.616706e-06 2.616706e-06 2.919718e-06 2.919718e-06 5.545223e-05 5.545223e-05
1971 2.588600e-03 2.588600e-03 2.499404e-05 2.499404e-05 1.768437e-06 1.768437e-06 2.063740e-06 2.063740e-06 3.790719e-05 3.790719e-05
1981 1.975859e-03 1.975859e-03 1.896155e-05 1.896155e-05 1.266458e-06 1.266458e-06 1.429596e-06 1.429596e-06 2.708606e-05 2.708606e-05
1991 1.099656e-03 1.099656e-03 1.031566e-05 1.031566e-05 6.816216e-07 6.816216e-07 7.779030e-07 7.779030e-07 1.503761e-05 1.503761e-05
2001 9.727084e-04 9.727084e-04 9.197915e-06 9.197915e-06 6.272461e-07 6.272461e-07 7.250893e-07 7.250893e-07 1.373134e-05 1.373134e-05
2011 8.455545e-04 8.455545e-04 7.776781e-06 7.776781e-06 5.162418e-07 5.162418e-07 6.004534e-07 6.004534e-07 1.173674e-05 1.173674e-05
2021 8.176069e-04 8.176069e-04 7.480333e-06 7.480333e-06 4.822962e-07 4.822962e-07 5.530546e-07 5.530546e-07 1.100552e-05 1.100552e-05
2031 1.302627e-03 1.302627e-03 1.263486e-05 1.263486e-05 8.061764e-07 8.061764e-07 8.767571e-07 8.767571e-07 1.694296e-05 1.694296e-05
2041 5.052189e-04 5.052189e-04 4.660751e-06 4.660751e-06 3.072987e-07 3.072987e-07 3.545963e-07 3.545963e-07 6.940340e-06 6.940340e-06
2051 6.706250e-04 6.706250e-04 6.105569e-06 6.105569e-06 3.895082e-07 3.895081e-07 4.453753e-07 4.453753e-07 8.943411e-06 8.943411e-06
2061 4.858763e-04 4.858763e-04 4.273247e-06 4.273247e-06 2.668604e-07 2.668604e-07 3.097320e-07 3.097320e-07 6.428677e-06 6.428677e-06
2071 1.360962e-03 1.360962e-03 1.304952e-05 1.304952e-05 9.676157e-07 9.676157e-07 1.148005e-06 1.148005e-06 2.019966e-05 2.019966e-05
2081 3.307751e-04 3.307751e-04 2.940043e-06 2.940043e-06 1.866782e-07 1.866782e-07 2.169185e-07 2.169185e-07 4.433022e-06 4.433022e-06
2091 2.968938e-04 2.968938e-04 2.530464e-06 2.530464e-06 1.543478e-07 1.543478e-07 1.809282e-07 1.809282e-07 3.878949e-06 3.878949e-06
2101 5.261280e-04 5.261280e-04 4.386285e-06 4.386285e-06 2.583777e-07 2.583777e-07 3.010608e-07 3.010608e-07 6.652085e-06 6.652085e-06
2111 1.054166e-03 1.054166e-03 8.500921e-06 8.500921e-06 4.635724e-07 4.635724e-07 5.272235e-07 5.272235e-07 1.224073e-05 1.224073e-05
2121 4.257446e-04 4.257446e-04 3.699022e-06 3.699022e-06 2.248827e-07 2.248827e-07 2.580722e-07 2.580722e-07 5.465413e-06 5.465413e-06
2131 1.996230e-04 1.996230e-04 1.661156e-06 1.661156e-06 9.738725e-08 9.738725e-08 1.132359e-07 1.132359e-07 2.510686e-06 2.510686e-06
2141 2.101977e-04 2.101977e-04 1.695400e-06 1.695400e-06 9.620474e-08 9.620474e-08 1.122457e-07 1.122457e-07 2.579443e-06 2.579443e-06
2151 1.071556e-03 1.071556e-03 1.055526e-05 1.055526e-05 6.867326e-07 6.867326e-07 7.015643e-07 7.015644e-07 1.342489e-05 1.342489e-05
2161 4.519153e-04 4.519153e-04 3.649505e-06 3.649505e-06 2.152014e-07 2.152014e-07 2.573218e-07 2.573218e-07 5.792489e-06 5.792489e-06
2171 2.265382e-04 2.265382e-04 1.813981e-06 1.813981e-06 1.024925e-07 1.024925e-07 1.198655e-07 1.198655e-07 2.773283e-06 2.773283e-06
2181 1.606439e-04 1.606439e-04 1.252543e-06 1.252543e-06 6.873641e-08 6.873641e-08 8.058420e-08 8.058420e-08 1.924220e-06 1.924220e-06
2191 2.794592e-04 2.794592e-04 2.060737e-06 2.060737e-06 1.099650e-07 1.099650e-07 1.319851e-07 1.319851e-07 3.317520e-06 3.317520e-06
2201 1.545036e-04 1.545036e-04 1.196761e-06 1.196761e-06 6.542112e-08 6.542112e-08 7.687126e-08 7.687126e-08 1.846368e-06 1.846368e-06
2211 1.733898e-04 1.733898e-04 1.308779e-06 1.308779e-06 7.045328e-08 7.045328e-08 8.373249e-08 8.373249e-08 2.061748e-06 2.061748e-06
2221 2.081672e-04 2.081672e-04 1.567175e-06 1.567175e-06 8.411235e-08 8.411235e-08 1.000000e-07 1.000000e-07 2.469806e-06 2.469806e-06
2231 2.192446e-04 2.192446e-04 1.679942e-06 1.679942e-06 9.035436e-08 9.035436e-08 1.058952e-07 1.058952e-07 2.581542e-06 2.581542e-06
2241 2.780408e-04 2.780408e-04 2.146255e-06 2.146255e-06 1.126089e-07 1.126089e-07 1.290859e-07 1.290859e-07 3.173764e-06 3.173764e-06
2251 8.511163e-05 8.511163e-05 6.395989e-07 6.395989e-07 3.363982e-08 3.363982e-08 3.951111e-08 3.951111e-08 9.868115e-07 9.868115e-07
2261 8.206494e-05 8.206494e-05 5.998803e-07 5.998803e-07 3.059350e-08 3.059350e-08 3.606768e-08 3.606768e-08 9.320745e-07 9.320745e-07
2271 1.027814e-03 1.027814e-03 6.714466e-06 6.714466e-06 4.018512e-07 4.018512e-07 6.551732e-07 6.551732e-07 1.686563e-05 1.686563e-05
2281 9.640788e-05 9.640788e-05 7.122804e-07 7.122804e-07 3.646877e-08 3.646877e-08 4.268578e-08 4.268578e-08 1.092910e-06 1.092910e-06
2291 4.719053e-05 4.719053e-05 3.422351e-07 3.422351e-07 1.732318e-08 1.732318e-08 2.045919e-08 2.045919e-08 5.333909e-07 5.333909e-07
2301 1.947352e-04 1.947352e-04 1.338006e-06 1.338006e-06 6.699688e-08 6.699688e-08 8.238695e-08 8.238695e-08 2.243411e-06 2.243411e-06
2311 1.225223e-04 1.225223e-04 9.021046e-07 9.021046e-07 4.691314e-08 4.691314e-08 5.550020e-08 5.550020e-08 1.409599e-06 1.409599e-06
2321 1.006522e-04 1.006522e-04 7.221285e-07 7.221285e-07 3.709294e-08 3.709294e-08 4.464720e-08 4.464720e-08 1.160710e-06 1.160710e-06
2331 3.852698e-05 3.852698e-05 2.768061e-07 2.768061e-07 1.381353e-08 1.381353e-08 1.627862e-08 1.627862e-08 4.299904e-07 4.299904e-07
2341 6.485116e-05 6.485116e-05 4.592064e-07 4.592064e-07 2.182267e-08 2.182267e-08 2.529565e-08 2.529565e-08 6.926117e-07 6.926117e-07
2351 1.264185e-04 1.264185e-04 8.154140e-07 8.154140e-07 3.894524e-08 3.894524e-08 4.904650e-08 4.904650e-08 1.432656e-06 1.432656e-06
2361 2.721864e-05 2.721864e-05 1.898289e-07 1.898289e-07 9.160111e-09 9.160111e-09 1.085463e-08 1.085463e-08 2.977446e-07 2.977446e-07
2371 2.341784e-05 2.341784e-05 1.626112e-07 1.626112e-07 7.830349e-09 7.830349e-09 9.301820e-09 9.301816e-09 2.561358e-07 2.561358e-07
2381 3.929672e-05 3.929672e-05 2.637220e-07 2.637220e-07 1.229872e-08 1.229872e-08 1.475384e-08 1.475384e-08 4.229586e-07 4.229586e-07
2391 5.835992e-05 5.835992e-05 4.099317e-07 4.099317e-07 1.883526e-08 1.883526e-08 2.154159e-08 2.154159e-08 6.044591e-07 6.044591e-07
2401 1.574510e-05 1.574510e-05 1.081699e-07 1.081699e-07 5.073467e-09 5.073469e-09 5.983175e-09 5.983177e-09 1.683369e-07 1.683369e-07
2411 1.701518e-05 1.701518e-05 1.149732e-07 1.149732e-07 5.362664e-09 5.362663e-09 6.398006e-09 6.398006e-09 1.824999e-07 1.824999e-07
2421 1.970321e-05 1.970321e-05 1.303170e-07 1.303170e-07 5.832226e-09 5.832226e-09 6.906783e-09 6.906785e-09 2.042771e-07 2.042771e-07
2431 1.943779e-05 1.943779e-05 1.351175e-07 1.351175e-07 6.483885e-09 6.483881e-09 7.646358e-09 7.646359e-09 2.104636e-07 2.104636e-07
2441 8.567922e-05 8.567922e-05 5.477974e-07 5.477974e-07 2.413933e-08 2.413933e-08 2.913699e-08 2.913699e-08 8.892972e-07 8.892972e-07
2451 7.201318e-06 7.201318e-06 4.793309e-08 4.793309e-08 2.156365e-09 2.156364e-09 2.547781e-09 2.547781e-09 7.486188e-08 7.486188e-08
2461 1.416826e-05 1.416826e-05 9.063398e-08 9.063398e-08 3.885281e-09 3.885279e-09 4.610168e-09 4.610168e-09 1.425952e-07 1.425952e-07
2471 2.179230e-05 2.179230e-05 1.575352e-07 1.575352e-07 7.384971e-09 7.384970e-09 8.190992e-09 8.190991e-09 2.242375e-07 2.242375e-07
2481 5.860715e-06 5.860715e-06 3.852530e-08 3.852530e-08 1.706857e-09 1.706855e-09 2.019190e-09 2.019191e-09 6.031368e-08 6.031367e-08
2491 4.681341e-06 4.681341e-06 3.002527e-08 3.002527e-08 1.291752e-09 1.291752e-09 1.533257e-09 1.533258e-09 4.727625e-08 4.727625e-08
2501 7.122244e-06 7.122244e-06 4.507693e-08 4.507693e-08 1.917488e-09 1.917488e-09 2.285327e-09 2.285327e-09 7.150506e-08 7.150506e-08
2511 1.380676e-05 1.380676e-05 8.085959e-08 8.085959e-08 3.261105e-09 3.261106e-09 3.982418e-09 3.982418e-09 1.348028e-07 1.348028e-07
2521 1.622586e-05 1.622586e-05 1.058043e-07 1.058043e-07 4.347095e-09 4.347095e-09 4.952286e-09 4.952286e-09 1.547835e-07 1.547835e-07
2531 7.452280e-06 7.452280e-06 4.709747e-08 4.709747e-08 1.933614e-09 1.933613e-09 2.255639e-09 2.255639e-09 7.192296e-08 7.192296e-08
2541 9.039567e-06 9.039567e-06 5.876076e-08 5.876076e-08 2.485312e-09 2.485313e-09 2.871503e-09 2.871503e-09 8.858659e-08 8.858659e-08
2551 7.466436e-06 7.466436e-06 4.822526e-08 4.822526e-08 2.103717e-09 2.103718e-09 2.483732e-09 2.483731e-09 7.544514e-08 7.544515e-08
2561 1.179173e-05 1.179173e-05 7.089405e-08 7.089405e-08 3.034468e-09 3.034469e-09 3.806702e-09 3.806702e-09 1.224358e-07 1.224358e-07
2571 3.033853e-06 3.033853e-06 1.813571e-08 1.813571e-08 7.169797e-10 7.169808e-10 8.546765e-10 8.546771e-10 2.880543e-08 2.880543e-08
2581 6.315688e-06 6.315688e-06 3.898384e-08 3.898384e-08 1.577382e-09 1.577385e-09 1.853321e-09 1.853320e-09 6.044155e-08 6.044155e-08
2591 2.538834e-06 2.538834e-06 1.520096e-08 1.520096e-08 6.082230e-10 6.082242e-10 7.286861e-10 7.286883e-10 2.436760e-08 2.436760e-08
2601 1.904156e-06 1.904156e-06 1.119482e-08 1.119482e-08 4.353338e-10 4.353347e-10 5.201024e-10 5.201022e-10 1.786450e-08 1.786450e-08
2611 3.196258e-06 3.196258e-06 1.887132e-08 1.887133e-08 7.270492e-10 7.270471e-10 8.601583e-10 8.601585e-10 2.960613e-08 2.960613e-08
2621 5.043099e-06 5.043099e-06 2.960567e-08 2.960567e-08 1.180544e-09 1.180543e-09 1.433790e-09 1.433790e-09 4.854914e-08 4.854914e-08
2631 2.430384e-06 2.430384e-06 1.416327e-08 1.416327e-08 5.441320e-10 5.441341e-10 6.491684e-10 6.491667e-10 2.255887e-08 2.255887e-08
2641 1.360485e-06 1.360485e-06 7.741820e-09 7.741820e-09 2.917518e-10 2.917510e-10 3.511246e-10 3.511253e-10 1.252056e-08 1.252056e-08
2651 6.919578e-06 6.919578e-06 3.636729e-08 3.636729e-08 1.209030e-09 1.209029e-09 1.428396e-09 1.428398e-09 5.660438e-08 5.660438e-08
2661 2.550431e-06 2.550431e-06 1.471179e-08 1.471179e-08 5.735539e-10 5.735557e-10 6.952735e-10 6.952746e-10 2.405978e-08 2.405978e-08
2671 1.063703e-06 1.063703e-06 5.941878e-09 5.941877e-09 2.201209e-10 2.201208e-10 2.660976e-10 2.660973e-10 9.685742e-09 9.685743e-09
2681 2.565501e-06 2.565501e-06 1.325157e-08 1.325157e-08 4.534810e-10 4.534808e-10 5.540750e-10 5.540754e-10 2.210745e-08 2.210745e-08
2691 2.622666e-06 2.622666e-06 1.491448e-08 1.491448e-08 5.028244e-10 5.028247e-10 5.687004e-10 5.687011e-10 2.149246e-08 2.149246e-08
2701 7.913554e-07 7.913554e-07 4.355096e-09 4.355096e-09 1.572509e-10 1.572508e-10 1.892581e-10 1.892588e-10 7.049548e-09 7.049548e-09
2711 2.191185e-06 2.191185e-06 1.145903e-08 1.145903e-08 3.923571e-10 3.923557e-10 4.767686e-10 4.767689e-10 1.888361e-08 1.888361e-08
2721 3.416161e-06 3.416161e-06 1.687486e-08 1.687487e-08 5.248262e-10 5.248256e-10 6.260693e-10 6.260715e-10 2.676660e-08 2.676660e-08
2731 7.945938e-07 7.945938e-07 4.198886e-09 4.198889e-09 1.459834e-10 1.459841e-10 1.776829e-10 1.776842e-10 6.931449e-09 6.931449e-09
2741 2.577926e-07 2.577926e-07 1.356638e-09 1.356638e-09 4.620286e-11 4.620214e-11 5.572102e-11 5.572081e-11 2.203935e-09 2.203933e-09
2751 3.668828e-07 3.668828e-07 1.935870e-09 1.935872e-09 6.592960e-11 6.592828e-11 7.927721e-11 7.927876e-11 3.130731e-09 3.130731e-09
2761 7.818623e-07 7.818623e-07 4.123825e-09 4.123825e-09 1.404159e-10 1.404153e-10 1.688137e-10 1.688122e-10 6.669241e-09 6.669241e-09
2771 3.897035e-07 3.897035e-07 2.033933e-09 2.033933e-09 6.893646e-11 6.893585e-11 8.332123e-11 8.332181e-11 3.320414e-09 3.320413e-09
2781 8.296662e-07 8.296662e-07 4.207941e-09 4.207941e-09 1.404194e-10 1.404185e-10 1.721231e-10 1.721251e-10 7.047590e-09 7.047589e-09
2791 3.778031e-07 3.778031e-07 1.962869e-09 1.962868e-09 6.595600e-11 6.595595e-11 7.955631e-11 7.955545e-11 3.193567e-09 3.193566e-09
2801 2.613858e-07 2.613858e-07 1.338472e-09 1.338471e-09 4.418867e-11 4.419007e-11 5.336625e-11 5.336507e-11 2.182477e-09 2.182478e-09
2811 2.045813e-06 2.045813e-06 1.097361e-08 1.097361e-08 3.436568e-10 3.436562e-10 3.882348e-10 3.882341e-10 1.587044e-08 1.587044e-08
2821 7.460029e-07 7.460029e-07 3.774830e-09 3.774832e-09 1.225787e-10 1.225754e-10 1.479436e-10 1.479417e-10 6.150504e-09 6.150505e-09
2831 2.958107e-07 2.958107e-07 1.480350e-09 1.480349e-09 4.835708e-11 4.835657e-11 5.916297e-11 5.915977e-11 2.468363e-09 2.468365e-09
2841 2.990755e-07 2.990755e-07 1.495275e-09 1.495275e-09 4.745118e-11 4.745037e-11 5.703938e-11 5.703704e-11 2.419708e-09 2.419708e-09
2851 1.410251e-07 1.410251e-07 6.946335e-10 6.946319e-10 2.201158e-11 2.200652e-11 2.678649e-11 2.678869e-11 1.148266e-09 1.148265e-09
2861 1.929673e-06 1.929673e-06 9.186518e-09 9.186517e-09 2.719688e-10 2.719666e-10 3.265898e-10 3.265865e-10 1.479357e-08 1.479356e-08
2871 2.479811e-07 2.479811e-07 1.231795e-09 1.231795e-09 3.947929e-11 3.947728e-11 4.794840e-11 4.795077e-11 2.029678e-09 2.029678e-09
2881 9.731838e-08 9.731838e-08 4.721157e-10 4.721163e-10 1.459532e-11 1.459454e-11 1.770735e-11 1.770899e-11 7.766665e-10 7.766656e-10
2891 1.742952e-07 1.742952e-07 8.230544e-10 8.230544e-10 2.444197e-11 2.444122e-11 2.959427e-11 2.959294e-11 1.349027e-09 1.349027e-09
2901 1.819212e-07 1.819212e-07 8.805566e-10 8.805578e-10 2.723990e-11 2.724367e-11 3.309405e-11 3.309425e-11 1.452424e-09 1.452424e-09
2911 8.992918e-08 8.992918e-08 4.237279e-10 4.237277e-10 1.267610e-11 1.267691e-11 1.544691e-11 1.544786e-11 7.027026e-10 7.027014e-10
2921 1.116117e-07 1.116117e-07 5.261196e-10 5.261212e-10 1.562425e-11 1.562401e-11 1.893431e-11 1.893573e-11 8.643793e-10 8.643777e-10
2931 1.115031e-07 1.115031e-07 5.287508e-10 5.287494e-10 1.556320e-11 1.556459e-11 1.865970e-11 1.865649e-11 8.528057e-10 8.528069e-10
2941 1.507028e-07 1.507028e-07 6.984058e-10 6.984062e-10 2.010721e-11 2.010776e-11 2.426620e-11 2.426553e-11 1.138807e-09 1.138807e-09
2951 2.622163e-07 2.622163e-07 1.212562e-09 1.212558e-09 3.392294e-11 3.392441e-11 4.031828e-11 4.031870e-11 1.922245e-09 1.922247e-09
2961 1.235782e-07 1.235782e-07 5.553708e-10 5.553709e-10 1.601212e-11 1.601134e-11 1.985225e-11 1.985272e-11 9.499521e-10 9.499521e-10
2971 2.371967e-07 2.371967e-07 1.094288e-09 1.094288e-09 2.940825e-11 2.940578e-11 3.425630e-11 3.425743e-11 1.669067e-09 1.669066e-09
2981 8.414473e-08 8.414473e-08 3.781610e-10 3.781608e-10 1.061567e-11 1.061678e-11 1.292863e-11 1.292836e-11 6.270623e-10 6.270628e-10
2991 9.704087e-08 9.704087e-08 4.284640e-10 4.284636e-10 1.190204e-11 1.190342e-11 1.462002e-11 1.461929e-11 7.213525e-10 7.213535e-10
3001 6.535390e-08 6.535390e-08 2.880510e-10 2.880514e-10 8.025914e-12 8.028211e-12 9.888876e-12 9.889738e-12 4.875185e-10 4.875201e-10
3011 1.129920e-07 1.129920e-07 4.831955e-10 4.831961e-10 1.324811e-11 1.324711e-11 1.657900e-11 1.657789e-11 8.412288e-10 8.412278e-10
3021 1.060767e-07 1.060767e-07 4.707021e-10 4.707019e-10 1.287435e-11 1.287217e-11 1.554876e-11 1.555036e-11 7.701877e-10 7.701868e-10
3031 4.455865e-08 4.455865e-08 1.899388e-10 1.899385e-10 5.076277e-12 5.074294e-12 6.255492e-12 6.253824e-12 3.219016e-10 3.219013e-10
3041 4.835808e-08 4.835808e-08 2.007705e-10 2.007689e-10 5.178362e-12 5.179879e-12 6.368657e-12 6.367902e-12 3.392483e-10 3.392481e-10
3051 8.494062e-08 8.494062e-08 3.443866e-10 3.443884e-10 8.785993e-12 8.781923e-12 1.092807e-11 1.092268e-11 5.945924e-10 5.945925e-10
3061 7.370861e-08 7.370861e-08 3.032145e-10 3.032120e-10 7.673694e-12 7.676483e-12 9.385650e-12 9.385397e-12 5.073958e-10 5.073979e-10
3071 3.864794e-08 3.864794e-08 1.566379e-10 1.566382e-10 3.921447e-12 3.923855e-12 4.821319e-12 4.820178e-12 2.646857e-10 2.646862e-10
3081 2.725400e-08 2.725400e-08 1.092018e-10 1.092021e-10 2.685229e-12 2.686126e-12 3.294137e-12 3.295158e-12 1.838048e-10 1.838039e-10
3091 2.421914e-07 2.421914e-07 1.085729e-09 1.085729e-09 2.857041e-11 2.857255e-11 3.279781e-11 3.279554e-11 1.650904e-09 1.650904e-09
3101 5.335458e-08 5.335458e-08 2.071668e-10 2.071669e-10 5.010542e-12 5.007959e-12 6.235496e-12 6.233703e-12 3.582118e-10 3.582109e-10
3111 8.145942e-07 8.145942e-07 3.911033e-09 3.911036e-09 9.564391e-11 9.564451e-11 9.933646e-11 9.933975e-11 5.068801e-09 5.068799e-09
3121 3.017255e-08 3.017255e-08 1.170412e-10 1.170409e-10 2.802879e-12 2.806207e-12 3.468466e-12 3.469168e-12 2.002775e-10 2.002776e-10
3131 8.534328e-08 8.534328e-08 3.158215e-10 3.158209e-10 7.221591e-12 7.223743e-12 9.001267e-12 8.999949e-12 5.484535e-10 5.484536e-10
3141 3.645353e-08 3.645353e-08 1.464744e-10 1.464719e-10 3.510701e-12 3.509304e-12 4.205092e-12 4.207746e-12 2.372962e-10 2.372966e-10
3151 6.892845e-08 6.892845e-08 2.609234e-10 2.609277e-10 5.992891e-12 5.998338e-12 7.365571e-12 7.367117e-12 4.412555e-10 4.412551e-10
3161 1.592112e-08 1.592112e-08 5.824147e-11 5.824419e-11 1.303858e-12 1.310955e-12 1.620507e-12 1.625567e-12 1.006052e-10 1.006049e-10
3171 4.601749e-08 4.601749e-08 1.823104e-10 1.823071e-10 4.164521e-12 4.159946e-12 4.894294e-12 4.897135e-12 2.860761e-10 2.860753e-10
3181 4.311750e-08 4.311750e-08 1.643885e-10 1.643907e-10 3.828401e-12 3.835759e-12 4.702974e-12 4.701170e-12 2.781072e-10 2.781106e-10
3191 2.345624e-08 2.345624e-08 8.791342e-11 8.791423e-11 2.010369e-12 2.021185e-12 2.480583e-12 2.478052e-12 1.498200e-10 1.498233e-10
3201 2.207571e-08 2.207571e-08 8.075363e-11 8.075397e-11 1.793561e-12 1.796827e-12 2.219247e-12 2.222270e-12 1.383967e-10 1.383964e-10
3211 5.796013e-09 5.796012e-09 2.098232e-11 2.098160e-11 4.755480e-13 4.855639e-13 6.028129e-13 6.128338e-13 3.743433e-11 3.743789e-11
3221 4.798264e-09 4.798263e-09 1.725283e-11 1.725070e-11 3.805250e-13 3.898458e-13 4.758331e-13 4.886972e-13 3.011319e-11 3.011490e-11
3231 4.752293e-08 4.752293e-08 1.665676e-10 1.665692e-10 3.474722e-12 3.476540e-12 4.272898e-12 4.275764e-12 2.821825e-10 2.821844e-10
3241 4.892012e-08 4.892012e-08 1.795913e-10 1.795917e-10 4.085609e-12 4.085664e-12 5.112735e-12 5.109440e-12 3.130403e-10 3.130400e-10
3251 8.689553e-09 8.689554e-09 3.127344e-11 3.127320e-11 6.818721e-13 6.884230e-13 8.447123e-13 8.489728e-13 5.368622e-11 5.368564e-11
3261 6.668611e-09 6.668611e-09 2.318590e-11 2.318704e-11 4.835241e-13 4.905896e-13 5.993216e-13 6.048400e-13 3.986492e-11 3.986417e-11
3271 7.013575e-09 7.013575e-09 2.477432e-11 2.477484e-11 5.247933e-13 5.360328e-13 6.479641e-13 6.563901e-13 4.231306e-11 4.231499e-11
3281 4.627628e-09 4.627628e-09 1.602710e-11 1.602731e-11 3.291953e-13 3.494485e-13 4.056056e-13 4.185285e-13 2.726145e-11 2.726463e-11
3291 3.740285e-09 3.740286e-09 1.308755e-11 1.308733e-11 2.713439e-13 2.859457e-13 3.330898e-13 3.491884e-13 2.214317e-11 2.214064e-11
3301 4.893711e-09 4.893711e-09 1.674785e-11 1.674749e-11 3.432360e-13 3.590960e-13 4.264806e-13 4.371872e-13 2.893421e-11 2.893254e-11
3311 7.384660e-09 7.384659e-09 2.559517e-11 2.559422e-11 5.129436e-13 5.225129e-13 6.221424e-13 6.313104e-13 4.236217e-11 4.236352e-11
3321 3.970707e-09 3.970707e-09 1.343022e-11 1.342828e-11 2.688854e-13 2.857652e-13 3.325373e-13 3.479323e-13 2.301390e-11 2.301550e-11
3331 3.653852e-09 3.653853e-09 1.245791e-11 1.245752e-11 2.527345e-13 2.715503e-13 3.127457e-13 3.313638e-13 2.138053e-11 2.138120e-11
3341 5.608487e-09 5.608487e-09 1.871368e-11 1.871311e-11 3.673693e-13 3.790399e-13 4.539250e-13 4.665887e-13 3.202364e-11 3.202561e-11
3351 6.975022e-09 6.975022e-09 2.310991e-11 2.311014e-11 4.625386e-13 4.798642e-13 5.819480e-13 5.884735e-13 4.081047e-11 4.080988e-11
3361 7.463499e-09 7.463499e-09 2.318657e-11 2.318662e-11 4.381255e-13 4.492736e-13 5.598285e-13 5.665533e-13 4.225820e-11 4.225760e-11
3371 5.538708e-09 5.538710e-09 1.841778e-11 1.841895e-11 3.598761e-13 3.746538e-13 4.440074e-13 4.590142e-13 3.146633e-11 3.146544e-11
3381 4.137894e-09 4.137895e-09 1.281918e-11 1.281843e-11 2.417928e-13 2.665719e-13 3.096594e-13 3.211444e-13 2.343765e-11 2.343813e-11
3391 2.797585e-09 2.797583e-09 8.775277e-12 8.774821e-12 8.960301e-14 1.355995e-13 9.369376e-14 1.360698e-13 1.530787e-11 1.530865e-11
3401 2.457635e-09 2.457634e-09 7.818621e-12 7.818221e-12 8.960301e-14 1.355995e-13 9.369376e-14 1.360698e-13 1.391906e-11 1.391986e-11
3411 3.867907e-09 3.867908e-09 1.161722e-11 1.161629e-11 8.960301e-14 1.355995e-13 9.369376e-14 1.360698e-13 2.111671e-11 2.111810e-11
3421 1.309951e-09 1.309951e-09 4.067705e-12 4.068017e-12 8.960301e-14 1.355995e-13 9.369376e-14 1.360698e-13 7.049355e-12 7.049101e-12
3431 9.388831e-10 9.388842e-10 2.856478e-12 2.857369e-12 8.960301e-14 1.355995e-13 9.369376e-14 1.360698e-13 5.017331e-12 5.017437e-12
3441 1.596164e-09 1.596166e-09 4.737559e-12 4.738506e-12 8.960301e-14 1.355995e-13 9.369376e-14 1.360698e-13 8.608190e-12 8.607421e-12
3451 2.728435e-09 2.728434e-09 8.224121e-12 8.223571e-12 8.960301e-14 1.355995e-13 9.369376e-14 1.360698e-13 1.445767e-11 1.445878e-11
3461 2.363562e-09 2.363564e-09 7.320345e-12 7.319247e-12 8.960301e-14 1.355995e-13 9.369376e-14 1.360698e-13 1.254946e-11 1.255010e-11
3471 1.424728e-09 1.424728e-09 4.268031e-12 4.266699e-12 8.960301e-14 1.355995e-13 9.369376e-14 1.360698e-13 7.435607e-12 7.436566e-12
3481 1.008646e-09 1.008648e-09 2.987875e-12 2.988119e-12 8.960301e-14 1.355995e-13 9.369376e-14 1.360698e-13 5.453723e-12 5.455495e-12
3491 8.149421e-10 8.149413e-10 2.404992e-12 2.405581e-12 8.960301e-14 1.355995e-13 9.369376e-14 1.360698e-13 4.273436e-12 4.275950e-12
3501 4.812881e-10 4.812884e-10 1.408223e-12 1.411226e-12 8.960301e-14 1.355995e-13 9.369376e-14 1.360698e-13 2.502929e-12 2.505194e-12
3511 6.441980e-10 6.441981e-10 1.945930e-12 1.946085e-12 8.960301e-14 1.355995e-13 9.369376e-14 1.360698e-13 3.355542e-12 3.354781e-12
3521 6.868251e-10 6.868235e-10 2.045982e-12 2.047755e-12 8.960301e-14 1.355995e-13 9.369376e-14 1.360698e-13 3.466949e-12 3.468008e-12
3531 5.746426e-10 5.746416e-10 1.672037e-12 1.672643e-12 8.960301e-14 1.355995e-13 9.369376e-14 1.360698e-13 2.971733e-12 2.972528e-12
3541 3.840807e-10 3.840801e-10 1.111661e-12 1.116434e-12 8.960301e-14 1.355995e-13 9.369376e-14 1.360698e-13 1.979572e-12 1.980650e-12
3551 3.521527e-10 3.521530e-10 1.019350e-12 1.021605e-12 8.960301e-14 1.355995e-13 9.369376e-14 1.360698e-13 1.782228e-12 1.783024e-12
3561 1.885521e-10 1.885519e-10 5.495701e-13 5.535893e-13 8.960301e-14 1.355995e-13 9.369376e-14 1.360698e-13 9.646240e-13 9.671639e-13
3571 3.431134e-10 3.431129e-10 9.725609e-13 9.773112e-13 8.960301e-14 1.355995e-13 9.369376e-14 1.360698e-13 1.726217e-12 1.728577e-12
3581 1.107579e-10 1.107573e-10 3.135156e-13 3.209759e-13 8.960301e-14 1.355995e-13 9.369376e-14 1.360698e-13 5.592203e-13 5.633870e-13
3591 1.896586e-10 1.896593e-10 5.170378e-13 5.218008e-13 8.960301e-14 1.355995e-13 9.369376e-14 1.360698e-13 9.497479e-13 9.514476e-13
3601 2.470942e-10 2.470938e-10 6.827425e-13 6.840089e-13 8.960301e-14 1.355995e-13 9.369376e-14 1.360698e-13 1.284621e-12 1.287566e-12
3611 7.792121e-11 7.791882e-11 2.173437e-13 2.275843e-13 8.960301e-14 1.355995e-13 9.369376e-14 1.360698e-13 3.909723e-13 3.988797e-13
3621 6.451148e-11 6.451146e-11 1.792484e-13 1.923073e-13 8.960301e-14 1.355995e-13 9.369376e-14 1.360698e-13 3.169925e-13 3.227487e-13
3631 1.624183e-10 1.624186e-10 4.416248e-13 4.472678e-13 8.960301e-14 1.355995e-13 9.369376e-14 1.360698e-13 8.007640e-13 8.040258e-13
3641 7.862279e-11 7.862313e-11 2.164117e-13 2.256812e-13 8.960301e-14 1.355995e-13 9.369376e-14 1.360698e-13 3.888451e-13 3.963632e-13
3651 2.860728e-11 2.860615e-11 8.184436e-14 1.064651e-13 8.960301e-14 1.355995e-13 9.369376e-14 1.360698e-13 1.406662e-13 1.585458e-13
3661 3.813362e-11 3.813400e-11 8.184436e-14 1.064651e-13 8.960301e-14 1.355995e-13 9.369376e-14 1.360698e-13 1.858770e-13 1.981454e-13
3671 1.006662e-10 1.006667e-10 8.184436e-14 1.064651e-13 8.960301e-14 1.355995e-13 9.369376e-14 1.360698e-13 4.975356e-13 5.012016e-13
3681 1.135308e-10 1.135315e-10 8.184436e-14 1.064651e-13 8.960301e-14 1.355995e-13 9.369376e-14 1.360698e-13 5.317420e-13 5.350113e-13
3691 2.692568e-11 2.692478e-11 8.184436e-14 1.064651e-13 8.960301e-14 1.355995e-13 9.369376e-14 1.360698e-13 6.984947e-14 9.892752e-14
3701 3.792282e-11 3.792369e-11 8.184436e-14 1.064651e-13 8.960301e-14 1.355995e-13 9.369376e-14 1.360698e-13 6.984947e-14 9.892752e-14
3711 4.866045e-11 4.866003e-11 8.184436e-14 1.064651e-13 8.960301e-14 1.355995e-13 9.369376e-14 1.360698e-13 6.984947e-14 9.892752e-14
3721 8.866709e-12 8.865968e-12 8.184436e-14 1.064651e-13 8.960301e-14 1.355995e-13 9.369376e-14 1.360698e-13 6.984947e-14 9.892752e-14
3731 1.031901e-11 1.031877e-11 8.184436e-14 1.064651e-13 8.960301e-14 1.355995e-13 9.369376e-14 1.360698e-13 6.984947e-14 9.892752e-14
3741 1.361726e-11 1.361908e-11 8.184436e-14 1.064651e-13 8.960301e-14 1.355995e-13 9.369376e-14 1.360698e-13 6.984947e-14 9.892752e-14
3751 3.951649e-11 3.951866e-11 8.184436e-14 1.064651e-13 8.960301e-14 1.355995e-13 9.369376e-14 1.360698e-13 6.984947e-14 9.892752e-14
3761 2.598974e-11 2.598973e-11 8.184436e-14 1.064651e-13 8.960301e-14 1.355995e-13 9.369376e-14 1.360698e-13 6.984947e-14 9.892752e-14
3771 4.449320e-11 4.449205e-11 8.184436e-14 1.064651e-13 8.960301e-14 1.355995e-13 9.369376e-14 1.360698e-13 6.984947e-14 9.892752e-14
3781 2.715024e-12 2.716152e-12 8.184436e-14 1.064651e-13 8.960301e-14 1.355995e-13 9.369376e-14 1.360698e-13 6.984947e-14 9.892752e-14
3791 5.401191e-12 5.403659e-12 8.184436e-14 1.064651e-13 8.960301e-14 1.355995e-13 9.369376e-14 1.360698e-13 6.984947e-14 9.892752e-14
3801 7.103043e-12 7.104605e-12 8.184436e-14 1.064651e-13 8.960301e-14 1.355995e-13 9.369376e-14 1.360698e-13 6.984947e-14 9.892752e-14
3811 1.137782e-11 1.137720e-11 8.184436e-14 1.064651e-13 8.960301e-14 1.355995e-13 9.369376e-14 1.360698e-13 6.984947e-14 9.892752e-14
3821 3.878696e-12 3.879610e-12 8.184436e-14 1.064651e-13 8.960301e-14 1.355995e-13 9.369376e-14 1.360698e-13 6.984947e-14 9.892752e-14
3831 2.742178e-12 2.744243e-12 8.184436e-14 1.064651e-13 8.960301e-14 1.355995e-13 9.369376e-14 1.360698e-13 6.984947e-14 9.892752e-14
3841 3.531296e-12 3.532560e-12 8.184436e-14 1.064651e-13 8.960301e-14 1.355995e-13 9.369376e-14 1.360698e-13 6.984947e-14 9.892752e-14
3851 2.277673e-12 2.279462e-12 8.184436e-14 1.064651e-13 8.960301e-14 1.355995e-13 9.369376e-14 1.360698e-13 6.984947e-14 9.892752e-14
3861 1.265925e-11 1.266044e-11 8.184436e-14 1.064651e-13 8.960301e-14 1.355995e-13 9.369376e-14 1.360698e-13 6.984947e-14 9.892752e-14
3871 1.326872e-12 1.329418e-12 8.184436e-14 1.064651e-13 8.960301e-14 1.355995e-13 9.369376e-14 1.360698e-13 6.984947e-14 9.892752e-14
3881 3.005994e-12 3.005349e-12 8.184436e-14 1.064651e-13 8.960301e-14 1.355995e-13 9.369376e-14 1.360698e-13 6.984947e-14 9.892752e-14
3891 6.042353e-13 6.118414e-13 8.184436e-14 1.064651e-13 8.960301e-14 1.355995e-13 9.369376e-14 1.360698e-13 6.984947e-14 9.892752e-14
3901 2.159242e-12 2.162369e-12 8.184436e-14 1.064651e-13 8.960301e-14 1.355995e-13 9.369376e-14 1.360698e-13 6.984947e-14 9.892752e-14
3911 6.913073e-12 6.911893e-12 8.184436e-14 1.064651e-13 8.960301e-14 1.355995e-13 9.369376e-14 1.360698e-13 6.984947e-14 9.892752e-14
3921 8.680650e-13 8.705940e-13 8.184436e-14 1.064651e-13 8.960301e-14 1.355995e-13 9.369376e-14 1.360698e-13 6.984947e-14 9.892752e-14
3931 3.040254e-12 3.039558e-12 8.184436e-14 1.064651e-13 8.960301e-14 1.355995e-13 9.369376e-14 1.360698e-13 6.984947e-14 9.892752e-14
3941 4.237194e-12 4.236654e-12 8.184436e-14 1.064651e-13 8.960301e-14 1.355995e-13 9.369376e-14 1.360698e-13 6.984947e-14 9.892752e-14
3951 3.720968e-12 3.724072e-12 8.184436e-14 1.064651e-13 8.960301e-14 1.355995e-13 9.369376e-14 1.360698e-13 6.984947e-14 9.892752e-14
3961 2.800705e-12 2.803198e-12 8.184436e-14 1.064651e-13 8.960301e-14 1.355995e-13 9.369376e-14 1.360698e-13 6.984947e-14 9.892752e-14
3971 5.806275e-12 5.806383e-12 8.184436e-14 1.064651e-13 8.960301e-14 1.355995e-13 9.369376e-14 1.360698e-13 6.984947e-14 9.892752e-14
3981 6.646431e-12 6.647358e-12 8.184436e-14 1.064651e-13 8.960301e-14 1.355995e-13 9.369376e-14 1.360698e-13 6.984947e-14 9.892752e-14
3991 3.588929e-12 3.593340e-12 8.184436e-14 1.064651e-13 8.960301e-14 1.355995e-13 9.369376e-14 1.360698e-13 6.984947e-14 9.892752e-14
4001 6.082533e-12 6.084170e-12 8.184436e-14 1.064651e-13 8.960301e-14 1.355995e-13 9.369376e-14 1.360698e-13 6.984947e-14 9.892752e-14
4011 1.088310e-11 1.088377e-11 8.184436e-14 1.064651e-13 8.960301e-14 1.355995e-13 9.369376e-14 1.360698e-13 6.984947e-14 9.892752e-14
4021 1.917394e-11 1.917333e-11 8.184436e-14 1.064651e-13 8.960301e-14 1.355995e-13 9.369376e-14 1.360698e-13 6.984947e-14 9.892752e-14
4031 7.477513e-12 7.478494e-12 8.184436e-14 1.064651e-13 8.960301e-14 1.355995e-13 9.369376e-14 1.360698e-13 6.984947e-14 9.892752e-14
4041 2.948310e-12 2.951433e-12 8.184436e-14 1.064651e-13 8.960301e-14 1.355995e-13 9.369376e-14 1.360698e-13 6.984947e-14 9.892752e-14
4051 1.082259e-11 1.082269e-11 8.184436e-14 1.064651e-13 8.960301e-14 1.355995e-13 9.369376e-14 1.360698e-13 6.984947e-14 9.892752e-14
4061 1.224864e-11 1.224922e-11 8.184436e-14 1.064651e-13 8.960301e-14 1.355995e-13 9.369376e-14 1.360698e-13 6.984947e-14 9.892752e-14
4071 5.708759e-12 5.709038e-12 8.184436e-14 1.064651e-13 8.960301e-14 1.355995e-13 9.369376e-14 1.360698e-13 6.984947e-14 9.892752e-14
4081 7.118574e-12 7.116955e-12 8.184436e-14 1.064651e-13 8.960301e-14 1.355995e-13 9.369376e-14 1.360698e-13 6.984947e-14 9.892752e-14
4091 6.654301e-12 6.655942e-12 8.184436e-14 1.064651e-13 8.960301e-14 1.355995e-13 9.369376e-14 1.360698e-13 6.984947e-14 9.892752e-14
4101 1.006267e-11 1.006336e-11 8.184436e-14 1.064651e-13 8.960301e-14 1.355995e-13 9.369376e-14 1.360698e-13 6.984947e-14 9.892752e-14
4111 8.806871e-12 8.807421e-12 8.184436e-14 1.064651e-13 8.960301e-14 1.355995e-13 9.369376e-14 1.360698e-13 6.984947e-14 9.892752e-14
4121 2.112328e-11 2.112304e-11 8.184436e-14 1.064651e-13 8.960301e-14 1.355995e-13 9.369376e-14 1.360698e-13 6.984947e-14 9.892752e-14
4131 1.959286e-12 1.961176e-12 8.184436e-14 1.064651e-13 8.960301e-14 1.355995e-13 9.369376e-14 1.360698e-13 6.984947e-14 9.892752e-14
4141 3.009521e-12 3.010517e-12 8.184436e-14 1.064651e-13 8.960301e-14 1.355995e-13 9.369376e-14 1.360698e-13 6.984947e-14 9.892752e-14
4151 3.655300e-12 3.656653e-12 8.184436e-14 1.064651e-13 8.960301e-14 1.355995e-13 9.369376e-14 1.360698e-13 6.984947e-14 9.892752e-14
4161 3.465935e-12 3.464690e-12 8.184436e-14 1.064651e-13 8.960301e-14 1.355995e-13 9.369376e-14 1.360698e-13 6.984947e-14 9.892752e-14
4171 4.725961e-12 4.725452e-12 8.184436e-14 1.064651e-13 8.960301e-14 1.355995e-13 9.369376e-14 1.360698e-13 6.984947e-14 9.892752e-14
4181 6.556740e-12 6.556423e-12 8.184436e-14 1.064651e-13 8.960301e-14 1.355995e-13 9.369376e-14 1.360698e-13 6.984947e-14 9.892752e-14
4191 1.813694e-12 1.817639e-12 8.184436e-14 1.064651e-13 8.960301e-14 1.355995e-13 9.369376e-14 1.360698e-13 6.984947e-14 9.892752e-14
4201 2.896353e-12 2.897889e-12 8.184436e-14 1.064651e-13 8.960301e-14 1.355995e-13 9.369376e-14 1.360698e-13 6.984947e-14 9.892752e-14
4211 3.455925e-12 3.457341e-12 8.184436e-14 1.064651e-13 8.960301e-14 1.355995e-13 9.369376e-14 1.360698e-13 6.984947e-14 9.892752e-14
4221 2.963521e-12 2.964906e-12 8.184436e-14 1.064651e-13 8.960301e-14 1.355995e-13 9.369376e-14 1.360698e-13 6.984947e-14 9.892752e-14
4231 3.559993e-12 3.561583e-12 8.184436e-14 1.064651e-13 8.960301e-14 1.355995e-13 9.369376e-14 1.360698e-13 6.984947e-14 9.892752e-14
4241 1.582718e-12 1.585504e-12 8.184436e-14 1.064651e-13 8.960301e-14 1.355995e-13 9.369376e-14 1.360698e-13 6.984947e-14 9.892752e-14
4251 7.226823e-13 7.285596e-13 8.184436e-14 1.064651e-13 8.960301e-14 1.355995e-13 9.369376e-14 1.360698e-13 6.984947e-14 9.892752e-14
4261 7.092094e-13 7.140728e-13 8.184436e-14 1.064651e-13 8.960301e-14 1.355995e-13 9.369376e-14 1.360698e-13 6.984947e-14 9.892752e-14
4271 6.885408e-13 6.954476e-13 8.184436e-14 1.064651e-13 8.960301e-14 1.355995e-13 9.369376e-14 1.360698e-13 6.984947e-14 9.892752e-14
4281 4.847394e-13 4.932862e-13 8.184436e-14 1.064651e-13 8.960301e-14 1.355995e-13 9.369376e-14 1.360698e-13 6.984947e-14 9.892752e-14
4291 1.970600e-13 2.165590e-13 8.184436e-14 1.064651e-13 8.960301e-14 1.355995e-13 9.369376e-14 1.360698e-13 6.984947e-14 9.892752e-14
4301 2.888288e-13 3.029517e-13 8.184436e-14 1.064651e-13 8.960301e-14 1.355995e-13 9.369376e-14 1.360698e-13 6.984947e-14 9.892752e-14
4311 3.088731e-13 3.211582e-13 8.184436e-14 1.064651e-13 8.960301e-14 1.355995e-13 9.369376e-14 1.360698e-13 6.984947e-14 9.892752e-14
4321 2.498687e-13 2.658137e-13 8.184436e-14 1.064651e-13 8.960301e-14 1.355995e-13 9.369376e-14 1.360698e-13 6.984947e-14 9.892752e-14
4331 3.232163e-13 3.353722e-13 8.184436e-14 1.064651e-13 8.960301e-14 1.355995e-13 9.369376e-14 1.360698e-13 6.984947e-14 9.892752e-14
4341 1.741224e-13 1.963082e-13 8.184436e-14 1.064651e-13 8.960301e-14 1.355995e-13 9.369376e-14 1.360698e-13 6.984947e-14 9.892752e-14
4351 1.239063e-13 1.534034e-13 8.184436e-14 1.064651e-13 8.960301e-14 1.355995e-13 9.369376e-14 1.360698e-13 6.984947e-14 9.892752e-14
4361 1.762178e-13 1.979475e-13 8.184436e-14 1.064651e-13 8.960301e-14 1.355995e-13 9.369376e-14 1.360698e-13 6.984947e-14 9.892752e-14
