# Generalizd shifted MINRES method
# A = /home/stern/multi/data/PPE3594_A.csr
# B = /home/stern/multi/data/PPE3594_B.csr
# inner=1.000000e-10, outet=1.000000e-13
# status=-5098, time=110
# converged 1001 / 1001
0 0.400000 0.010000 1432 9.881770e-14 9.814350e-11
1 0.401000 0.010000 1433 9.736027e-14 9.900323e-11
2 0.402000 0.010000 1434 9.809504e-14 9.988497e-11
3 0.403000 0.010000 1437 9.926391e-14 1.007892e-10
4 0.404000 0.010000 1442 9.943778e-14 1.017170e-10
5 0.405000 0.010000 1447 9.912096e-14 1.026690e-10
6 0.406000 0.010000 1452 9.799548e-14 1.036462e-10
7 0.407000 0.010000 1457 9.968972e-14 1.046492e-10
8 0.408000 0.010000 1465 9.930246e-14 1.056792e-10
9 0.409000 0.010000 1471 9.721238e-14 1.067375e-10
10 0.410000 0.010000 1480 9.812689e-14 1.078252e-10
11 0.411000 0.010000 1490 9.869127e-14 1.089433e-10
12 0.412000 0.010000 1500 9.986487e-14 1.100933e-10
13 0.413000 0.010000 1513 9.994128e-14 1.112791e-10
14 0.414000 0.010000 1527 9.996361e-14 1.124995e-10
15 0.415000 0.010000 1543 9.901137e-14 1.137550e-10
16 0.416000 0.010000 1559 9.932826e-14 1.150512e-10
17 0.417000 0.010000 1575 9.824394e-14 1.163893e-10
18 0.418000 0.010000 1593 9.928421e-14 1.177717e-10
19 0.419000 0.010000 1613 9.843819e-14 1.192027e-10
20 0.420000 0.010000 1638 9.975582e-14 1.206837e-10
21 0.421000 0.010000 1663 9.928793e-14 1.222187e-10
22 0.422000 0.010000 1692 9.887385e-14 1.238122e-10
23 0.423000 0.010000 1724 9.819112e-14 1.254656e-10
24 0.424000 0.010000 1749 9.760063e-14 1.271872e-10
25 0.425000 0.010000 1781 9.992636e-14 1.289837e-10
26 0.426000 0.010000 1819 9.992733e-14 1.308559e-10
27 0.427000 0.010000 1861 9.935276e-14 1.328120e-10
28 0.428000 0.010000 1906 9.991480e-14 1.348609e-10
29 0.429000 0.010000 1946 9.992955e-14 1.370087e-10
30 0.430000 0.010000 2000 9.943167e-14 1.392636e-10
31 0.431000 0.010000 2054 9.850439e-14 1.416313e-10
32 0.432000 0.010000 2113 9.957767e-14 1.441176e-10
33 0.433000 0.010000 2190 9.992185e-14 1.467253e-10
34 0.434000 0.010000 2265 9.877007e-14 1.494538e-10
35 0.435000 0.010000 2331 9.841242e-14 1.523038e-10
36 0.436000 0.010000 2400 9.883457e-14 1.552766e-10
37 0.437000 0.010000 2480 9.915614e-14 1.583640e-10
38 0.438000 0.010000 2538 9.873752e-14 1.615531e-10
39 0.439000 0.010000 2615 9.793964e-14 1.648571e-10
40 0.440000 0.010000 2700 9.981167e-14 1.682784e-10
41 0.441000 0.010000 2805 9.938957e-14 1.718408e-10
42 0.442000 0.010000 2878 9.958463e-14 1.755498e-10
43 0.443000 0.010000 2943 9.853265e-14 1.794272e-10
44 0.444000 0.010000 3035 9.987124e-14 1.834734e-10
45 0.445000 0.010000 3128 9.925179e-14 1.876809e-10
46 0.446000 0.010000 3217 9.808602e-14 1.920257e-10
47 0.447000 0.010000 3279 9.892293e-14 1.964607e-10
48 0.448000 0.010000 3354 9.887188e-14 2.009477e-10
49 0.449000 0.010000 3419 9.907830e-14 2.054380e-10
50 0.450000 0.010000 3481 9.940761e-14 2.098968e-10
51 0.451000 0.010000 3546 9.975220e-14 2.143165e-10
52 0.452000 0.010000 3624 9.975040e-14 2.186975e-10
53 0.453000 0.010000 3681 9.940114e-14 2.230673e-10
54 0.454000 0.010000 3740 9.993606e-14 2.274580e-10
55 0.455000 0.010000 3795 9.956312e-14 2.318994e-10
56 0.456000 0.010000 3829 9.914141e-14 2.364122e-10
57 0.457000 0.010000 3870 9.972502e-14 2.410308e-10
58 0.458000 0.010000 3932 9.965649e-14 2.457831e-10
59 0.459000 0.010000 3974 9.960295e-14 2.506886e-10
60 0.460000 0.010000 4012 9.930876e-14 2.558051e-10
61 0.461000 0.010000 4054 9.908729e-14 2.611452e-10
62 0.462000 0.010000 4102 9.897445e-14 2.667570e-10
63 0.463000 0.010000 4145 9.980521e-14 2.726765e-10
64 0.464000 0.010000 4181 9.979888e-14 2.789195e-10
65 0.465000 0.010000 4219 9.897832e-14 2.855215e-10
66 0.466000 0.010000 4257 9.969386e-14 2.925037e-10
67 0.467000 0.010000 4302 9.934562e-14 2.998894e-10
68 0.468000 0.010000 4338 9.970321e-14 3.076935e-10
69 0.469000 0.010000 4376 9.982479e-14 3.159350e-10
70 0.470000 0.010000 4409 9.965831e-14 3.246022e-10
71 0.471000 0.010000 4443 9.994071e-14 3.337111e-10
72 0.472000 0.010000 4479 9.985161e-14 3.432617e-10
73 0.473000 0.010000 4508 9.998482e-14 3.532719e-10
74 0.474000 0.010000 4538 9.971271e-14 3.637777e-10
75 0.475000 0.010000 4564 9.911467e-14 3.748161e-10
76 0.476000 0.010000 4588 9.950085e-14 3.864254e-10
77 0.477000 0.010000 4616 9.933270e-14 3.986474e-10
78 0.478000 0.010000 4644 9.934494e-14 4.115133e-10
79 0.479000 0.010000 4671 9.959982e-14 4.250451e-10
80 0.480000 0.010000 4694 9.997053e-14 4.392766e-10
81 0.481000 0.010000 4721 9.984170e-14 4.542186e-10
82 0.482000 0.010000 4746 9.996378e-14 4.698796e-10
83 0.483000 0.010000 4766 9.988355e-14 4.862558e-10
84 0.484000 0.010000 4789 9.964006e-14 5.033303e-10
85 0.485000 0.010000 4809 9.960396e-14 5.211102e-10
86 0.486000 0.010000 4828 9.992376e-14 5.395722e-10
87 0.487000 0.010000 4847 9.914823e-14 5.587604e-10
88 0.488000 0.010000 4863 9.992469e-14 5.786618e-10
89 0.489000 0.010000 4881 9.935402e-14 5.993176e-10
90 0.490000 0.010000 4898 9.988072e-14 6.207080e-10
91 0.491000 0.010000 4917 9.961118e-14 6.428213e-10
92 0.492000 0.010000 4935 9.972105e-14 6.655942e-10
93 0.493000 0.010000 4951 9.964941e-14 6.889287e-10
94 0.494000 0.010000 4966 9.949874e-14 7.126695e-10
95 0.495000 0.010000 4980 9.936579e-14 7.365720e-10
96 0.496000 0.010000 4993 9.997602e-14 7.603304e-10
97 0.497000 0.010000 5004 9.978616e-14 7.835282e-10
98 0.498000 0.010000 5016 9.998077e-14 8.056943e-10
99 0.499000 0.010000 5026 9.939556e-14 8.263227e-10
100 0.500000 0.010000 5036 9.948617e-14 8.448960e-10
101 0.501000 0.010000 5045 9.952939e-14 8.609733e-10
102 0.502000 0.010000 5054 9.927949e-14 8.741750e-10
103 0.503000 0.010000 5060 9.977587e-14 8.842771e-10
104 0.504000 0.010000 5066 9.993826e-14 8.911844e-10
105 0.505000 0.010000 5071 9.964095e-14 8.949604e-10
106 0.506000 0.010000 5075 9.974188e-14 8.958209e-10
107 0.507000 0.010000 5077 9.999007e-14 8.940788e-10
108 0.508000 0.010000 5080 9.982687e-14 8.901775e-10
109 0.509000 0.010000 5082 9.968092e-14 8.845721e-10
110 0.510000 0.010000 5083 9.976165e-14 8.777817e-10
111 0.511000 0.010000 5084 9.956627e-14 8.702635e-10
112 0.512000 0.010000 5084 9.984755e-14 8.624579e-10
113 0.513000 0.010000 5085 9.959295e-14 8.547027e-10
114 0.514000 0.010000 5085 9.978101e-14 8.472606e-10
115 0.515000 0.010000 5085 9.996709e-14 8.403097e-10
116 0.516000 0.010000 5086 9.972272e-14 8.339311e-10
117 0.517000 0.010000 5086 9.992969e-14 8.281783e-10
118 0.518000 0.010000 5087 9.948432e-14 8.230354e-10
119 0.519000 0.010000 5087 9.969428e-14 8.185002e-10
120 0.520000 0.010000 5087 9.989461e-14 8.145357e-10
121 0.521000 0.010000 5088 9.945142e-14 8.111239e-10
122 0.522000 0.010000 5088 9.959551e-14 8.082377e-10
123 0.523000 0.010000 5088 9.969700e-14 8.058720e-10
124 0.524000 0.010000 5088 9.974755e-14 8.040317e-10
125 0.525000 0.010000 5088 9.974347e-14 8.027409e-10
126 0.526000 0.010000 5088 9.968697e-14 8.020514e-10
127 0.527000 0.010000 5088 9.958617e-14 8.020012e-10
128 0.528000 0.010000 5088 9.945412e-14 8.026703e-10
129 0.529000 0.010000 5087 9.993171e-14 8.040898e-10
130 0.530000 0.010000 5087 9.978522e-14 8.063228e-10
131 0.531000 0.010000 5087 9.965357e-14 8.093803e-10
132 0.532000 0.010000 5087 9.954345e-14 8.132394e-10
133 0.533000 0.010000 5087 9.945183e-14 8.178531e-10
134 0.534000 0.010000 5087 9.936504e-14 8.230680e-10
135 0.535000 0.010000 5086 9.991491e-14 8.287596e-10
136 0.536000 0.010000 5086 9.976802e-14 8.347188e-10
137 0.537000 0.010000 5085 9.997148e-14 8.408262e-10
138 0.538000 0.010000 5085 9.968223e-14 8.469978e-10
139 0.539000 0.010000 5084 9.977989e-14 8.532403e-10
140 0.540000 0.010000 5083 9.999267e-14 8.596951e-10
141 0.541000 0.010000 5083 9.954724e-14 8.665094e-10
142 0.542000 0.010000 5082 9.965798e-14 8.739552e-10
143 0.543000 0.010000 5081 9.983714e-14 8.822207e-10
144 0.544000 0.010000 5080 9.986870e-14 8.915377e-10
145 0.545000 0.010000 5079 9.986715e-14 9.020580e-10
146 0.546000 0.010000 5079 9.962869e-14 9.138947e-10
147 0.547000 0.010000 5078 9.991168e-14 9.271776e-10
148 0.548000 0.010000 5078 9.984196e-14 9.419516e-10
149 0.549000 0.010000 5078 9.986096e-14 9.583638e-10
150 0.550000 0.010000 5078 9.996921e-14 9.764833e-10
151 0.551000 0.010000 5079 9.973529e-14 9.964749e-10
152 0.552000 0.010000 5080 9.967169e-14 1.018489e-09
153 0.553000 0.010000 5081 9.959261e-14 1.042706e-09
154 0.554000 0.010000 5082 9.944158e-14 1.069378e-09
155 0.555000 0.010000 5082 9.992953e-14 1.098715e-09
156 0.556000 0.010000 5083 9.999644e-14 1.131015e-09
157 0.557000 0.010000 5085 9.952997e-14 1.166481e-09
158 0.558000 0.010000 5086 9.984689e-14 1.205331e-09
159 0.559000 0.010000 5088 9.949981e-14 1.247665e-09
160 0.560000 0.010000 5089 9.995907e-14 1.293475e-09
161 0.561000 0.010000 5091 9.992617e-14 1.342637e-09
162 0.562000 0.010000 5093 9.997835e-14 1.394801e-09
163 0.563000 0.010000 5095 9.997591e-14 1.449461e-09
164 0.564000 0.010000 5097 9.920723e-14 1.505784e-09
165 0.565000 0.010000 5097 9.994450e-14 1.562700e-09
166 0.566000 0.010000 5098 9.970618e-14 1.618748e-09
167 0.567000 0.010000 5098 9.972730e-14 1.672185e-09
168 0.568000 0.010000 5097 9.989631e-14 1.720974e-09
169 0.569000 0.010000 5096 9.959739e-14 1.762939e-09
170 0.570000 0.010000 5092 9.993808e-14 1.795992e-09
171 0.571000 0.010000 5088 9.934794e-14 1.818315e-09
172 0.572000 0.010000 5081 9.977620e-14 1.828715e-09
173 0.573000 0.010000 5072 9.996986e-14 1.826669e-09
174 0.574000 0.010000 5063 9.967654e-14 1.812497e-09
175 0.575000 0.010000 5051 9.991890e-14 1.787166e-09
176 0.576000 0.010000 5038 9.986849e-14 1.752162e-09
177 0.577000 0.010000 5023 9.993910e-14 1.709237e-09
178 0.578000 0.010000 5009 9.967884e-14 1.660165e-09
179 0.579000 0.010000 4992 9.986088e-14 1.606706e-09
180 0.580000 0.010000 4974 9.980377e-14 1.550407e-09
181 0.581000 0.010000 4955 9.954782e-14 1.492717e-09
182 0.582000 0.010000 4935 9.977492e-14 1.434862e-09
183 0.583000 0.010000 4916 9.956014e-14 1.377900e-09
184 0.584000 0.010000 4897 9.975978e-14 1.322727e-09
185 0.585000 0.010000 4878 9.995906e-14 1.270003e-09
186 0.586000 0.010000 4861 9.998327e-14 1.220275e-09
187 0.587000 0.010000 4845 9.986278e-14 1.173880e-09
188 0.588000 0.010000 4834 9.965158e-14 1.131059e-09
189 0.589000 0.010000 4820 9.997503e-14 1.091932e-09
190 0.590000 0.010000 4810 9.938667e-14 1.056520e-09
191 0.591000 0.010000 4803 9.982038e-14 1.024809e-09
192 0.592000 0.010000 4796 9.988413e-14 9.967129e-10
193 0.593000 0.010000 4790 9.993372e-14 9.721318e-10
194 0.594000 0.010000 4787 9.959597e-14 9.509442e-10
195 0.595000 0.010000 4783 9.995043e-14 9.329930e-10
196 0.596000 0.010000 4782 9.990514e-14 9.181218e-10
197 0.597000 0.010000 4782 9.949795e-14 9.061166e-10
198 0.598000 0.010000 4782 9.943813e-14 8.967343e-10
199 0.599000 0.010000 4782 9.958289e-14 8.896580e-10
200 0.600000 0.010000 4782 9.977995e-14 8.844837e-10
201 0.601000 0.010000 4782 9.986379e-14 8.807228e-10
202 0.602000 0.010000 4782 9.965889e-14 8.777695e-10
203 0.603000 0.010000 4781 9.967879e-14 8.749623e-10
204 0.604000 0.010000 4778 9.987430e-14 8.716003e-10
205 0.605000 0.010000 4776 9.915434e-14 8.670481e-10
206 0.606000 0.010000 4771 9.964857e-14 8.608153e-10
207 0.607000 0.010000 4764 9.995289e-14 8.526490e-10
208 0.608000 0.010000 4757 9.945010e-14 8.425853e-10
209 0.609000 0.010000 4748 9.975264e-14 8.309610e-10
210 0.610000 0.010000 4739 9.993787e-14 8.183452e-10
211 0.611000 0.010000 4729 9.957305e-14 8.054725e-10
212 0.612000 0.010000 4719 9.936669e-14 7.931163e-10
213 0.613000 0.010000 4708 9.942005e-14 7.820007e-10
214 0.614000 0.010000 4698 9.961181e-14 7.727410e-10
215 0.615000 0.010000 4688 9.991040e-14 7.657834e-10
216 0.616000 0.010000 4680 9.969302e-14 7.614286e-10
217 0.617000 0.010000 4673 9.915152e-14 7.598063e-10
218 0.618000 0.010000 4666 9.952460e-14 7.609057e-10
219 0.619000 0.010000 4659 9.995752e-14 7.645890e-10
220 0.620000 0.010000 4654 9.972643e-14 7.705279e-10
221 0.621000 0.010000 4649 9.975384e-14 7.783066e-10
222 0.622000 0.010000 4644 9.920952e-14 7.872432e-10
223 0.623000 0.010000 4638 9.979917e-14 7.965483e-10
224 0.624000 0.010000 4631 9.992523e-14 8.052338e-10
225 0.625000 0.010000 4624 9.963815e-14 8.121758e-10
226 0.626000 0.010000 4617 9.913578e-14 8.163223e-10
227 0.627000 0.010000 4608 9.996830e-14 8.166112e-10
228 0.628000 0.010000 4598 9.943023e-14 8.123640e-10
229 0.629000 0.010000 4585 9.973402e-14 8.031752e-10
230 0.630000 0.010000 4573 9.954421e-14 7.890899e-10
231 0.631000 0.010000 4557 9.956289e-14 7.706170e-10
232 0.632000 0.010000 4543 9.996675e-14 7.484669e-10
233 0.633000 0.010000 4527 9.964355e-14 7.236682e-10
234 0.634000 0.010000 4508 9.997123e-14 6.971866e-10
235 0.635000 0.010000 4490 9.966725e-14 6.699587e-10
236 0.636000 0.010000 4472 9.987105e-14 6.427900e-10
237 0.637000 0.010000 4453 9.945758e-14 6.162477e-10
238 0.638000 0.010000 4433 9.986190e-14 5.907765e-10
239 0.639000 0.010000 4414 9.985156e-14 5.666432e-10
240 0.640000 0.010000 4394 9.970662e-14 5.439633e-10
241 0.641000 0.010000 4372 9.989921e-14 5.228174e-10
242 0.642000 0.010000 4350 9.936391e-14 5.031626e-10
243 0.643000 0.010000 4328 9.983176e-14 4.849403e-10
244 0.644000 0.010000 4307 9.966075e-14 4.680937e-10
245 0.645000 0.010000 4282 9.997989e-14 4.524911e-10
246 0.646000 0.010000 4259 9.976312e-14 4.380613e-10
247 0.647000 0.010000 4236 9.953975e-14 4.247002e-10
248 0.648000 0.010000 4209 9.962857e-14 4.122917e-10
249 0.649000 0.010000 4187 9.943111e-14 4.007724e-10
250 0.650000 0.010000 4154 9.945496e-14 3.900297e-10
251 0.651000 0.010000 4123 9.934926e-14 3.799901e-10
252 0.652000 0.010000 4091 9.981872e-14 3.706018e-10
253 0.653000 0.010000 4055 9.971013e-14 3.617809e-10
254 0.654000 0.010000 4015 9.990854e-14 3.534938e-10
255 0.655000 0.010000 3977 9.915360e-14 3.456978e-10
256 0.656000 0.010000 3930 9.920876e-14 3.383485e-10
257 0.657000 0.010000 3882 9.967816e-14 3.314126e-10
258 0.658000 0.010000 3834 9.915870e-14 3.248576e-10
259 0.659000 0.010000 3778 9.974839e-14 3.186567e-10
260 0.660000 0.010000 3720 9.966588e-14 3.127652e-10
261 0.661000 0.010000 3660 9.958519e-14 3.071672e-10
262 0.662000 0.010000 3595 9.955499e-14 3.018286e-10
263 0.663000 0.010000 3533 9.949893e-14 2.967321e-10
264 0.664000 0.010000 3472 9.894867e-14 2.918539e-10
265 0.665000 0.010000 3407 9.932598e-14 2.871883e-10
266 0.666000 0.010000 3345 9.921816e-14 2.827166e-10
267 0.667000 0.010000 3292 9.835529e-14 2.784304e-10
268 0.668000 0.010000 3239 9.928808e-14 2.743257e-10
269 0.669000 0.010000 3190 9.969059e-14 2.704048e-10
270 0.670000 0.010000 3149 9.932347e-14 2.666524e-10
271 0.671000 0.010000 3118 9.862981e-14 2.630658e-10
272 0.672000 0.010000 3091 9.992674e-14 2.596405e-10
273 0.673000 0.010000 3074 9.976179e-14 2.563687e-10
274 0.674000 0.010000 3059 9.901022e-14 2.532444e-10
275 0.675000 0.010000 3056 9.903156e-14 2.502648e-10
276 0.676000 0.010000 3056 9.952027e-14 2.474243e-10
277 0.677000 0.010000 3060 9.978566e-14 2.447161e-10
278 0.678000 0.010000 3076 9.813975e-14 2.421342e-10
279 0.679000 0.010000 3094 9.979957e-14 2.396723e-10
280 0.680000 0.010000 3119 9.870566e-14 2.373352e-10
281 0.681000 0.010000 3150 9.892357e-14 2.351108e-10
282 0.682000 0.010000 3189 9.999629e-14 2.329971e-10
283 0.683000 0.010000 3231 9.952100e-14 2.309929e-10
284 0.684000 0.010000 3274 9.924462e-14 2.290924e-10
285 0.685000 0.010000 3320 9.992516e-14 2.272875e-10
286 0.686000 0.010000 3371 9.970241e-14 2.255803e-10
287 0.687000 0.010000 3420 9.948335e-14 2.239548e-10
288 0.688000 0.010000 3473 9.978761e-14 2.224075e-10
289 0.689000 0.010000 3522 9.898166e-14 2.209275e-10
290 0.690000 0.010000 3568 9.964223e-14 2.194965e-10
291 0.691000 0.010000 3604 9.971206e-14 2.181168e-10
292 0.692000 0.010000 3643 9.905519e-14 2.167763e-10
293 0.693000 0.010000 3678 9.862282e-14 2.154610e-10
294 0.694000 0.010000 3708 9.961252e-14 2.141765e-10
295 0.695000 0.010000 3739 9.836944e-14 2.129229e-10
296 0.696000 0.010000 3763 9.958743e-14 2.116852e-10
297 0.697000 0.010000 3786 9.995170e-14 2.104737e-10
298 0.698000 0.010000 3805 9.862004e-14 2.092789e-10
299 0.699000 0.010000 3822 9.954756e-14 2.081017e-10
300 0.700000 0.010000 3838 9.955626e-14 2.069522e-10
301 0.701000 0.010000 3848 9.939942e-14 2.058216e-10
302 0.702000 0.010000 3858 9.992330e-14 2.047277e-10
303 0.703000 0.010000 3869 9.934225e-14 2.036814e-10
304 0.704000 0.010000 3877 9.963020e-14 2.026874e-10
305 0.705000 0.010000 3884 9.969327e-14 2.017668e-10
306 0.706000 0.010000 3889 9.983318e-14 2.009294e-10
307 0.707000 0.010000 3895 9.909672e-14 2.001848e-10
308 0.708000 0.010000 3897 9.956039e-14 1.995453e-10
309 0.709000 0.010000 3901 9.968271e-14 1.990151e-10
310 0.710000 0.010000 3903 9.903228e-14 1.985978e-10
311 0.711000 0.010000 3904 9.937056e-14 1.982872e-10
312 0.712000 0.010000 3904 9.986839e-14 1.980821e-10
313 0.713000 0.010000 3904 9.980653e-14 1.979611e-10
314 0.714000 0.010000 3903 9.993707e-14 1.979168e-10
315 0.715000 0.010000 3903 9.873127e-14 1.979227e-10
316 0.716000 0.010000 3900 9.984492e-14 1.979589e-10
317 0.717000 0.010000 3897 9.900123e-14 1.980151e-10
318 0.718000 0.010000 3894 9.938969e-14 1.980670e-10
319 0.719000 0.010000 3889 9.894751e-14 1.981308e-10
320 0.720000 0.010000 3883 9.959889e-14 1.982021e-10
321 0.721000 0.010000 3876 9.978005e-14 1.983107e-10
322 0.722000 0.010000 3869 9.959035e-14 1.984825e-10
323 0.723000 0.010000 3861 9.991064e-14 1.987393e-10
324 0.724000 0.010000 3856 9.879388e-14 1.991199e-10
325 0.725000 0.010000 3852 9.941048e-14 1.996407e-10
326 0.726000 0.010000 3847 9.917815e-14 2.003194e-10
327 0.727000 0.010000 3843 9.968296e-14 2.011802e-10
328 0.728000 0.010000 3838 9.971217e-14 2.022254e-10
329 0.729000 0.010000 3831 9.948423e-14 2.034713e-10
330 0.730000 0.010000 3823 9.949268e-14 2.049280e-10
331 0.731000 0.010000 3815 9.982211e-14 2.066014e-10
332 0.732000 0.010000 3809 9.949159e-14 2.085122e-10
333 0.733000 0.010000 3801 9.998484e-14 2.106659e-10
334 0.734000 0.010000 3794 9.952952e-14 2.130853e-10
335 0.735000 0.010000 3786 9.864709e-14 2.157963e-10
336 0.736000 0.010000 3776 9.951573e-14 2.188102e-10
337 0.737000 0.010000 3765 9.986061e-14 2.221643e-10
338 0.738000 0.010000 3754 9.884127e-14 2.258733e-10
339 0.739000 0.010000 3747 9.835119e-14 2.299632e-10
340 0.740000 0.010000 3739 9.901992e-14 2.344628e-10
341 0.741000 0.010000 3728 9.967160e-14 2.393895e-10
342 0.742000 0.010000 3714 9.934094e-14 2.447866e-10
343 0.743000 0.010000 3697 9.999264e-14 2.506767e-10
344 0.744000 0.010000 3681 9.981928e-14 2.571020e-10
345 0.745000 0.010000 3669 9.905909e-14 2.641050e-10
346 0.746000 0.010000 3651 9.991309e-14 2.717177e-10
347 0.747000 0.010000 3636 9.935068e-14 2.799633e-10
348 0.748000 0.010000 3622 9.943501e-14 2.888498e-10
349 0.749000 0.010000 3598 9.982037e-14 2.983500e-10
350 0.750000 0.010000 3572 9.975964e-14 3.083689e-10
351 0.751000 0.010000 3545 9.950705e-14 3.187816e-10
352 0.752000 0.010000 3520 9.953981e-14 3.293760e-10
353 0.753000 0.010000 3488 9.945411e-14 3.398781e-10
354 0.754000 0.010000 3466 9.984237e-14 3.500035e-10
355 0.755000 0.010000 3434 9.957361e-14 3.594817e-10
356 0.756000 0.010000 3403 9.962731e-14 3.680767e-10
357 0.757000 0.010000 3374 9.948247e-14 3.757073e-10
358 0.758000 0.010000 3347 9.947231e-14 3.824009e-10
359 0.759000 0.010000 3325 9.985672e-14 3.883277e-10
360 0.760000 0.010000 3301 9.886159e-14 3.937625e-10
361 0.761000 0.010000 3287 9.969066e-14 3.990051e-10
362 0.762000 0.010000 3278 9.803734e-14 4.043486e-10
363 0.763000 0.010000 3267 9.971637e-14 4.099821e-10
364 0.764000 0.010000 3263 9.951651e-14 4.159108e-10
365 0.765000 0.010000 3264 9.988600e-14 4.219866e-10
366 0.766000 0.010000 3271 9.956492e-14 4.278661e-10
367 0.767000 0.010000 3281 9.995317e-14 4.330159e-10
368 0.768000 0.010000 3293 9.772259e-14 4.368118e-10
369 0.769000 0.010000 3302 9.967709e-14 4.386558e-10
370 0.770000 0.010000 3324 9.987516e-14 4.380387e-10
371 0.771000 0.010000 3340 9.822096e-14 4.346508e-10
372 0.772000 0.010000 3350 9.927416e-14 4.284702e-10
373 0.773000 0.010000 3367 9.973072e-14 4.197352e-10
374 0.774000 0.010000 3382 9.867599e-14 4.088710e-10
375 0.775000 0.010000 3395 9.976798e-14 3.964256e-10
376 0.776000 0.010000 3403 9.913119e-14 3.829755e-10
377 0.777000 0.010000 3409 9.961099e-14 3.690318e-10
378 0.778000 0.010000 3415 9.911363e-14 3.550426e-10
379 0.779000 0.010000 3419 9.962878e-14 3.413461e-10
380 0.780000 0.010000 3424 9.907727e-14 3.281722e-10
381 0.781000 0.010000 3426 9.987782e-14 3.156886e-10
382 0.782000 0.010000 3428 9.991613e-14 3.039731e-10
383 0.783000 0.010000 3429 9.971611e-14 2.930603e-10
384 0.784000 0.010000 3429 9.956336e-14 2.829538e-10
385 0.785000 0.010000 3427 9.996693e-14 2.736213e-10
386 0.786000 0.010000 3426 9.950302e-14 2.650337e-10
387 0.787000 0.010000 3424 9.966379e-14 2.571448e-10
388 0.788000 0.010000 3423 9.924581e-14 2.499141e-10
389 0.789000 0.010000 3419 9.993478e-14 2.432943e-10
390 0.790000 0.010000 3417 9.917769e-14 2.372441e-10
391 0.791000 0.010000 3415 9.988558e-14 2.317237e-10
392 0.792000 0.010000 3411 9.974771e-14 2.266897e-10
393 0.793000 0.010000 3410 9.792994e-14 2.221156e-10
394 0.794000 0.010000 3408 9.876661e-14 2.179628e-10
395 0.795000 0.010000 3403 9.917454e-14 2.142022e-10
396 0.796000 0.010000 3401 9.839739e-14 2.108109e-10
397 0.797000 0.010000 3395 9.910173e-14 2.077458e-10
398 0.798000 0.010000 3388 9.957697e-14 2.049864e-10
399 0.799000 0.010000 3381 9.998218e-14 2.024845e-10
400 0.800000 0.010000 3374 9.943231e-14 2.002035e-10
401 0.801000 0.010000 3366 9.991000e-14 1.981005e-10
402 0.802000 0.010000 3360 9.980789e-14 1.961274e-10
403 0.803000 0.010000 3355 9.846013e-14 1.942537e-10
404 0.804000 0.010000 3348 9.984001e-14 1.924327e-10
405 0.805000 0.010000 3342 9.865262e-14 1.906455e-10
406 0.806000 0.010000 3335 9.912946e-14 1.888645e-10
407 0.807000 0.010000 3326 9.877936e-14 1.870655e-10
408 0.808000 0.010000 3316 9.981382e-14 1.852463e-10
409 0.809000 0.010000 3308 9.821121e-14 1.833775e-10
410 0.810000 0.010000 3300 9.918223e-14 1.814600e-10
411 0.811000 0.010000 3292 9.971445e-14 1.794919e-10
412 0.812000 0.010000 3280 9.928544e-14 1.774611e-10
413 0.813000 0.010000 3269 9.983529e-14 1.753943e-10
414 0.814000 0.010000 3260 9.941051e-14 1.732976e-10
415 0.815000 0.010000 3252 9.912358e-14 1.711888e-10
416 0.816000 0.010000 3244 9.828857e-14 1.691093e-10
417 0.817000 0.010000 3229 9.982768e-14 1.670572e-10
418 0.818000 0.010000 3214 9.963188e-14 1.650719e-10
419 0.819000 0.010000 3193 9.970917e-14 1.631635e-10
420 0.820000 0.010000 3172 9.952539e-14 1.613350e-10
421 0.821000 0.010000 3150 9.992403e-14 1.596095e-10
422 0.822000 0.010000 3133 9.870313e-14 1.579795e-10
423 0.823000 0.010000 3115 9.926725e-14 1.564393e-10
424 0.824000 0.010000 3097 9.944223e-14 1.549980e-10
425 0.825000 0.010000 3076 9.957225e-14 1.536365e-10
426 0.826000 0.010000 3055 9.990238e-14 1.523503e-10
427 0.827000 0.010000 3038 9.907836e-14 1.511396e-10
428 0.828000 0.010000 3022 9.955512e-14 1.499803e-10
429 0.829000 0.010000 3001 9.970071e-14 1.488731e-10
430 0.830000 0.010000 2981 9.988037e-14 1.478089e-10
431 0.831000 0.010000 2970 9.754311e-14 1.467698e-10
432 0.832000 0.010000 2960 9.892774e-14 1.457616e-10
433 0.833000 0.010000 2938 9.963084e-14 1.447730e-10
434 0.834000 0.010000 2920 9.969731e-14 1.438003e-10
435 0.835000 0.010000 2902 9.935492e-14 1.428437e-10
436 0.836000 0.010000 2876 9.942593e-14 1.419042e-10
437 0.837000 0.010000 2851 9.981296e-14 1.409813e-10
438 0.838000 0.010000 2833 9.866521e-14 1.400743e-10
439 0.839000 0.010000 2812 9.938971e-14 1.391929e-10
440 0.840000 0.010000 2792 9.998533e-14 1.383307e-10
441 0.841000 0.010000 2774 9.934012e-14 1.374916e-10
442 0.842000 0.010000 2746 9.982027e-14 1.366764e-10
443 0.843000 0.010000 2715 9.939936e-14 1.358868e-10
444 0.844000 0.010000 2687 9.987318e-14 1.351168e-10
445 0.845000 0.010000 2659 9.905199e-14 1.343741e-10
446 0.846000 0.010000 2635 9.889428e-14 1.336545e-10
447 0.847000 0.010000 2613 9.972746e-14 1.329561e-10
448 0.848000 0.010000 2580 9.933634e-14 1.322861e-10
449 0.849000 0.010000 2543 9.915555e-14 1.316385e-10
450 0.850000 0.010000 2501 9.961771e-14 1.310145e-10
451 0.851000 0.010000 2465 9.817262e-14 1.304177e-10
452 0.852000 0.010000 2421 9.985176e-14 1.298479e-10
453 0.853000 0.010000 2380 9.816960e-14 1.293016e-10
454 0.854000 0.010000 2337 9.892800e-14 1.287842e-10
455 0.855000 0.010000 2288 9.866167e-14 1.282889e-10
456 0.856000 0.010000 2239 9.855292e-14 1.278224e-10
457 0.857000 0.010000 2187 9.902047e-14 1.273812e-10
458 0.858000 0.010000 2138 9.847649e-14 1.269617e-10
459 0.859000 0.010000 2093 9.916308e-14 1.265618e-10
460 0.860000 0.010000 2054 9.810744e-14 1.261754e-10
461 0.861000 0.010000 2011 9.690971e-14 1.257976e-10
462 0.862000 0.010000 1953 9.882959e-14 1.254225e-10
463 0.863000 0.010000 1874 9.955956e-14 1.250455e-10
464 0.864000 0.010000 1813 9.996301e-14 1.246608e-10
465 0.865000 0.010000 1764 9.963870e-14 1.242697e-10
466 0.866000 0.010000 1701 9.853481e-14 1.238752e-10
467 0.867000 0.010000 1650 9.916124e-14 1.234763e-10
468 0.868000 0.010000 1598 9.805723e-14 1.230855e-10
469 0.869000 0.010000 1549 9.833373e-14 1.227026e-10
470 0.870000 0.010000 1506 9.696880e-14 1.223348e-10
471 0.871000 0.010000 1463 9.793089e-14 1.219792e-10
472 0.872000 0.010000 1417 9.860611e-14 1.216423e-10
473 0.873000 0.010000 1374 9.708255e-14 1.213219e-10
474 0.874000 0.010000 1334 9.987220e-14 1.210200e-10
475 0.875000 0.010000 1297 9.601863e-14 1.207332e-10
476 0.876000 0.010000 1264 9.660995e-14 1.204636e-10
477 0.877000 0.010000 1230 9.962314e-14 1.202131e-10
478 0.878000 0.010000 1203 9.907524e-14 1.199697e-10
479 0.879000 0.010000 1172 9.845412e-14 1.197428e-10
480 0.880000 0.010000 1147 9.671627e-14 1.195294e-10
481 0.881000 0.010000 1121 9.764109e-14 1.193292e-10
482 0.882000 0.010000 1099 9.992330e-14 1.191416e-10
483 0.883000 0.010000 1080 9.836166e-14 1.189688e-10
484 0.884000 0.010000 1061 9.984345e-14 1.188041e-10
485 0.885000 0.010000 1044 9.617447e-14 1.186522e-10
486 0.886000 0.010000 1027 9.805972e-14 1.185096e-10
487 0.887000 0.010000 1011 9.790633e-14 1.183770e-10
488 0.888000 0.010000 1000 9.982704e-14 1.182539e-10
489 0.889000 0.010000 988 9.727697e-14 1.181388e-10
490 0.890000 0.010000 977 9.742391e-14 1.180346e-10
491 0.891000 0.010000 968 9.471564e-14 1.179391e-10
492 0.892000 0.010000 959 9.735478e-14 1.178507e-10
493 0.893000 0.010000 950 9.921655e-14 1.177679e-10
494 0.894000 0.010000 943 9.768556e-14 1.176983e-10
495 0.895000 0.010000 935 9.638779e-14 1.176336e-10
496 0.896000 0.010000 928 9.534159e-14 1.175762e-10
497 0.897000 0.010000 922 9.820826e-14 1.175265e-10
498 0.898000 0.010000 919 9.637986e-14 1.174853e-10
499 0.899000 0.010000 913 9.769022e-14 1.174505e-10
500 0.900000 0.010000 911 9.683229e-14 1.174232e-10
501 0.901000 0.010000 905 9.968152e-14 1.174020e-10
502 0.902000 0.010000 903 9.947439e-14 1.173884e-10
503 0.903000 0.010000 902 9.813333e-14 1.173816e-10
504 0.904000 0.010000 901 9.786734e-14 1.173817e-10
505 0.905000 0.010000 897 9.890625e-14 1.173896e-10
506 0.906000 0.010000 897 9.654815e-14 1.174058e-10
507 0.907000 0.010000 896 9.946762e-14 1.174306e-10
508 0.908000 0.010000 897 9.679660e-14 1.174607e-10
509 0.909000 0.010000 897 9.943393e-14 1.174996e-10
510 0.910000 0.010000 901 9.902666e-14 1.175462e-10
511 0.911000 0.010000 903 9.452430e-14 1.176024e-10
512 0.912000 0.010000 904 9.704317e-14 1.176648e-10
513 0.913000 0.010000 907 9.949632e-14 1.177353e-10
514 0.914000 0.010000 912 9.509541e-14 1.178142e-10
515 0.915000 0.010000 915 9.921642e-14 1.179014e-10
516 0.916000 0.010000 920 9.965215e-14 1.179969e-10
517 0.917000 0.010000 927 9.483643e-14 1.181022e-10
518 0.918000 0.010000 930 9.700881e-14 1.182170e-10
519 0.919000 0.010000 937 9.925156e-14 1.183419e-10
520 0.920000 0.010000 946 9.632351e-14 1.184732e-10
521 0.921000 0.010000 955 9.554927e-14 1.186193e-10
522 0.922000 0.010000 963 9.678259e-14 1.187759e-10
523 0.923000 0.010000 972 9.927601e-14 1.189417e-10
524 0.924000 0.010000 986 9.911441e-14 1.191215e-10
525 0.925000 0.010000 997 9.525142e-14 1.193139e-10
526 0.926000 0.010000 1011 9.710622e-14 1.195199e-10
527 0.927000 0.010000 1023 9.933734e-14 1.197428e-10
528 0.928000 0.010000 1043 9.974964e-14 1.199808e-10
529 0.929000 0.010000 1064 9.640486e-14 1.202300e-10
530 0.930000 0.010000 1087 9.994217e-14 1.205050e-10
531 0.931000 0.010000 1111 9.976447e-14 1.207974e-10
532 0.932000 0.010000 1133 9.875625e-14 1.211089e-10
533 0.933000 0.010000 1161 9.998858e-14 1.214468e-10
534 0.934000 0.010000 1188 9.854074e-14 1.218026e-10
535 0.935000 0.010000 1215 9.666792e-14 1.221785e-10
536 0.936000 0.010000 1246 9.973566e-14 1.225780e-10
537 0.937000 0.010000 1284 9.847281e-14 1.229968e-10
538 0.938000 0.010000 1324 9.783712e-14 1.234320e-10
539 0.939000 0.010000 1367 9.750286e-14 1.238784e-10
540 0.940000 0.010000 1403 9.978732e-14 1.243146e-10
541 0.941000 0.010000 1442 9.732907e-14 1.247414e-10
542 0.942000 0.010000 1486 9.800801e-14 1.251419e-10
543 0.943000 0.010000 1536 9.749221e-14 1.255120e-10
544 0.944000 0.010000 1585 9.875072e-14 1.258492e-10
545 0.945000 0.010000 1635 9.703910e-14 1.261478e-10
546 0.946000 0.010000 1685 9.826719e-14 1.264178e-10
547 0.947000 0.010000 1726 9.997736e-14 1.266704e-10
548 0.948000 0.010000 1766 9.913360e-14 1.269128e-10
549 0.949000 0.010000 1802 9.963176e-14 1.271455e-10
550 0.950000 0.010000 1837 9.823923e-14 1.273808e-10
551 0.951000 0.010000 1867 9.984341e-14 1.276213e-10
552 0.952000 0.010000 1912 9.960720e-14 1.278660e-10
553 0.953000 0.010000 1940 9.958912e-14 1.281154e-10
554 0.954000 0.010000 1974 9.926467e-14 1.283691e-10
555 0.955000 0.010000 2005 9.942781e-14 1.286145e-10
556 0.956000 0.010000 2029 9.909897e-14 1.288746e-10
557 0.957000 0.010000 2048 9.919042e-14 1.291348e-10
558 0.958000 0.010000 2067 9.914815e-14 1.293983e-10
559 0.959000 0.010000 2090 9.841474e-14 1.296749e-10
560 0.960000 0.010000 2112 9.961036e-14 1.299587e-10
561 0.961000 0.010000 2125 9.980216e-14 1.302694e-10
562 0.962000 0.010000 2140 9.996439e-14 1.305992e-10
563 0.963000 0.010000 2156 9.933478e-14 1.309601e-10
564 0.964000 0.010000 2170 9.961931e-14 1.313614e-10
565 0.965000 0.010000 2183 9.853805e-14 1.318044e-10
566 0.966000 0.010000 2193 9.845157e-14 1.322819e-10
567 0.967000 0.010000 2206 9.971267e-14 1.328007e-10
568 0.968000 0.010000 2218 9.971479e-14 1.333346e-10
569 0.969000 0.010000 2231 9.893338e-14 1.338818e-10
570 0.970000 0.010000 2240 9.821472e-14 1.344239e-10
571 0.971000 0.010000 2248 9.831429e-14 1.349617e-10
572 0.972000 0.010000 2251 9.907066e-14 1.354760e-10
573 0.973000 0.010000 2257 9.913236e-14 1.359682e-10
574 0.974000 0.010000 2261 9.943475e-14 1.364582e-10
575 0.975000 0.010000 2267 9.804563e-14 1.369339e-10
576 0.976000 0.010000 2270 9.975934e-14 1.374271e-10
577 0.977000 0.010000 2276 9.875463e-14 1.379442e-10
578 0.978000 0.010000 2281 9.944707e-14 1.384836e-10
579 0.979000 0.010000 2285 9.865284e-14 1.390751e-10
580 0.980000 0.010000 2289 9.918451e-14 1.397048e-10
581 0.981000 0.010000 2292 9.961586e-14 1.403746e-10
582 0.982000 0.010000 2296 9.954304e-14 1.410982e-10
583 0.983000 0.010000 2299 9.846212e-14 1.418511e-10
584 0.984000 0.010000 2300 9.959167e-14 1.426438e-10
585 0.985000 0.010000 2303 9.952943e-14 1.434778e-10
586 0.986000 0.010000 2305 9.975101e-14 1.443368e-10
587 0.987000 0.010000 2306 9.971722e-14 1.452450e-10
588 0.988000 0.010000 2307 9.850254e-14 1.461933e-10
589 0.989000 0.010000 2306 9.981435e-14 1.471864e-10
590 0.990000 0.010000 2305 9.995135e-14 1.482513e-10
591 0.991000 0.010000 2303 9.986935e-14 1.493666e-10
592 0.992000 0.010000 2301 9.940242e-14 1.505615e-10
593 0.993000 0.010000 2299 9.961061e-14 1.518411e-10
594 0.994000 0.010000 2298 9.878867e-14 1.531883e-10
595 0.995000 0.010000 2294 9.951868e-14 1.546466e-10
596 0.996000 0.010000 2291 9.961852e-14 1.561832e-10
597 0.997000 0.010000 2288 9.957380e-14 1.578204e-10
598 0.998000 0.010000 2284 9.982518e-14 1.595738e-10
599 0.999000 0.010000 2281 9.940992e-14 1.614121e-10
600 1.000000 0.010000 2276 9.977795e-14 1.633872e-10
601 1.001000 0.010000 2272 9.969883e-14 1.654750e-10
602 1.002000 0.010000 2268 9.938241e-14 1.676842e-10
603 1.003000 0.010000 2265 9.974919e-14 1.700520e-10
604 1.004000 0.010000 2260 9.934768e-14 1.725421e-10
605 1.005000 0.010000 2258 9.894373e-14 1.751994e-10
606 1.006000 0.010000 2256 9.920289e-14 1.780296e-10
607 1.007000 0.010000 2252 9.943983e-14 1.810140e-10
608 1.008000 0.010000 2251 9.800442e-14 1.842095e-10
609 1.009000 0.010000 2250 9.854465e-14 1.875916e-10
610 1.010000 0.010000 2249 9.892213e-14 1.911694e-10
611 1.011000 0.010000 2248 9.956801e-14 1.949817e-10
612 1.012000 0.010000 2247 9.996157e-14 1.989782e-10
613 1.013000 0.010000 2246 9.948379e-14 2.031885e-10
614 1.014000 0.010000 2243 9.954284e-14 2.075962e-10
615 1.015000 0.010000 2241 9.960995e-14 2.121344e-10
616 1.016000 0.010000 2239 9.966024e-14 2.168217e-10
617 1.017000 0.010000 2235 9.999282e-14 2.215487e-10
618 1.018000 0.010000 2232 9.916005e-14 2.262747e-10
619 1.019000 0.010000 2226 9.868535e-14 2.309368e-10
620 1.020000 0.010000 2220 9.939764e-14 2.354405e-10
621 1.021000 0.010000 2211 9.955594e-14 2.397661e-10
622 1.022000 0.010000 2205 9.923192e-14 2.438831e-10
623 1.023000 0.010000 2196 9.860237e-14 2.478009e-10
624 1.024000 0.010000 2184 9.992562e-14 2.515778e-10
625 1.025000 0.010000 2174 9.879011e-14 2.553008e-10
626 1.026000 0.010000 2160 9.965209e-14 2.590518e-10
627 1.027000 0.010000 2147 9.913385e-14 2.629819e-10
628 1.028000 0.010000 2132 9.900577e-14 2.671934e-10
629 1.029000 0.010000 2117 9.909890e-14 2.718006e-10
630 1.030000 0.010000 2100 9.946750e-14 2.769506e-10
631 1.031000 0.010000 2084 9.944991e-14 2.827237e-10
632 1.032000 0.010000 2065 9.920632e-14 2.892250e-10
633 1.033000 0.010000 2046 9.875722e-14 2.965547e-10
634 1.034000 0.010000 2024 9.997295e-14 3.048045e-10
635 1.035000 0.010000 2007 9.922871e-14 3.140031e-10
636 1.036000 0.010000 1989 9.949477e-14 3.242218e-10
637 1.037000 0.010000 1973 9.890782e-14 3.354160e-10
638 1.038000 0.010000 1960 9.935939e-14 3.474770e-10
639 1.039000 0.010000 1949 9.967539e-14 3.601845e-10
640 1.040000 0.010000 1946 9.944871e-14 3.731863e-10
641 1.041000 0.010000 1942 9.989111e-14 3.859771e-10
642 1.042000 0.010000 1939 9.932252e-14 3.979699e-10
643 1.043000 0.010000 1939 9.918703e-14 4.085015e-10
644 1.044000 0.010000 1940 9.969185e-14 4.169360e-10
645 1.045000 0.010000 1944 9.992384e-14 4.227997e-10
646 1.046000 0.010000 1946 9.895253e-14 4.258319e-10
647 1.047000 0.010000 1947 9.948171e-14 4.260448e-10
648 1.048000 0.010000 1948 9.856713e-14 4.237259e-10
649 1.049000 0.010000 1948 9.929791e-14 4.193218e-10
650 1.050000 0.010000 1948 9.857130e-14 4.133864e-10
651 1.051000 0.010000 1947 9.897193e-14 4.064642e-10
652 1.052000 0.010000 1945 9.879245e-14 3.990180e-10
653 1.053000 0.010000 1939 9.927685e-14 3.914275e-10
654 1.054000 0.010000 1936 9.954870e-14 3.839364e-10
655 1.055000 0.010000 1930 9.957219e-14 3.767109e-10
656 1.056000 0.010000 1923 9.838539e-14 3.698448e-10
657 1.057000 0.010000 1915 9.973282e-14 3.633738e-10
658 1.058000 0.010000 1907 9.932634e-14 3.573414e-10
659 1.059000 0.010000 1897 9.974296e-14 3.517700e-10
660 1.060000 0.010000 1887 9.982334e-14 3.466674e-10
661 1.061000 0.010000 1876 9.956320e-14 3.420748e-10
662 1.062000 0.010000 1866 9.999306e-14 3.379754e-10
663 1.063000 0.010000 1855 9.911700e-14 3.344108e-10
664 1.064000 0.010000 1844 9.925037e-14 3.313534e-10
665 1.065000 0.010000 1832 9.995042e-14 3.288004e-10
666 1.066000 0.010000 1821 9.933005e-14 3.267515e-10
667 1.067000 0.010000 1812 9.894454e-14 3.251725e-10
668 1.068000 0.010000 1802 9.850760e-14 3.240621e-10
669 1.069000 0.010000 1795 9.803108e-14 3.233984e-10
670 1.070000 0.010000 1784 9.950209e-14 3.231668e-10
671 1.071000 0.010000 1773 9.870922e-14 3.233541e-10
672 1.072000 0.010000 1764 9.956953e-14 3.239268e-10
673 1.073000 0.010000 1754 9.769771e-14 3.248867e-10
674 1.074000 0.010000 1747 9.908950e-14 3.261834e-10
675 1.075000 0.010000 1737 9.799479e-14 3.278068e-10
676 1.076000 0.010000 1728 9.993105e-14 3.297147e-10
677 1.077000 0.010000 1720 9.816671e-14 3.318876e-10
678 1.078000 0.010000 1709 9.937227e-14 3.342952e-10
679 1.079000 0.010000 1701 9.845766e-14 3.369070e-10
680 1.080000 0.010000 1690 9.919049e-14 3.397025e-10
681 1.081000 0.010000 1679 9.890750e-14 3.426578e-10
682 1.082000 0.010000 1671 9.985304e-14 3.457548e-10
683 1.083000 0.010000 1660 9.852458e-14 3.489669e-10
684 1.084000 0.010000 1650 9.976411e-14 3.523112e-10
685 1.085000 0.010000 1639 9.932772e-14 3.557591e-10
686 1.086000 0.010000 1627 9.812768e-14 3.593453e-10
687 1.087000 0.010000 1614 9.914056e-14 3.631136e-10
688 1.088000 0.010000 1602 9.851489e-14 3.670615e-10
689 1.089000 0.010000 1588 9.966572e-14 3.712991e-10
690 1.090000 0.010000 1577 9.819256e-14 3.758470e-10
691 1.091000 0.010000 1563 9.934308e-14 3.807244e-10
692 1.092000 0.010000 1550 9.881572e-14 3.860302e-10
693 1.093000 0.010000 1536 9.840594e-14 3.917446e-10
694 1.094000 0.010000 1525 9.915056e-14 3.978988e-10
695 1.095000 0.010000 1510 9.982893e-14 4.045193e-10
696 1.096000 0.010000 1499 9.882100e-14 4.115815e-10
697 1.097000 0.010000 1484 9.915974e-14 4.190992e-10
698 1.098000 0.010000 1470 9.899923e-14 4.270421e-10
699 1.099000 0.010000 1457 9.801107e-14 4.353804e-10
700 1.100000 0.010000 1442 9.891269e-14 4.440968e-10
701 1.101000 0.010000 1432 9.915836e-14 4.531620e-10
702 1.102000 0.010000 1418 9.793432e-14 4.625949e-10
703 1.103000 0.010000 1403 9.826485e-14 4.723808e-10
704 1.104000 0.010000 1389 9.974059e-14 4.825840e-10
705 1.105000 0.010000 1375 9.953082e-14 4.932416e-10
706 1.106000 0.010000 1360 9.974620e-14 5.044119e-10
707 1.107000 0.010000 1345 9.813519e-14 5.161793e-10
708 1.108000 0.010000 1327 9.974940e-14 5.285805e-10
709 1.109000 0.010000 1313 9.844531e-14 5.416986e-10
710 1.110000 0.010000 1295 9.860252e-14 5.555820e-10
711 1.111000 0.010000 1276 9.998572e-14 5.702698e-10
712 1.112000 0.010000 1264 9.943507e-14 5.858246e-10
713 1.113000 0.010000 1247 9.807054e-14 6.022732e-10
714 1.114000 0.010000 1229 9.830834e-14 6.196953e-10
715 1.115000 0.010000 1215 9.954685e-14 6.381549e-10
716 1.116000 0.010000 1199 9.850942e-14 6.577286e-10
717 1.117000 0.010000 1182 9.808054e-14 6.785550e-10
718 1.118000 0.010000 1166 9.875936e-14 7.007141e-10
719 1.119000 0.010000 1149 9.908162e-14 7.243362e-10
720 1.120000 0.010000 1132 9.863860e-14 7.495462e-10
721 1.121000 0.010000 1119 9.821344e-14 7.764301e-10
722 1.122000 0.010000 1101 9.965847e-14 8.051171e-10
723 1.123000 0.010000 1086 9.991931e-14 8.357138e-10
724 1.124000 0.010000 1070 9.988762e-14 8.683548e-10
725 1.125000 0.010000 1051 9.861516e-14 9.031740e-10
726 1.126000 0.010000 1034 9.981127e-14 9.403255e-10
727 1.127000 0.010000 1019 9.872345e-14 9.800280e-10
728 1.128000 0.010000 998 9.768373e-14 1.022441e-09
729 1.129000 0.010000 976 9.881884e-14 1.067815e-09
730 1.130000 0.010000 956 9.819567e-14 1.116344e-09
731 1.131000 0.010000 934 9.674195e-14 1.168227e-09
732 1.132000 0.010000 912 9.674826e-14 1.223622e-09
733 1.133000 0.010000 889 9.808322e-14 1.282592e-09
734 1.134000 0.010000 866 9.950562e-14 1.345126e-09
735 1.135000 0.010000 844 9.949169e-14 1.410976e-09
736 1.136000 0.010000 821 9.763465e-14 1.479707e-09
737 1.137000 0.010000 795 9.553184e-14 1.550519e-09
738 1.138000 0.010000 768 9.688159e-14 1.622206e-09
739 1.139000 0.010000 745 9.721520e-14 1.693082e-09
740 1.140000 0.010000 722 9.594978e-14 1.760940e-09
741 1.141000 0.010000 695 9.582107e-14 1.823128e-09
742 1.142000 0.010000 668 9.561963e-14 1.876684e-09
743 1.143000 0.010000 641 9.673432e-14 1.918632e-09
744 1.144000 0.010000 613 9.671226e-14 1.946325e-09
745 1.145000 0.010000 588 9.993603e-14 1.957824e-09
746 1.146000 0.010000 561 9.923386e-14 1.952242e-09
747 1.147000 0.010000 536 9.537821e-14 1.929877e-09
748 1.148000 0.010000 510 9.922869e-14 1.892162e-09
749 1.149000 0.010000 487 9.576133e-14 1.841493e-09
750 1.150000 0.010000 465 9.786716e-14 1.780786e-09
751 1.151000 0.010000 443 9.962820e-14 1.713142e-09
752 1.152000 0.010000 423 9.712823e-14 1.641512e-09
753 1.153000 0.010000 404 9.972835e-14 1.568348e-09
754 1.154000 0.010000 388 9.982803e-14 1.495655e-09
755 1.155000 0.010000 374 9.507527e-14 1.424873e-09
756 1.156000 0.010000 360 9.455512e-14 1.356966e-09
757 1.157000 0.010000 348 9.825270e-14 1.292519e-09
758 1.158000 0.010000 336 9.738632e-14 1.231827e-09
759 1.159000 0.010000 326 9.232334e-14 1.174972e-09
760 1.160000 0.010000 316 9.990646e-14 1.121901e-09
761 1.161000 0.010000 308 8.903357e-14 1.072481e-09
762 1.162000 0.010000 300 8.715598e-14 1.026497e-09
763 1.163000 0.010000 291 9.832748e-14 9.837293e-10
764 1.164000 0.010000 283 9.898782e-14 9.439515e-10
765 1.165000 0.010000 277 8.904997e-14 9.069315e-10
766 1.166000 0.010000 271 9.135462e-14 8.724524e-10
767 1.167000 0.010000 265 9.201670e-14 8.402978e-10
768 1.168000 0.010000 258 9.864673e-14 8.102875e-10
769 1.169000 0.010000 253 9.375331e-14 7.822228e-10
770 1.170000 0.010000 249 8.682461e-14 7.559590e-10
771 1.171000 0.010000 243 9.652537e-14 7.313395e-10
772 1.172000 0.010000 238 9.938161e-14 7.082303e-10
773 1.173000 0.010000 234 9.255516e-14 6.865045e-10
774 1.174000 0.010000 230 9.702867e-14 6.660561e-10
775 1.175000 0.010000 226 9.581107e-14 6.467802e-10
776 1.176000 0.010000 223 9.183947e-14 6.285878e-10
777 1.177000 0.010000 219 9.315083e-14 6.113955e-10
778 1.178000 0.010000 215 9.686290e-14 5.951264e-10
779 1.179000 0.010000 212 9.021825e-14 5.797127e-10
780 1.180000 0.010000 209 8.667591e-14 5.650930e-10
781 1.181000 0.010000 206 9.202186e-14 5.512084e-10
782 1.182000 0.010000 203 9.635570e-14 5.380081e-10
783 1.183000 0.010000 200 9.508804e-14 5.254501e-10
784 1.184000 0.010000 198 8.963747e-14 5.134865e-10
785 1.185000 0.010000 195 9.838969e-14 5.020736e-10
786 1.186000 0.010000 193 8.770499e-14 4.911816e-10
787 1.187000 0.010000 191 8.505694e-14 4.807777e-10
788 1.188000 0.010000 189 8.453159e-14 4.708265e-10
789 1.189000 0.010000 186 9.936405e-14 4.612972e-10
790 1.190000 0.010000 184 9.304653e-14 4.521720e-10
791 1.191000 0.010000 182 9.124862e-14 4.434285e-10
792 1.192000 0.010000 180 9.331798e-14 4.350393e-10
793 1.193000 0.010000 178 9.129163e-14 4.269783e-10
794 1.194000 0.010000 176 8.986282e-14 4.192326e-10
795 1.195000 0.010000 174 9.139187e-14 4.117885e-10
796 1.196000 0.010000 173 8.382190e-14 4.046278e-10
797 1.197000 0.010000 171 9.361478e-14 3.977340e-10
798 1.198000 0.010000 169 9.474647e-14 3.910851e-10
799 1.199000 0.010000 167 9.419620e-14 3.846746e-10
800 1.200000 0.010000 166 8.521890e-14 3.784939e-10
801 1.201000 0.010000 164 9.349814e-14 3.725303e-10
802 1.202000 0.010000 163 9.149785e-14 3.667718e-10
803 1.203000 0.010000 162 8.728440e-14 3.612063e-10
804 1.204000 0.010000 160 9.687717e-14 3.558251e-10
805 1.205000 0.010000 159 9.159112e-14 3.506191e-10
806 1.206000 0.010000 158 8.726198e-14 3.455812e-10
807 1.207000 0.010000 157 8.460068e-14 3.407044e-10
808 1.208000 0.010000 155 9.876347e-14 3.359822e-10
809 1.209000 0.010000 154 9.806383e-14 3.314033e-10
810 1.210000 0.010000 153 9.726638e-14 3.269630e-10
811 1.211000 0.010000 152 9.142062e-14 3.226553e-10
812 1.212000 0.010000 151 8.752320e-14 3.184753e-10
813 1.213000 0.010000 149 9.774400e-14 3.144174e-10
814 1.214000 0.010000 148 9.992708e-14 3.104786e-10
815 1.215000 0.010000 148 8.085547e-14 3.066517e-10
816 1.216000 0.010000 147 8.207743e-14 3.029328e-10
817 1.217000 0.010000 146 8.267756e-14 2.993171e-10
818 1.218000 0.010000 145 8.355904e-14 2.958000e-10
819 1.219000 0.010000 143 9.925223e-14 2.923773e-10
820 1.220000 0.010000 142 9.554471e-14 2.890457e-10
821 1.221000 0.010000 141 9.230611e-14 2.858024e-10
822 1.222000 0.010000 140 9.475697e-14 2.826436e-10
823 1.223000 0.010000 139 9.923343e-14 2.795666e-10
824 1.224000 0.010000 139 8.235954e-14 2.765676e-10
825 1.225000 0.010000 138 8.375901e-14 2.736441e-10
826 1.226000 0.010000 137 8.871505e-14 2.707937e-10
827 1.227000 0.010000 136 9.147232e-14 2.680132e-10
828 1.228000 0.010000 135 9.452299e-14 2.653003e-10
829 1.229000 0.010000 134 9.843873e-14 2.626524e-10
830 1.230000 0.010000 134 8.281015e-14 2.600675e-10
831 1.231000 0.010000 133 8.484686e-14 2.575435e-10
832 1.232000 0.010000 132 8.802567e-14 2.550781e-10
833 1.233000 0.010000 131 9.485166e-14 2.526698e-10
834 1.234000 0.010000 131 8.039236e-14 2.503163e-10
835 1.235000 0.010000 130 8.730891e-14 2.480159e-10
836 1.236000 0.010000 129 9.798777e-14 2.457670e-10
837 1.237000 0.010000 129 8.354109e-14 2.435676e-10
838 1.238000 0.010000 128 8.834685e-14 2.414165e-10
839 1.239000 0.010000 127 9.002529e-14 2.393120e-10
840 1.240000 0.010000 126 9.319191e-14 2.372528e-10
841 1.241000 0.010000 125 9.853952e-14 2.352375e-10
842 1.242000 0.010000 125 8.478196e-14 2.332641e-10
843 1.243000 0.010000 124 9.234216e-14 2.313325e-10
844 1.244000 0.010000 124 7.967562e-14 2.294401e-10
845 1.245000 0.010000 123 8.671982e-14 2.275865e-10
846 1.246000 0.010000 122 9.333210e-14 2.257705e-10
847 1.247000 0.010000 122 8.088193e-14 2.239908e-10
848 1.248000 0.010000 121 9.427391e-14 2.222460e-10
849 1.249000 0.010000 121 8.191947e-14 2.205362e-10
850 1.250000 0.010000 120 9.454935e-14 2.188593e-10
851 1.251000 0.010000 120 8.237729e-14 2.172153e-10
852 1.252000 0.010000 119 9.329233e-14 2.156026e-10
853 1.253000 0.010000 119 8.149008e-14 2.140210e-10
854 1.254000 0.010000 118 9.366703e-14 2.124690e-10
855 1.255000 0.010000 118 8.203751e-14 2.109462e-10
856 1.256000 0.010000 117 9.219851e-14 2.094518e-10
857 1.257000 0.010000 116 9.944025e-14 2.079846e-10
858 1.258000 0.010000 116 8.745579e-14 2.065442e-10
859 1.259000 0.010000 115 9.694221e-14 2.051296e-10
860 1.260000 0.010000 115 8.544642e-14 2.037406e-10
861 1.261000 0.010000 114 9.712481e-14 2.023753e-10
862 1.262000 0.010000 114 8.579542e-14 2.010353e-10
863 1.263000 0.010000 113 9.529399e-14 1.997177e-10
864 1.264000 0.010000 113 8.434990e-14 1.984240e-10
865 1.265000 0.010000 112 9.867882e-14 1.971511e-10
866 1.266000 0.010000 112 8.753501e-14 1.959016e-10
867 1.267000 0.010000 112 7.768971e-14 1.946733e-10
868 1.268000 0.010000 111 9.259969e-14 1.934647e-10
869 1.269000 0.010000 111 8.236553e-14 1.922772e-10
870 1.270000 0.010000 110 9.565231e-14 1.911090e-10
871 1.271000 0.010000 110 8.526273e-14 1.899604e-10
872 1.272000 0.010000 109 9.907439e-14 1.888305e-10
873 1.273000 0.010000 109 8.849734e-14 1.877191e-10
874 1.274000 0.010000 109 7.908586e-14 1.866254e-10
875 1.275000 0.010000 108 9.144463e-14 1.855489e-10
876 1.276000 0.010000 108 8.187423e-14 1.844898e-10
877 1.277000 0.010000 107 9.374993e-14 1.834468e-10
878 1.278000 0.010000 107 8.408226e-14 1.824207e-10
879 1.279000 0.010000 107 7.544380e-14 1.814105e-10
880 1.280000 0.010000 106 9.239760e-14 1.804150e-10
881 1.281000 0.010000 106 8.305702e-14 1.794356e-10
882 1.282000 0.010000 105 9.940322e-14 1.784704e-10
883 1.283000 0.010000 105 8.951058e-14 1.775205e-10
884 1.284000 0.010000 105 8.063438e-14 1.765849e-10
885 1.285000 0.010000 104 9.547373e-14 1.756629e-10
886 1.286000 0.010000 104 8.615321e-14 1.747548e-10
887 1.287000 0.010000 104 7.777207e-14 1.738600e-10
888 1.288000 0.010000 103 9.814639e-14 1.729786e-10
889 1.289000 0.010000 103 8.876935e-14 1.721096e-10
890 1.290000 0.010000 103 8.031726e-14 1.712531e-10
891 1.291000 0.010000 102 9.738400e-14 1.704099e-10
892 1.292000 0.010000 102 8.827359e-14 1.695775e-10
893 1.293000 0.010000 102 8.004318e-14 1.687569e-10
894 1.294000 0.010000 101 9.409031e-14 1.679490e-10
895 1.295000 0.010000 101 8.546581e-14 1.671511e-10
896 1.296000 0.010000 101 7.765767e-14 1.663644e-10
897 1.297000 0.010000 100 9.446324e-14 1.655892e-10
898 1.298000 0.010000 100 8.598291e-14 1.648238e-10
899 1.299000 0.010000 100 7.828891e-14 1.640689e-10
900 1.300000 0.010000 99 9.251683e-14 1.633237e-10
901 1.301000 0.010000 99 8.436678e-14 1.625890e-10
902 1.302000 0.010000 98 9.997369e-14 1.618641e-10
903 1.303000 0.010000 98 9.129894e-14 1.611489e-10
904 1.304000 0.010000 98 8.340190e-14 1.604431e-10
905 1.305000 0.010000 98 7.621055e-14 1.597466e-10
906 1.306000 0.010000 97 9.263105e-14 1.590580e-10
907 1.307000 0.010000 97 8.475642e-14 1.583797e-10
908 1.308000 0.010000 97 7.757340e-14 1.577100e-10
909 1.309000 0.010000 96 9.749343e-14 1.570498e-10
910 1.310000 0.010000 96 8.935343e-14 1.563970e-10
911 1.311000 0.010000 96 8.191557e-14 1.557525e-10
912 1.312000 0.010000 96 7.511730e-14 1.551162e-10
913 1.313000 0.010000 96 6.890182e-14 1.544878e-10
914 1.314000 0.010000 95 9.215178e-14 1.538671e-10
915 1.315000 0.010000 95 8.466517e-14 1.532543e-10
916 1.316000 0.010000 95 7.780690e-14 1.526489e-10
917 1.317000 0.010000 94 9.561872e-14 1.520527e-10
918 1.318000 0.010000 94 8.799997e-14 1.514619e-10
919 1.319000 0.010000 94 8.100843e-14 1.508782e-10
920 1.320000 0.010000 93 9.712004e-14 1.503023e-10
921 1.321000 0.010000 93 8.952390e-14 1.497326e-10
922 1.322000 0.010000 93 8.254171e-14 1.491696e-10
923 1.323000 0.010000 93 7.612221e-14 1.486134e-10
924 1.324000 0.010000 92 9.354211e-14 1.480651e-10
925 1.325000 0.010000 92 8.638033e-14 1.475217e-10
926 1.326000 0.010000 92 7.978520e-14 1.469847e-10
927 1.327000 0.010000 91 9.693833e-14 1.464544e-10
928 1.328000 0.010000 91 8.964995e-14 1.459298e-10
929 1.329000 0.010000 91 8.292796e-14 1.454112e-10
930 1.330000 0.010000 91 7.672689e-14 1.448985e-10
931 1.331000 0.010000 90 9.882791e-14 1.443920e-10
932 1.332000 0.010000 90 9.156120e-14 1.438908e-10
933 1.333000 0.010000 90 8.484687e-14 1.433953e-10
934 1.334000 0.010000 90 7.864150e-14 1.429054e-10
935 1.335000 0.010000 90 7.290522e-14 1.424209e-10
936 1.336000 0.010000 89 9.354814e-14 1.419418e-10
937 1.337000 0.010000 89 8.682996e-14 1.414680e-10
938 1.338000 0.010000 89 8.061056e-14 1.409993e-10
939 1.339000 0.010000 89 7.485168e-14 1.405358e-10
940 1.340000 0.010000 88 9.643491e-14 1.400771e-10
941 1.341000 0.010000 88 8.965011e-14 1.396235e-10
942 1.342000 0.010000 88 8.335886e-14 1.391749e-10
943 1.343000 0.010000 88 7.752403e-14 1.387311e-10
944 1.344000 0.010000 88 7.211142e-14 1.382920e-10
945 1.345000 0.010000 87 9.948209e-14 1.378577e-10
946 1.346000 0.010000 87 9.265290e-14 1.374278e-10
947 1.347000 0.010000 87 8.630843e-14 1.370025e-10
948 1.348000 0.010000 87 8.041312e-14 1.365815e-10
949 1.349000 0.010000 87 7.493410e-14 1.361650e-10
950 1.350000 0.010000 87 6.984099e-14 1.357527e-10
951 1.351000 0.010000 86 9.536269e-14 1.353452e-10
952 1.352000 0.010000 86 8.899031e-14 1.349413e-10
953 1.353000 0.010000 86 8.305820e-14 1.345416e-10
954 1.354000 0.010000 86 7.753490e-14 1.341459e-10
955 1.355000 0.010000 86 7.239131e-14 1.337543e-10
956 1.356000 0.010000 85 9.476064e-14 1.333668e-10
957 1.357000 0.010000 85 8.857771e-14 1.329829e-10
958 1.358000 0.010000 85 8.281192e-14 1.326029e-10
959 1.359000 0.010000 85 7.743418e-14 1.322266e-10
960 1.360000 0.010000 85 7.241750e-14 1.318541e-10
961 1.361000 0.010000 84 9.810920e-14 1.314854e-10
962 1.362000 0.010000 84 9.186255e-14 1.311201e-10
963 1.363000 0.010000 84 8.602720e-14 1.307583e-10
964 1.364000 0.010000 84 8.057516e-14 1.304001e-10
965 1.365000 0.010000 84 7.548040e-14 1.300454e-10
966 1.366000 0.010000 84 7.071871e-14 1.296940e-10
967 1.367000 0.010000 83 9.436668e-14 1.293450e-10
968 1.368000 0.010000 83 8.850951e-14 1.290004e-10
969 1.369000 0.010000 83 8.302829e-14 1.286591e-10
970 1.370000 0.010000 83 7.789808e-14 1.283209e-10
971 1.371000 0.010000 83 7.309563e-14 1.279860e-10
972 1.372000 0.010000 82 9.788698e-14 1.276528e-10
973 1.373000 0.010000 82 9.195370e-14 1.273242e-10
974 1.374000 0.010000 82 8.639238e-14 1.269986e-10
975 1.375000 0.010000 82 8.117891e-14 1.266760e-10
976 1.376000 0.010000 82 7.629080e-14 1.263564e-10
977 1.377000 0.010000 82 7.170705e-14 1.260396e-10
978 1.378000 0.010000 81 9.838539e-14 1.257249e-10
979 1.379000 0.010000 81 9.257675e-14 1.254140e-10
980 1.380000 0.010000 81 8.712284e-14 1.251058e-10
981 1.381000 0.010000 81 8.200126e-14 1.248005e-10
982 1.382000 0.010000 81 7.719106e-14 1.244979e-10
983 1.383000 0.010000 81 7.267268e-14 1.241980e-10
984 1.384000 0.010000 80 9.824579e-14 1.239006e-10
985 1.385000 0.010000 80 9.259068e-14 1.236059e-10
986 1.386000 0.010000 80 8.727231e-14 1.233139e-10
987 1.387000 0.010000 80 8.226994e-14 1.230244e-10
988 1.388000 0.010000 80 7.756415e-14 1.227375e-10
989 1.389000 0.010000 80 7.313675e-14 1.224531e-10
990 1.390000 0.010000 79 9.774761e-14 1.221710e-10
991 1.391000 0.010000 79 9.225735e-14 1.218915e-10
992 1.392000 0.010000 79 8.708612e-14 1.216144e-10
993 1.393000 0.010000 79 8.221476e-14 1.213397e-10
994 1.394000 0.010000 79 7.762527e-14 1.210673e-10
995 1.395000 0.010000 79 7.330079e-14 1.207972e-10
996 1.396000 0.010000 79 6.922550e-14 1.205294e-10
997 1.397000 0.010000 78 9.782626e-14 1.202630e-10
998 1.398000 0.010000 78 9.247819e-14 1.199998e-10
999 1.399000 0.010000 78 8.743260e-14 1.197387e-10
1000 1.400000 0.010000 78 8.267179e-14 1.194799e-10
