# Generalizd shifted MINRES method
# A = /home/stern/multi/data/PPE3594_A.csr
# B = /home/stern/multi/data/PPE3594_B.csr
# inner=1.000000e-12, outet=1.000000e-13
# status=-5042, time=116
# converged 1001 / 1001
0 0.400000 0.010000 1420 9.913597e-14 9.197158e-13
1 0.401000 0.010000 1422 9.894730e-14 9.272548e-13
2 0.402000 0.010000 1423 9.859076e-14 9.354360e-13
3 0.403000 0.010000 1427 9.813455e-14 9.441291e-13
4 0.404000 0.010000 1432 9.838192e-14 9.528729e-13
5 0.405000 0.010000 1437 9.673933e-14 9.611991e-13
6 0.406000 0.010000 1441 9.901875e-14 9.708212e-13
7 0.407000 0.010000 1447 9.829996e-14 9.797695e-13
8 0.408000 0.010000 1453 9.864799e-14 9.903994e-13
9 0.409000 0.010000 1460 9.962368e-14 1.000147e-12
10 0.410000 0.010000 1469 9.931322e-14 1.010674e-12
11 0.411000 0.010000 1480 9.708875e-14 1.020696e-12
12 0.412000 0.010000 1490 9.735188e-14 1.033021e-12
13 0.413000 0.010000 1503 9.863694e-14 1.043488e-12
14 0.414000 0.010000 1516 9.970156e-14 1.055967e-12
15 0.415000 0.010000 1532 9.863492e-14 1.066545e-12
16 0.416000 0.010000 1546 9.839248e-14 1.077401e-12
17 0.417000 0.010000 1564 9.740566e-14 1.086378e-12
18 0.418000 0.010000 1582 9.819938e-14 1.098026e-12
19 0.419000 0.010000 1601 9.883092e-14 1.111397e-12
20 0.420000 0.010000 1625 9.873128e-14 1.124421e-12
21 0.421000 0.010000 1651 9.971731e-14 1.137475e-12
22 0.422000 0.010000 1680 9.893210e-14 1.150805e-12
23 0.423000 0.010000 1709 9.883703e-14 1.162964e-12
24 0.424000 0.010000 1736 9.754459e-14 1.176149e-12
25 0.425000 0.010000 1769 9.874838e-14 1.191490e-12
26 0.426000 0.010000 1806 9.975613e-14 1.208674e-12
27 0.427000 0.010000 1848 9.659592e-14 1.225596e-12
28 0.428000 0.010000 1891 9.935028e-14 1.244141e-12
29 0.429000 0.010000 1932 9.905731e-14 1.262423e-12
30 0.430000 0.010000 1984 9.830567e-14 1.280539e-12
31 0.431000 0.010000 2039 9.737649e-14 1.298789e-12
32 0.432000 0.010000 2096 9.849889e-14 1.317823e-12
33 0.433000 0.010000 2174 9.994199e-14 1.338280e-12
34 0.434000 0.010000 2249 9.840471e-14 1.360652e-12
35 0.435000 0.010000 2313 9.954882e-14 1.382762e-12
36 0.436000 0.010000 2380 9.925274e-14 1.403842e-12
37 0.437000 0.010000 2460 9.805086e-14 1.424854e-12
38 0.438000 0.010000 2517 9.848536e-14 1.455543e-12
39 0.439000 0.010000 2592 9.949228e-14 1.483228e-12
40 0.440000 0.010000 2677 9.998470e-14 1.512049e-12
41 0.441000 0.010000 2780 9.997965e-14 1.538220e-12
42 0.442000 0.010000 2854 9.724079e-14 1.570287e-12
43 0.443000 0.010000 2916 9.921984e-14 1.602339e-12
44 0.444000 0.010000 3007 9.977334e-14 1.637506e-12
45 0.445000 0.010000 3098 9.917519e-14 1.671243e-12
46 0.446000 0.010000 3186 9.929733e-14 1.705005e-12
47 0.447000 0.010000 3248 9.910468e-14 1.746964e-12
48 0.448000 0.010000 3322 9.943739e-14 1.784386e-12
49 0.449000 0.010000 3387 9.861750e-14 1.824080e-12
50 0.450000 0.010000 3449 9.807931e-14 1.864054e-12
51 0.451000 0.010000 3514 9.883376e-14 1.902321e-12
52 0.452000 0.010000 3589 9.985130e-14 1.944250e-12
53 0.453000 0.010000 3646 9.976126e-14 1.983115e-12
54 0.454000 0.010000 3704 9.982658e-14 2.021892e-12
55 0.455000 0.010000 3759 9.986479e-14 2.065263e-12
56 0.456000 0.010000 3792 9.946551e-14 2.112067e-12
57 0.457000 0.010000 3832 9.972076e-14 2.148611e-12
58 0.458000 0.010000 3891 9.908887e-14 2.198049e-12
59 0.459000 0.010000 3929 9.905669e-14 2.249232e-12
60 0.460000 0.010000 3962 9.993747e-14 2.288480e-12
61 0.461000 0.010000 4007 9.990857e-14 2.347842e-12
62 0.462000 0.010000 4050 9.991416e-14 2.399034e-12
63 0.463000 0.010000 4091 9.898255e-14 2.451434e-12
64 0.464000 0.010000 4129 9.993098e-14 2.516716e-12
65 0.465000 0.010000 4168 9.978705e-14 2.574470e-12
66 0.466000 0.010000 4211 9.985221e-14 2.637952e-12
67 0.467000 0.010000 4254 9.993839e-14 2.710306e-12
68 0.468000 0.010000 4292 9.983085e-14 2.784648e-12
69 0.469000 0.010000 4331 9.978637e-14 2.858875e-12
70 0.470000 0.010000 4363 9.966853e-14 2.939933e-12
71 0.471000 0.010000 4398 9.977664e-14 3.027237e-12
72 0.472000 0.010000 4432 9.964837e-14 3.117166e-12
73 0.473000 0.010000 4462 9.976788e-14 3.213186e-12
74 0.474000 0.010000 4492 9.945693e-14 3.311501e-12
75 0.475000 0.010000 4517 9.963302e-14 3.415174e-12
76 0.476000 0.010000 4539 9.980590e-14 3.529174e-12
77 0.477000 0.010000 4564 9.986435e-14 3.639300e-12
78 0.478000 0.010000 4591 9.975709e-14 3.761039e-12
79 0.479000 0.010000 4618 9.929388e-14 3.887274e-12
80 0.480000 0.010000 4640 9.867500e-14 4.013744e-12
81 0.481000 0.010000 4659 9.976615e-14 4.157508e-12
82 0.482000 0.010000 4681 9.990324e-14 4.292329e-12
83 0.483000 0.010000 4703 9.993290e-14 4.445910e-12
84 0.484000 0.010000 4721 9.976107e-14 4.598475e-12
85 0.485000 0.010000 4738 9.990605e-14 4.757176e-12
86 0.486000 0.010000 4757 9.918696e-14 4.931607e-12
87 0.487000 0.010000 4776 9.940312e-14 5.099810e-12
88 0.488000 0.010000 4795 9.990570e-14 5.289139e-12
89 0.489000 0.010000 4813 9.967093e-14 5.476848e-12
90 0.490000 0.010000 4832 9.933471e-14 5.675491e-12
91 0.491000 0.010000 4848 9.984939e-14 5.885003e-12
92 0.492000 0.010000 4864 9.990639e-14 6.097790e-12
93 0.493000 0.010000 4883 9.969238e-14 6.317097e-12
94 0.494000 0.010000 4899 9.981046e-14 6.540926e-12
95 0.495000 0.010000 4915 9.978959e-14 6.761688e-12
96 0.496000 0.010000 4930 9.955313e-14 6.983054e-12
97 0.497000 0.010000 4943 9.952204e-14 7.193039e-12
98 0.498000 0.010000 4954 9.991205e-14 7.387173e-12
99 0.499000 0.010000 4967 9.973889e-14 7.566984e-12
100 0.500000 0.010000 4977 9.965354e-14 7.715971e-12
101 0.501000 0.010000 4986 9.993864e-14 7.839377e-12
102 0.502000 0.010000 4993 9.994049e-14 7.925108e-12
103 0.503000 0.010000 5001 9.974933e-14 7.978257e-12
104 0.504000 0.010000 5006 9.956654e-14 7.994735e-12
105 0.505000 0.010000 5011 9.941842e-14 7.973272e-12
106 0.506000 0.010000 5015 9.942686e-14 7.928064e-12
107 0.507000 0.010000 5018 9.980953e-14 7.845523e-12
108 0.508000 0.010000 5020 9.957635e-14 7.754926e-12
109 0.509000 0.010000 5021 9.988020e-14 7.637400e-12
110 0.510000 0.010000 5023 9.984067e-14 7.521474e-12
111 0.511000 0.010000 5024 9.975364e-14 7.396294e-12
112 0.512000 0.010000 5025 9.923726e-14 7.274672e-12
113 0.513000 0.010000 5025 9.954097e-14 7.162373e-12
114 0.514000 0.010000 5025 9.981600e-14 7.049761e-12
115 0.515000 0.010000 5026 9.968026e-14 6.959044e-12
116 0.516000 0.010000 5026 9.995810e-14 6.863743e-12
117 0.517000 0.010000 5027 9.958517e-14 6.791184e-12
118 0.518000 0.010000 5027 9.987018e-14 6.718521e-12
119 0.519000 0.010000 5028 9.943939e-14 6.658906e-12
120 0.520000 0.010000 5028 9.970213e-14 6.608683e-12
121 0.521000 0.010000 5028 9.994062e-14 6.558622e-12
122 0.522000 0.010000 5029 9.960947e-14 6.526298e-12
123 0.523000 0.010000 5029 9.976442e-14 6.489069e-12
124 0.524000 0.010000 5029 9.986605e-14 6.468034e-12
125 0.525000 0.010000 5029 9.991109e-14 6.446875e-12
126 0.526000 0.010000 5029 9.990200e-14 6.435508e-12
127 0.527000 0.010000 5029 9.984712e-14 6.431451e-12
128 0.528000 0.010000 5029 9.975960e-14 6.431115e-12
129 0.529000 0.010000 5029 9.965551e-14 6.443419e-12
130 0.530000 0.010000 5029 9.955121e-14 6.457295e-12
131 0.531000 0.010000 5028 9.999216e-14 6.483279e-12
132 0.532000 0.010000 5028 9.992103e-14 6.511209e-12
133 0.533000 0.010000 5028 9.986698e-14 6.549369e-12
134 0.534000 0.010000 5028 9.981620e-14 6.587105e-12
135 0.535000 0.010000 5028 9.974649e-14 6.632915e-12
136 0.536000 0.010000 5028 9.963269e-14 6.675765e-12
137 0.537000 0.010000 5028 9.945368e-14 6.720645e-12
138 0.538000 0.010000 5027 9.989925e-14 6.766681e-12
139 0.539000 0.010000 5027 9.956485e-14 6.806794e-12
140 0.540000 0.010000 5026 9.980171e-14 6.858607e-12
141 0.541000 0.010000 5025 9.977793e-14 6.901201e-12
142 0.542000 0.010000 5025 9.933830e-14 6.963319e-12
143 0.543000 0.010000 5024 9.983640e-14 7.023538e-12
144 0.544000 0.010000 5024 9.947308e-14 7.099430e-12
145 0.545000 0.010000 5023 9.975489e-14 7.189577e-12
146 0.546000 0.010000 5022 9.994082e-14 7.283804e-12
147 0.547000 0.010000 5022 9.978943e-14 7.404846e-12
148 0.548000 0.010000 5022 9.972432e-14 7.524918e-12
149 0.549000 0.010000 5022 9.974864e-14 7.671486e-12
150 0.550000 0.010000 5022 9.986350e-14 7.824471e-12
151 0.551000 0.010000 5023 9.967105e-14 7.993560e-12
152 0.552000 0.010000 5023 9.995769e-14 8.183563e-12
153 0.553000 0.010000 5024 9.979427e-14 8.379936e-12
154 0.554000 0.010000 5025 9.937975e-14 8.609312e-12
155 0.555000 0.010000 5025 9.990340e-14 8.844509e-12
156 0.556000 0.010000 5027 9.934967e-14 9.115533e-12
157 0.557000 0.010000 5028 9.938003e-14 9.403330e-12
158 0.558000 0.010000 5029 9.968025e-14 9.718574e-12
159 0.559000 0.010000 5031 9.961509e-14 1.006772e-11
160 0.560000 0.010000 5032 9.996030e-14 1.043373e-11
161 0.561000 0.010000 5034 9.990083e-14 1.083748e-11
162 0.562000 0.010000 5037 9.920998e-14 1.125247e-11
163 0.563000 0.010000 5038 9.941692e-14 1.169561e-11
164 0.564000 0.010000 5039 9.989888e-14 1.214490e-11
165 0.565000 0.010000 5041 9.990215e-14 1.259688e-11
166 0.566000 0.010000 5042 9.978642e-14 1.304540e-11
167 0.567000 0.010000 5042 9.981190e-14 1.346275e-11
168 0.568000 0.010000 5041 9.985208e-14 1.385331e-11
169 0.569000 0.010000 5038 9.990161e-14 1.417770e-11
170 0.570000 0.010000 5036 9.971383e-14 1.443937e-11
171 0.571000 0.010000 5031 9.962503e-14 1.461089e-11
172 0.572000 0.010000 5025 9.930629e-14 1.468589e-11
173 0.573000 0.010000 5016 9.978368e-14 1.466687e-11
174 0.574000 0.010000 5006 9.976031e-14 1.454107e-11
175 0.575000 0.010000 4995 9.992163e-14 1.433594e-11
176 0.576000 0.010000 4983 9.971897e-14 1.404484e-11
177 0.577000 0.010000 4969 9.920748e-14 1.369474e-11
178 0.578000 0.010000 4952 9.975241e-14 1.329699e-11
179 0.579000 0.010000 4935 9.960963e-14 1.286215e-11
180 0.580000 0.010000 4917 9.950956e-14 1.241378e-11
181 0.581000 0.010000 4898 9.994417e-14 1.195294e-11
182 0.582000 0.010000 4879 9.989509e-14 1.149386e-11
183 0.583000 0.010000 4860 9.933523e-14 1.105252e-11
184 0.584000 0.010000 4842 9.923396e-14 1.061768e-11
185 0.585000 0.010000 4823 9.994903e-14 1.021841e-11
186 0.586000 0.010000 4807 9.957965e-14 9.834112e-12
187 0.587000 0.010000 4792 9.970163e-14 9.486146e-12
188 0.588000 0.010000 4777 9.991216e-14 9.165915e-12
189 0.589000 0.010000 4766 9.957675e-14 8.874155e-12
190 0.590000 0.010000 4755 9.975265e-14 8.616892e-12
191 0.591000 0.010000 4748 9.923121e-14 8.387229e-12
192 0.592000 0.010000 4741 9.971897e-14 8.186116e-12
193 0.593000 0.010000 4736 9.968301e-14 8.019910e-12
194 0.594000 0.010000 4734 9.963120e-14 7.873152e-12
195 0.595000 0.010000 4731 9.977391e-14 7.761412e-12
196 0.596000 0.010000 4730 9.929864e-14 7.671340e-12
197 0.597000 0.010000 4729 9.974146e-14 7.604263e-12
198 0.598000 0.010000 4729 9.964183e-14 7.565919e-12
199 0.599000 0.010000 4729 9.974989e-14 7.537982e-12
200 0.600000 0.010000 4729 9.991241e-14 7.533052e-12
201 0.601000 0.010000 4729 9.996315e-14 7.534630e-12
202 0.602000 0.010000 4729 9.972625e-14 7.540945e-12
203 0.603000 0.010000 4728 9.963942e-14 7.551225e-12
204 0.604000 0.010000 4726 9.935864e-14 7.544078e-12
205 0.605000 0.010000 4722 9.962111e-14 7.534235e-12
206 0.606000 0.010000 4717 9.960038e-14 7.492837e-12
207 0.607000 0.010000 4710 9.994370e-14 7.440482e-12
208 0.608000 0.010000 4702 9.998464e-14 7.361763e-12
209 0.609000 0.010000 4693 9.967533e-14 7.264762e-12
210 0.610000 0.010000 4685 9.963124e-14 7.165365e-12
211 0.611000 0.010000 4674 9.947276e-14 7.047181e-12
212 0.612000 0.010000 4667 9.936283e-14 6.951948e-12
213 0.613000 0.010000 4656 9.947979e-14 6.847501e-12
214 0.614000 0.010000 4647 9.972168e-14 6.780680e-12
215 0.615000 0.010000 4637 9.998674e-14 6.720528e-12
216 0.616000 0.010000 4629 9.966404e-14 6.694222e-12
217 0.617000 0.010000 4623 9.934984e-14 6.696598e-12
218 0.618000 0.010000 4616 9.990669e-14 6.711855e-12
219 0.619000 0.010000 4609 9.978210e-14 6.778356e-12
220 0.620000 0.010000 4603 9.996114e-14 6.834948e-12
221 0.621000 0.010000 4598 9.993563e-14 6.941272e-12
222 0.622000 0.010000 4593 9.968561e-14 7.038478e-12
223 0.623000 0.010000 4587 9.974780e-14 7.144326e-12
224 0.624000 0.010000 4581 9.987306e-14 7.261704e-12
225 0.625000 0.010000 4574 9.977139e-14 7.329477e-12
226 0.626000 0.010000 4566 9.973676e-14 7.414119e-12
227 0.627000 0.010000 4557 9.953683e-14 7.425221e-12
228 0.628000 0.010000 4546 9.955746e-14 7.416952e-12
229 0.629000 0.010000 4534 9.944704e-14 7.363508e-12
230 0.630000 0.010000 4520 9.909007e-14 7.240382e-12
231 0.631000 0.010000 4507 9.903751e-14 7.115392e-12
232 0.632000 0.010000 4490 9.991857e-14 6.913430e-12
233 0.633000 0.010000 4473 9.959505e-14 6.718718e-12
234 0.634000 0.010000 4457 9.996494e-14 6.496618e-12
235 0.635000 0.010000 4437 9.961017e-14 6.249772e-12
236 0.636000 0.010000 4417 9.925395e-14 6.036923e-12
237 0.637000 0.010000 4396 9.954033e-14 5.789951e-12
238 0.638000 0.010000 4380 9.946515e-14 5.577790e-12
239 0.639000 0.010000 4362 9.940419e-14 5.369284e-12
240 0.640000 0.010000 4340 9.998463e-14 5.163641e-12
241 0.641000 0.010000 4320 9.946637e-14 4.989587e-12
242 0.642000 0.010000 4301 9.871099e-14 4.808897e-12
243 0.643000 0.010000 4278 9.997069e-14 4.650165e-12
244 0.644000 0.010000 4259 9.980136e-14 4.506495e-12
245 0.645000 0.010000 4236 9.973956e-14 4.362986e-12
246 0.646000 0.010000 4211 9.999198e-14 4.236554e-12
247 0.647000 0.010000 4189 9.979615e-14 4.122021e-12
248 0.648000 0.010000 4161 9.991823e-14 4.002828e-12
249 0.649000 0.010000 4139 9.993832e-14 3.905169e-12
250 0.650000 0.010000 4108 9.997853e-14 3.807778e-12
251 0.651000 0.010000 4079 9.993778e-14 3.710690e-12
252 0.652000 0.010000 4045 9.920173e-14 3.629292e-12
253 0.653000 0.010000 4013 9.950045e-14 3.549003e-12
254 0.654000 0.010000 3973 9.957563e-14 3.464173e-12
255 0.655000 0.010000 3932 9.983943e-14 3.398063e-12
256 0.656000 0.010000 3888 9.959595e-14 3.329414e-12
257 0.657000 0.010000 3841 9.991520e-14 3.260656e-12
258 0.658000 0.010000 3793 9.913464e-14 3.199069e-12
259 0.659000 0.010000 3737 9.957630e-14 3.139886e-12
260 0.660000 0.010000 3682 9.832609e-14 3.083129e-12
261 0.661000 0.010000 3624 9.973914e-14 3.026603e-12
262 0.662000 0.010000 3560 9.925338e-14 2.977109e-12
263 0.663000 0.010000 3497 9.946688e-14 2.925777e-12
264 0.664000 0.010000 3435 9.991352e-14 2.877235e-12
265 0.665000 0.010000 3371 9.983393e-14 2.831184e-12
266 0.666000 0.010000 3311 9.942414e-14 2.787665e-12
267 0.667000 0.010000 3257 9.884967e-14 2.743344e-12
268 0.668000 0.010000 3203 9.930128e-14 2.702798e-12
269 0.669000 0.010000 3158 9.989106e-14 2.664268e-12
270 0.670000 0.010000 3119 9.862778e-14 2.628212e-12
271 0.671000 0.010000 3087 9.921736e-14 2.591699e-12
272 0.672000 0.010000 3063 9.938239e-14 2.559238e-12
273 0.673000 0.010000 3045 9.908220e-14 2.529231e-12
274 0.674000 0.010000 3030 9.963462e-14 2.498781e-12
275 0.675000 0.010000 3024 9.972010e-14 2.470111e-12
276 0.676000 0.010000 3025 9.952574e-14 2.441543e-12
277 0.677000 0.010000 3033 9.939720e-14 2.416333e-12
278 0.678000 0.010000 3046 9.919912e-14 2.393260e-12
279 0.679000 0.010000 3065 9.768692e-14 2.368618e-12
280 0.680000 0.010000 3088 9.947091e-14 2.345081e-12
281 0.681000 0.010000 3119 9.923063e-14 2.325241e-12
282 0.682000 0.010000 3156 9.856109e-14 2.305243e-12
283 0.683000 0.010000 3196 9.918505e-14 2.288176e-12
284 0.684000 0.010000 3239 9.905474e-14 2.269695e-12
285 0.685000 0.010000 3286 9.930527e-14 2.252311e-12
286 0.686000 0.010000 3335 9.927596e-14 2.238638e-12
287 0.687000 0.010000 3384 9.890773e-14 2.221873e-12
288 0.688000 0.010000 3436 9.923767e-14 2.205825e-12
289 0.689000 0.010000 3484 9.923101e-14 2.193192e-12
290 0.690000 0.010000 3529 9.968816e-14 2.180588e-12
291 0.691000 0.010000 3567 9.944200e-14 2.167307e-12
292 0.692000 0.010000 3605 9.952169e-14 2.151494e-12
293 0.693000 0.010000 3639 9.914745e-14 2.144385e-12
294 0.694000 0.010000 3668 9.956781e-14 2.130966e-12
295 0.695000 0.010000 3696 9.981951e-14 2.116459e-12
296 0.696000 0.010000 3721 9.998436e-14 2.109120e-12
297 0.697000 0.010000 3744 9.952390e-14 2.095882e-12
298 0.698000 0.010000 3761 9.963490e-14 2.087248e-12
299 0.699000 0.010000 3779 9.963325e-14 2.078205e-12
300 0.700000 0.010000 3794 9.944876e-14 2.065774e-12
301 0.701000 0.010000 3804 9.943867e-14 2.059247e-12
302 0.702000 0.010000 3816 9.952743e-14 2.048835e-12
303 0.703000 0.010000 3826 9.991154e-14 2.040964e-12
304 0.704000 0.010000 3835 9.977641e-14 2.033297e-12
305 0.705000 0.010000 3841 9.975662e-14 2.026022e-12
306 0.706000 0.010000 3845 9.891721e-14 2.018645e-12
307 0.707000 0.010000 3849 9.944790e-14 2.012875e-12
308 0.708000 0.010000 3851 9.989653e-14 2.008948e-12
309 0.709000 0.010000 3855 9.986065e-14 2.004455e-12
310 0.710000 0.010000 3857 9.988714e-14 2.000144e-12
311 0.711000 0.010000 3858 9.979876e-14 1.999850e-12
312 0.712000 0.010000 3859 9.942892e-14 1.996033e-12
313 0.713000 0.010000 3859 9.925803e-14 1.997857e-12
314 0.714000 0.010000 3858 9.932397e-14 1.998290e-12
315 0.715000 0.010000 3856 9.991517e-14 1.998397e-12
316 0.716000 0.010000 3853 9.944979e-14 2.004516e-12
317 0.717000 0.010000 3850 9.956080e-14 2.003047e-12
318 0.718000 0.010000 3846 9.952887e-14 2.010635e-12
319 0.719000 0.010000 3844 9.903414e-14 2.012397e-12
320 0.720000 0.010000 3838 9.898470e-14 2.017072e-12
321 0.721000 0.010000 3832 9.968986e-14 2.025435e-12
322 0.722000 0.010000 3825 9.997477e-14 2.026604e-12
323 0.723000 0.010000 3818 9.993402e-14 2.037916e-12
324 0.724000 0.010000 3811 9.959249e-14 2.044821e-12
325 0.725000 0.010000 3804 9.916041e-14 2.051408e-12
326 0.726000 0.010000 3798 9.999062e-14 2.066442e-12
327 0.727000 0.010000 3795 9.831327e-14 2.073166e-12
328 0.728000 0.010000 3789 9.979493e-14 2.090426e-12
329 0.729000 0.010000 3784 9.998040e-14 2.104299e-12
330 0.730000 0.010000 3779 9.922081e-14 2.118572e-12
331 0.731000 0.010000 3771 9.964783e-14 2.142652e-12
332 0.732000 0.010000 3762 9.929821e-14 2.154231e-12
333 0.733000 0.010000 3754 9.996986e-14 2.185245e-12
334 0.734000 0.010000 3747 9.898238e-14 2.207186e-12
335 0.735000 0.010000 3736 9.985987e-14 2.231433e-12
336 0.736000 0.010000 3727 9.988488e-14 2.270608e-12
337 0.737000 0.010000 3719 9.996541e-14 2.296169e-12
338 0.738000 0.010000 3712 9.957438e-14 2.341261e-12
339 0.739000 0.010000 3700 9.980124e-14 2.383669e-12
340 0.740000 0.010000 3689 9.924383e-14 2.424997e-12
341 0.741000 0.010000 3682 9.785540e-14 2.487987e-12
342 0.742000 0.010000 3671 9.982291e-14 2.539927e-12
343 0.743000 0.010000 3656 9.984939e-14 2.606114e-12
344 0.744000 0.010000 3639 9.989362e-14 2.678884e-12
345 0.745000 0.010000 3624 9.937423e-14 2.747926e-12
346 0.746000 0.010000 3611 9.911750e-14 2.837658e-12
347 0.747000 0.010000 3594 9.940536e-14 2.922678e-12
348 0.748000 0.010000 3577 9.951329e-14 3.018918e-12
349 0.749000 0.010000 3557 9.945435e-14 3.118899e-12
350 0.750000 0.010000 3532 9.956753e-14 3.223395e-12
351 0.751000 0.010000 3504 9.990876e-14 3.334364e-12
352 0.752000 0.010000 3477 9.917575e-14 3.431618e-12
353 0.753000 0.010000 3449 9.941261e-14 3.544697e-12
354 0.754000 0.010000 3425 9.864385e-14 3.640872e-12
355 0.755000 0.010000 3392 9.966958e-14 3.722327e-12
356 0.756000 0.010000 3363 9.992469e-14 3.813076e-12
357 0.757000 0.010000 3332 9.891931e-14 3.884579e-12
358 0.758000 0.010000 3308 9.966158e-14 3.938592e-12
359 0.759000 0.010000 3283 9.996612e-14 3.994704e-12
360 0.760000 0.010000 3263 9.924121e-14 4.049878e-12
361 0.761000 0.010000 3243 9.898386e-14 4.095909e-12
362 0.762000 0.010000 3229 9.969784e-14 4.146224e-12
363 0.763000 0.010000 3223 9.868169e-14 4.209617e-12
364 0.764000 0.010000 3221 9.931590e-14 4.271238e-12
365 0.765000 0.010000 3222 9.841906e-14 4.335678e-12
366 0.766000 0.010000 3225 9.839950e-14 4.408693e-12
367 0.767000 0.010000 3232 9.902679e-14 4.473596e-12
368 0.768000 0.010000 3246 9.933578e-14 4.518163e-12
369 0.769000 0.010000 3263 9.994671e-14 4.544653e-12
370 0.770000 0.010000 3283 9.850208e-14 4.556517e-12
371 0.771000 0.010000 3297 9.815389e-14 4.527316e-12
372 0.772000 0.010000 3310 9.959008e-14 4.469205e-12
373 0.773000 0.010000 3325 9.999588e-14 4.389630e-12
374 0.774000 0.010000 3337 9.862938e-14 4.284473e-12
375 0.775000 0.010000 3346 9.858346e-14 4.156970e-12
376 0.776000 0.010000 3355 9.948849e-14 4.023306e-12
377 0.777000 0.010000 3365 9.909351e-14 3.883232e-12
378 0.778000 0.010000 3371 9.997100e-14 3.737725e-12
379 0.779000 0.010000 3376 9.982993e-14 3.598609e-12
380 0.780000 0.010000 3379 9.942403e-14 3.465289e-12
381 0.781000 0.010000 3381 9.986963e-14 3.331099e-12
382 0.782000 0.010000 3383 9.986417e-14 3.214718e-12
383 0.783000 0.010000 3384 9.893772e-14 3.098596e-12
384 0.784000 0.010000 3383 9.968544e-14 2.989519e-12
385 0.785000 0.010000 3381 9.982883e-14 2.897370e-12
386 0.786000 0.010000 3379 9.998204e-14 2.799805e-12
387 0.787000 0.010000 3378 9.923169e-14 2.716408e-12
388 0.788000 0.010000 3375 9.945078e-14 2.642653e-12
389 0.789000 0.010000 3372 9.985319e-14 2.560892e-12
390 0.790000 0.010000 3370 9.938426e-14 2.501111e-12
391 0.791000 0.010000 3365 9.935397e-14 2.436484e-12
392 0.792000 0.010000 3361 9.944141e-14 2.375696e-12
393 0.793000 0.010000 3356 9.949895e-14 2.330334e-12
394 0.794000 0.010000 3353 9.908804e-14 2.273472e-12
395 0.795000 0.010000 3348 9.903372e-14 2.233783e-12
396 0.796000 0.010000 3345 9.942865e-14 2.193251e-12
397 0.797000 0.010000 3339 9.972610e-14 2.149907e-12
398 0.798000 0.010000 3336 9.958973e-14 2.122916e-12
399 0.799000 0.010000 3331 9.874418e-14 2.085321e-12
400 0.800000 0.010000 3324 9.940193e-14 2.060130e-12
401 0.801000 0.010000 3318 9.960155e-14 2.035533e-12
402 0.802000 0.010000 3312 9.938692e-14 2.006010e-12
403 0.803000 0.010000 3305 9.949154e-14 1.991194e-12
404 0.804000 0.010000 3299 9.983609e-14 1.967696e-12
405 0.805000 0.010000 3294 9.989093e-14 1.951561e-12
406 0.806000 0.010000 3287 9.989481e-14 1.936436e-12
407 0.807000 0.010000 3275 9.951854e-14 1.918632e-12
408 0.808000 0.010000 3263 9.950495e-14 1.907408e-12
409 0.809000 0.010000 3248 9.973435e-14 1.887820e-12
410 0.810000 0.010000 3238 9.911373e-14 1.876956e-12
411 0.811000 0.010000 3226 9.941116e-14 1.860563e-12
412 0.812000 0.010000 3215 9.970489e-14 1.842009e-12
413 0.813000 0.010000 3202 9.997335e-14 1.828225e-12
414 0.814000 0.010000 3192 9.827899e-14 1.806952e-12
415 0.815000 0.010000 3184 9.741977e-14 1.787589e-12
416 0.816000 0.010000 3175 9.822158e-14 1.771509e-12
417 0.817000 0.010000 3166 9.876673e-14 1.748677e-12
418 0.818000 0.010000 3156 9.967896e-14 1.729415e-12
419 0.819000 0.010000 3141 9.899926e-14 1.711210e-12
420 0.820000 0.010000 3122 9.991115e-14 1.690747e-12
421 0.821000 0.010000 3102 9.988338e-14 1.671696e-12
422 0.822000 0.010000 3089 9.840894e-14 1.656346e-12
423 0.823000 0.010000 3073 9.942382e-14 1.635343e-12
424 0.824000 0.010000 3054 9.869809e-14 1.622182e-12
425 0.825000 0.010000 3031 9.982947e-14 1.605723e-12
426 0.826000 0.010000 3008 9.999581e-14 1.587483e-12
427 0.827000 0.010000 2992 9.947659e-14 1.579449e-12
428 0.828000 0.010000 2973 9.896401e-14 1.562626e-12
429 0.829000 0.010000 2959 9.933504e-14 1.549638e-12
430 0.830000 0.010000 2948 9.901933e-14 1.539543e-12
431 0.831000 0.010000 2925 9.993899e-14 1.526754e-12
432 0.832000 0.010000 2911 9.763675e-14 1.517039e-12
433 0.833000 0.010000 2900 9.985040e-14 1.506030e-12
434 0.834000 0.010000 2887 9.975529e-14 1.495870e-12
435 0.835000 0.010000 2871 9.967054e-14 1.489941e-12
436 0.836000 0.010000 2845 9.985947e-14 1.475652e-12
437 0.837000 0.010000 2821 9.958409e-14 1.467217e-12
438 0.838000 0.010000 2799 9.962004e-14 1.460570e-12
439 0.839000 0.010000 2768 9.902919e-14 1.447276e-12
440 0.840000 0.010000 2745 9.972448e-14 1.441131e-12
441 0.841000 0.010000 2723 9.976347e-14 1.430791e-12
442 0.842000 0.010000 2705 9.985133e-14 1.421478e-12
443 0.843000 0.010000 2683 9.972519e-14 1.414223e-12
444 0.844000 0.010000 2658 9.935335e-14 1.405142e-12
445 0.845000 0.010000 2633 9.949904e-14 1.396477e-12
446 0.846000 0.010000 2604 9.981189e-14 1.387310e-12
447 0.847000 0.010000 2570 9.910389e-14 1.383484e-12
448 0.848000 0.010000 2543 9.864041e-14 1.373443e-12
449 0.849000 0.010000 2510 9.930542e-14 1.365948e-12
450 0.850000 0.010000 2469 9.841797e-14 1.362990e-12
451 0.851000 0.010000 2435 9.981610e-14 1.355168e-12
452 0.852000 0.010000 2395 9.958647e-14 1.347683e-12
453 0.853000 0.010000 2358 9.876097e-14 1.341857e-12
454 0.854000 0.010000 2316 9.951567e-14 1.337715e-12
455 0.855000 0.010000 2269 9.987194e-14 1.331480e-12
456 0.856000 0.010000 2223 9.858904e-14 1.327954e-12
457 0.857000 0.010000 2171 9.951565e-14 1.323328e-12
458 0.858000 0.010000 2123 9.825452e-14 1.316677e-12
459 0.859000 0.010000 2073 9.807293e-14 1.313705e-12
460 0.860000 0.010000 2004 9.782198e-14 1.307052e-12
461 0.861000 0.010000 1953 9.963552e-14 1.303449e-12
462 0.862000 0.010000 1898 9.826820e-14 1.298931e-12
463 0.863000 0.010000 1848 9.837807e-14 1.294256e-12
464 0.864000 0.010000 1799 9.706608e-14 1.292008e-12
465 0.865000 0.010000 1749 9.946620e-14 1.290203e-12
466 0.866000 0.010000 1689 9.901915e-14 1.281391e-12
467 0.867000 0.010000 1639 9.890392e-14 1.278675e-12
468 0.868000 0.010000 1587 9.945668e-14 1.272712e-12
469 0.869000 0.010000 1539 9.986214e-14 1.266669e-12
470 0.870000 0.010000 1496 9.721137e-14 1.264793e-12
471 0.871000 0.010000 1450 9.951462e-14 1.261583e-12
472 0.872000 0.010000 1407 9.998793e-14 1.255038e-12
473 0.873000 0.010000 1365 9.625542e-14 1.251398e-12
474 0.874000 0.010000 1324 9.959388e-14 1.249749e-12
475 0.875000 0.010000 1288 9.868462e-14 1.245640e-12
476 0.876000 0.010000 1256 9.748914e-14 1.242326e-12
477 0.877000 0.010000 1223 9.753039e-14 1.239409e-12
478 0.878000 0.010000 1195 9.981873e-14 1.237630e-12
479 0.879000 0.010000 1165 9.836290e-14 1.233273e-12
480 0.880000 0.010000 1140 9.590963e-14 1.230021e-12
481 0.881000 0.010000 1114 9.671027e-14 1.228508e-12
482 0.882000 0.010000 1091 9.958938e-14 1.223531e-12
483 0.883000 0.010000 1073 9.838971e-14 1.222959e-12
484 0.884000 0.010000 1055 9.700342e-14 1.220381e-12
485 0.885000 0.010000 1037 9.891997e-14 1.217780e-12
486 0.886000 0.010000 1018 9.984495e-14 1.216561e-12
487 0.887000 0.010000 1005 9.604240e-14 1.213001e-12
488 0.888000 0.010000 991 9.995264e-14 1.213331e-12
489 0.889000 0.010000 982 9.510140e-14 1.211966e-12
490 0.890000 0.010000 972 9.331720e-14 1.208303e-12
491 0.891000 0.010000 962 9.783924e-14 1.209213e-12
492 0.892000 0.010000 952 9.985604e-14 1.208963e-12
493 0.893000 0.010000 942 9.892617e-14 1.205293e-12
494 0.894000 0.010000 937 9.761953e-14 1.203624e-12
495 0.895000 0.010000 929 9.713479e-14 1.202157e-12
496 0.896000 0.010000 922 9.750527e-14 1.200909e-12
497 0.897000 0.010000 916 9.836786e-14 1.200370e-12
498 0.898000 0.010000 913 9.926404e-14 1.199985e-12
499 0.899000 0.010000 907 9.890302e-14 1.198701e-12
500 0.900000 0.010000 905 9.935816e-14 1.198122e-12
501 0.901000 0.010000 900 9.810031e-14 1.198795e-12
502 0.902000 0.010000 898 9.760371e-14 1.198922e-12
503 0.903000 0.010000 897 9.578997e-14 1.199150e-12
504 0.904000 0.010000 895 9.959974e-14 1.200705e-12
505 0.905000 0.010000 891 9.985023e-14 1.200207e-12
506 0.906000 0.010000 891 9.751357e-14 1.199680e-12
507 0.907000 0.010000 891 9.685619e-14 1.199398e-12
508 0.908000 0.010000 891 9.785206e-14 1.199432e-12
509 0.909000 0.010000 892 9.800723e-14 1.199858e-12
510 0.910000 0.010000 896 9.652560e-14 1.198887e-12
511 0.911000 0.010000 897 9.797122e-14 1.198391e-12
512 0.912000 0.010000 899 9.476795e-14 1.196582e-12
513 0.913000 0.010000 901 9.908114e-14 1.196941e-12
514 0.914000 0.010000 906 9.848527e-14 1.196142e-12
515 0.915000 0.010000 909 9.898485e-14 1.197381e-12
516 0.916000 0.010000 915 9.449930e-14 1.195958e-12
517 0.917000 0.010000 921 9.641261e-14 1.196516e-12
518 0.918000 0.010000 924 9.785483e-14 1.197617e-12
519 0.919000 0.010000 932 9.571368e-14 1.198098e-12
520 0.920000 0.010000 940 9.682885e-14 1.198365e-12
521 0.921000 0.010000 949 9.595179e-14 1.201001e-12
522 0.922000 0.010000 958 9.470445e-14 1.202524e-12
523 0.923000 0.010000 967 9.654163e-14 1.202914e-12
524 0.924000 0.010000 980 9.900066e-14 1.205391e-12
525 0.925000 0.010000 991 9.500568e-14 1.205620e-12
526 0.926000 0.010000 1002 9.915746e-14 1.208593e-12
527 0.927000 0.010000 1016 9.842453e-14 1.210474e-12
528 0.928000 0.010000 1035 9.864856e-14 1.210443e-12
529 0.929000 0.010000 1057 9.823455e-14 1.212320e-12
530 0.930000 0.010000 1081 9.665933e-14 1.214266e-12
531 0.931000 0.010000 1104 9.931791e-14 1.216250e-12
532 0.932000 0.010000 1126 9.864032e-14 1.219111e-12
533 0.933000 0.010000 1154 9.949724e-14 1.220220e-12
534 0.934000 0.010000 1180 9.948214e-14 1.224606e-12
535 0.935000 0.010000 1207 9.853767e-14 1.227949e-12
536 0.936000 0.010000 1237 9.978538e-14 1.229516e-12
537 0.937000 0.010000 1276 9.885342e-14 1.232863e-12
538 0.938000 0.010000 1316 9.721666e-14 1.237381e-12
539 0.939000 0.010000 1358 9.848860e-14 1.238037e-12
540 0.940000 0.010000 1394 9.781398e-14 1.243783e-12
541 0.941000 0.010000 1432 9.870067e-14 1.250370e-12
542 0.942000 0.010000 1476 9.759423e-14 1.252079e-12
543 0.943000 0.010000 1526 9.775996e-14 1.251167e-12
544 0.944000 0.010000 1575 9.863704e-14 1.252152e-12
545 0.945000 0.010000 1624 9.754736e-14 1.254401e-12
546 0.946000 0.010000 1674 9.795182e-14 1.261398e-12
547 0.947000 0.010000 1713 9.979506e-14 1.264279e-12
548 0.948000 0.010000 1751 9.939613e-14 1.261129e-12
549 0.949000 0.010000 1789 9.977049e-14 1.267971e-12
550 0.950000 0.010000 1824 9.980082e-14 1.267205e-12
551 0.951000 0.010000 1851 9.854927e-14 1.274874e-12
552 0.952000 0.010000 1893 9.906696e-14 1.274977e-12
553 0.953000 0.010000 1923 9.961999e-14 1.278113e-12
554 0.954000 0.010000 1955 9.979083e-14 1.280425e-12
555 0.955000 0.010000 1984 9.944739e-14 1.285497e-12
556 0.956000 0.010000 2009 9.959336e-14 1.284237e-12
557 0.957000 0.010000 2033 9.972612e-14 1.289924e-12
558 0.958000 0.010000 2052 9.831972e-14 1.290462e-12
559 0.959000 0.010000 2074 9.987042e-14 1.295685e-12
560 0.960000 0.010000 2095 9.932855e-14 1.290678e-12
561 0.961000 0.010000 2111 9.832073e-14 1.300782e-12
562 0.962000 0.010000 2126 9.852000e-14 1.305881e-12
563 0.963000 0.010000 2140 9.964326e-14 1.299597e-12
564 0.964000 0.010000 2153 9.998060e-14 1.310006e-12
565 0.965000 0.010000 2168 9.982839e-14 1.311274e-12
566 0.966000 0.010000 2178 9.790328e-14 1.312890e-12
567 0.967000 0.010000 2188 9.950033e-14 1.325141e-12
568 0.968000 0.010000 2201 9.957956e-14 1.321339e-12
569 0.969000 0.010000 2212 9.943747e-14 1.328749e-12
570 0.970000 0.010000 2221 9.997755e-14 1.340661e-12
571 0.971000 0.010000 2229 9.901878e-14 1.336887e-12
572 0.972000 0.010000 2236 9.668402e-14 1.346034e-12
573 0.973000 0.010000 2239 9.991305e-14 1.355134e-12
574 0.974000 0.010000 2245 9.839806e-14 1.351839e-12
575 0.975000 0.010000 2250 9.969335e-14 1.367719e-12
576 0.976000 0.010000 2254 9.810444e-14 1.368578e-12
577 0.977000 0.010000 2258 9.985845e-14 1.372227e-12
578 0.978000 0.010000 2262 9.881211e-14 1.385215e-12
579 0.979000 0.010000 2266 9.994899e-14 1.386763e-12
580 0.980000 0.010000 2270 9.906045e-14 1.394444e-12
581 0.981000 0.010000 2274 9.962937e-14 1.406636e-12
582 0.982000 0.010000 2277 9.988216e-14 1.407384e-12
583 0.983000 0.010000 2280 9.948819e-14 1.420309e-12
584 0.984000 0.010000 2283 9.943817e-14 1.429071e-12
585 0.985000 0.010000 2285 9.870971e-14 1.433319e-12
586 0.986000 0.010000 2286 9.870044e-14 1.448060e-12
587 0.987000 0.010000 2286 9.965614e-14 1.455141e-12
588 0.988000 0.010000 2287 9.829390e-14 1.463688e-12
589 0.989000 0.010000 2286 9.983594e-14 1.478562e-12
590 0.990000 0.010000 2286 9.909222e-14 1.483985e-12
591 0.991000 0.010000 2285 9.944800e-14 1.499050e-12
592 0.992000 0.010000 2284 9.918869e-14 1.509594e-12
593 0.993000 0.010000 2282 9.961210e-14 1.518868e-12
594 0.994000 0.010000 2279 9.939503e-14 1.537068e-12
595 0.995000 0.010000 2277 9.920304e-14 1.543655e-12
596 0.996000 0.010000 2274 9.955610e-14 1.560240e-12
597 0.997000 0.010000 2270 9.927681e-14 1.576118e-12
598 0.998000 0.010000 2267 9.942113e-14 1.585751e-12
599 0.999000 0.010000 2262 9.983818e-14 1.607384e-12
600 1.000000 0.010000 2259 9.946637e-14 1.621014e-12
601 1.001000 0.010000 2255 9.906423e-14 1.636752e-12
602 1.002000 0.010000 2252 9.971113e-14 1.660226e-12
603 1.003000 0.010000 2247 9.926687e-14 1.672491e-12
604 1.004000 0.010000 2245 9.838372e-14 1.700467e-12
605 1.005000 0.010000 2242 9.938983e-14 1.720224e-12
606 1.006000 0.010000 2237 9.999298e-14 1.738048e-12
607 1.007000 0.010000 2236 9.865942e-14 1.772876e-12
608 1.008000 0.010000 2235 9.977821e-14 1.791808e-12
609 1.009000 0.010000 2235 9.760259e-14 1.819701e-12
610 1.010000 0.010000 2233 9.953816e-14 1.859223e-12
611 1.011000 0.010000 2230 9.986420e-14 1.877189e-12
612 1.012000 0.010000 2228 9.998495e-14 1.920971e-12
613 1.013000 0.010000 2227 9.986908e-14 1.955833e-12
614 1.014000 0.010000 2226 9.986486e-14 1.982086e-12
615 1.015000 0.010000 2225 9.909661e-14 2.035434e-12
616 1.016000 0.010000 2223 9.895253e-14 2.060316e-12
617 1.017000 0.010000 2219 9.909392e-14 2.104301e-12
618 1.018000 0.010000 2214 9.906130e-14 2.147543e-12
619 1.019000 0.010000 2210 9.907401e-14 2.176382e-12
620 1.020000 0.010000 2203 9.949592e-14 2.220090e-12
621 1.021000 0.010000 2196 9.882478e-14 2.256337e-12
622 1.022000 0.010000 2188 9.905064e-14 2.284258e-12
623 1.023000 0.010000 2180 9.967108e-14 2.328926e-12
624 1.024000 0.010000 2170 9.840516e-14 2.349845e-12
625 1.025000 0.010000 2160 9.780484e-14 2.391732e-12
626 1.026000 0.010000 2146 9.875589e-14 2.418927e-12
627 1.027000 0.010000 2133 9.859670e-14 2.454664e-12
628 1.028000 0.010000 2118 9.829643e-14 2.492716e-12
629 1.029000 0.010000 2101 9.925763e-14 2.528499e-12
630 1.030000 0.010000 2086 9.796615e-14 2.569381e-12
631 1.031000 0.010000 2070 9.882682e-14 2.617193e-12
632 1.032000 0.010000 2050 9.860867e-14 2.670100e-12
633 1.033000 0.010000 2031 9.963334e-14 2.724345e-12
634 1.034000 0.010000 2010 9.833809e-14 2.792033e-12
635 1.035000 0.010000 1991 9.905976e-14 2.859912e-12
636 1.036000 0.010000 1974 9.931206e-14 2.936354e-12
637 1.037000 0.010000 1958 9.884040e-14 3.021053e-12
638 1.038000 0.010000 1946 9.932940e-14 3.111754e-12
639 1.039000 0.010000 1936 9.818563e-14 3.198162e-12
640 1.040000 0.010000 1932 9.882768e-14 3.291860e-12
641 1.041000 0.010000 1926 9.972002e-14 3.376785e-12
642 1.042000 0.010000 1925 9.915352e-14 3.450791e-12
643 1.043000 0.010000 1925 9.912132e-14 3.517610e-12
644 1.044000 0.010000 1926 9.876679e-14 3.559976e-12
645 1.045000 0.010000 1927 9.958309e-14 3.580082e-12
646 1.046000 0.010000 1931 9.948669e-14 3.581332e-12
647 1.047000 0.010000 1933 9.890063e-14 3.555395e-12
648 1.048000 0.010000 1934 9.856665e-14 3.512580e-12
649 1.049000 0.010000 1934 9.929067e-14 3.456228e-12
650 1.050000 0.010000 1934 9.855575e-14 3.386306e-12
651 1.051000 0.010000 1932 9.992692e-14 3.315433e-12
652 1.052000 0.010000 1928 9.917652e-14 3.240626e-12
653 1.053000 0.010000 1925 9.977919e-14 3.164375e-12
654 1.054000 0.010000 1923 9.896125e-14 3.101038e-12
655 1.055000 0.010000 1915 9.897141e-14 3.034463e-12
656 1.056000 0.010000 1910 9.803002e-14 2.974450e-12
657 1.057000 0.010000 1901 9.968285e-14 2.926999e-12
658 1.058000 0.010000 1893 9.896246e-14 2.874029e-12
659 1.059000 0.010000 1884 9.924258e-14 2.834290e-12
660 1.060000 0.010000 1874 9.903376e-14 2.801751e-12
661 1.061000 0.010000 1864 9.849226e-14 2.764728e-12
662 1.062000 0.010000 1851 9.999901e-14 2.740069e-12
663 1.063000 0.010000 1842 9.884916e-14 2.718890e-12
664 1.064000 0.010000 1830 9.878603e-14 2.704376e-12
665 1.065000 0.010000 1818 9.988636e-14 2.689892e-12
666 1.066000 0.010000 1807 9.960102e-14 2.684006e-12
667 1.067000 0.010000 1796 9.999311e-14 2.679838e-12
668 1.068000 0.010000 1789 9.939668e-14 2.680782e-12
669 1.069000 0.010000 1778 9.809029e-14 2.686846e-12
670 1.070000 0.010000 1768 9.995798e-14 2.696053e-12
671 1.071000 0.010000 1759 9.993519e-14 2.709191e-12
672 1.072000 0.010000 1749 9.944527e-14 2.724883e-12
673 1.073000 0.010000 1742 9.746575e-14 2.741372e-12
674 1.074000 0.010000 1731 9.871056e-14 2.763958e-12
675 1.075000 0.010000 1725 9.838485e-14 2.785906e-12
676 1.076000 0.010000 1715 9.856246e-14 2.813675e-12
677 1.077000 0.010000 1705 9.951221e-14 2.843425e-12
678 1.078000 0.010000 1696 9.890286e-14 2.873932e-12
679 1.079000 0.010000 1687 9.914260e-14 2.907873e-12
680 1.080000 0.010000 1677 9.774102e-14 2.943007e-12
681 1.081000 0.010000 1667 9.825661e-14 2.976921e-12
682 1.082000 0.010000 1658 9.894752e-14 3.022686e-12
683 1.083000 0.010000 1649 9.798500e-14 3.062155e-12
684 1.084000 0.010000 1637 9.893749e-14 3.099290e-12
685 1.085000 0.010000 1625 9.961165e-14 3.157149e-12
686 1.086000 0.010000 1616 9.787616e-14 3.192599e-12
687 1.087000 0.010000 1603 9.810129e-14 3.242240e-12
688 1.088000 0.010000 1591 9.913799e-14 3.297167e-12
689 1.089000 0.010000 1577 9.946591e-14 3.337142e-12
690 1.090000 0.010000 1565 9.966149e-14 3.396807e-12
691 1.091000 0.010000 1552 9.868576e-14 3.447686e-12
692 1.092000 0.010000 1538 9.900990e-14 3.507160e-12
693 1.093000 0.010000 1524 9.979432e-14 3.569826e-12
694 1.094000 0.010000 1511 9.933961e-14 3.628611e-12
695 1.095000 0.010000 1500 9.744204e-14 3.699945e-12
696 1.096000 0.010000 1485 9.863268e-14 3.766394e-12
697 1.097000 0.010000 1473 9.986732e-14 3.835279e-12
698 1.098000 0.010000 1458 9.922524e-14 3.916837e-12
699 1.099000 0.010000 1446 9.909600e-14 3.992027e-12
700 1.100000 0.010000 1432 9.940483e-14 4.071359e-12
701 1.101000 0.010000 1419 9.988141e-14 4.160621e-12
702 1.102000 0.010000 1408 9.876888e-14 4.247649e-12
703 1.103000 0.010000 1393 9.819350e-14 4.339775e-12
704 1.104000 0.010000 1378 9.839140e-14 4.436502e-12
705 1.105000 0.010000 1362 9.932802e-14 4.535217e-12
706 1.106000 0.010000 1350 9.797935e-14 4.640854e-12
707 1.107000 0.010000 1334 9.963703e-14 4.748384e-12
708 1.108000 0.010000 1318 9.743675e-14 4.862913e-12
709 1.109000 0.010000 1301 9.951568e-14 4.990502e-12
710 1.110000 0.010000 1285 9.909569e-14 5.110168e-12
711 1.111000 0.010000 1268 9.786917e-14 5.254517e-12
712 1.112000 0.010000 1256 9.832814e-14 5.394201e-12
713 1.113000 0.010000 1239 9.946848e-14 5.544954e-12
714 1.114000 0.010000 1221 9.973792e-14 5.709266e-12
715 1.115000 0.010000 1208 9.858868e-14 5.878184e-12
716 1.116000 0.010000 1192 9.657211e-14 6.059902e-12
717 1.117000 0.010000 1174 9.968656e-14 6.257484e-12
718 1.118000 0.010000 1159 9.884447e-14 6.461750e-12
719 1.119000 0.010000 1143 9.697551e-14 6.682246e-12
720 1.120000 0.010000 1125 9.983798e-14 6.916698e-12
721 1.121000 0.010000 1112 9.810790e-14 7.162517e-12
722 1.122000 0.010000 1094 9.858795e-14 7.433816e-12
723 1.123000 0.010000 1079 9.944000e-14 7.722546e-12
724 1.124000 0.010000 1062 9.917397e-14 8.027943e-12
725 1.125000 0.010000 1043 9.779365e-14 8.344429e-12
726 1.126000 0.010000 1024 9.803294e-14 8.696638e-12
727 1.127000 0.010000 1004 9.817181e-14 9.069687e-12
728 1.128000 0.010000 988 9.866174e-14 9.458826e-12
729 1.129000 0.010000 969 9.515582e-14 9.884561e-12
730 1.130000 0.010000 948 9.876109e-14 1.033715e-11
731 1.131000 0.010000 927 9.872764e-14 1.080937e-11
732 1.132000 0.010000 906 9.881124e-14 1.132816e-11
733 1.133000 0.010000 883 9.932102e-14 1.187407e-11
734 1.134000 0.010000 861 9.970791e-14 1.244961e-11
735 1.135000 0.010000 840 9.734609e-14 1.306503e-11
736 1.136000 0.010000 816 9.869113e-14 1.370520e-11
737 1.137000 0.010000 790 9.590095e-14 1.436472e-11
738 1.138000 0.010000 764 9.636110e-14 1.503172e-11
739 1.139000 0.010000 740 9.949346e-14 1.569726e-11
740 1.140000 0.010000 717 9.849866e-14 1.633591e-11
741 1.141000 0.010000 691 9.692933e-14 1.693115e-11
742 1.142000 0.010000 664 9.729935e-14 1.744133e-11
743 1.143000 0.010000 637 9.855069e-14 1.785483e-11
744 1.144000 0.010000 609 9.919531e-14 1.813626e-11
745 1.145000 0.010000 585 9.812159e-14 1.826393e-11
746 1.146000 0.010000 559 9.281100e-14 1.823676e-11
747 1.147000 0.010000 533 9.514311e-14 1.805178e-11
748 1.148000 0.010000 508 9.690388e-14 1.772019e-11
749 1.149000 0.010000 484 9.792554e-14 1.727010e-11
750 1.150000 0.010000 463 9.480288e-14 1.672622e-11
751 1.151000 0.010000 441 9.632620e-14 1.611446e-11
752 1.152000 0.010000 420 9.974334e-14 1.544704e-11
753 1.153000 0.010000 402 9.812573e-14 1.477206e-11
754 1.154000 0.010000 387 9.498068e-14 1.410817e-11
755 1.155000 0.010000 372 9.991340e-14 1.344729e-11
756 1.156000 0.010000 358 9.953991e-14 1.282361e-11
757 1.157000 0.010000 347 9.143675e-14 1.222414e-11
758 1.158000 0.010000 335 9.328023e-14 1.165873e-11
759 1.159000 0.010000 324 9.946035e-14 1.113354e-11
760 1.160000 0.010000 315 9.779795e-14 1.063509e-11
761 1.161000 0.010000 306 9.394820e-14 1.017376e-11
762 1.162000 0.010000 298 9.634908e-14 9.743099e-12
763 1.163000 0.010000 290 9.393568e-14 9.343532e-12
764 1.164000 0.010000 282 9.843162e-14 8.971952e-12
765 1.165000 0.010000 275 9.990522e-14 8.627515e-12
766 1.166000 0.010000 269 9.973061e-14 8.305856e-12
767 1.167000 0.010000 263 9.812052e-14 8.004880e-12
768 1.168000 0.010000 257 9.638919e-14 7.721545e-12
769 1.169000 0.010000 252 9.011327e-14 7.456120e-12
770 1.170000 0.010000 247 9.832618e-14 7.205618e-12
771 1.171000 0.010000 242 9.365696e-14 6.972143e-12
772 1.172000 0.010000 238 9.059077e-14 6.759357e-12
773 1.173000 0.010000 233 9.494551e-14 6.555641e-12
774 1.174000 0.010000 230 8.815131e-14 6.363340e-12
775 1.175000 0.010000 225 9.955916e-14 6.183484e-12
776 1.176000 0.010000 222 9.511832e-14 6.012352e-12
777 1.177000 0.010000 218 9.657252e-14 5.849627e-12
778 1.178000 0.010000 215 8.839595e-14 5.697377e-12
779 1.179000 0.010000 211 9.522833e-14 5.551756e-12
780 1.180000 0.010000 208 9.170484e-14 5.414472e-12
781 1.181000 0.010000 205 9.651890e-14 5.286459e-12
782 1.182000 0.010000 202 9.993773e-14 5.162394e-12
783 1.183000 0.010000 200 8.803083e-14 5.043343e-12
784 1.184000 0.010000 197 9.521957e-14 4.932035e-12
785 1.185000 0.010000 195 8.955044e-14 4.822345e-12
786 1.186000 0.010000 192 9.115434e-14 4.714969e-12
787 1.187000 0.010000 190 8.895643e-14 4.617574e-12
788 1.188000 0.010000 188 8.867654e-14 4.526182e-12
789 1.189000 0.010000 186 8.889107e-14 4.435338e-12
790 1.190000 0.010000 183 9.521148e-14 4.347481e-12
791 1.191000 0.010000 181 9.554910e-14 4.268739e-12
792 1.192000 0.010000 179 9.741200e-14 4.194706e-12
793 1.193000 0.010000 177 9.588625e-14 4.119570e-12
794 1.194000 0.010000 175 9.849444e-14 4.045658e-12
795 1.195000 0.010000 174 8.393103e-14 3.974794e-12
796 1.196000 0.010000 172 9.553786e-14 3.910289e-12
797 1.197000 0.010000 171 8.450129e-14 3.845744e-12
798 1.198000 0.010000 169 8.845979e-14 3.783153e-12
799 1.199000 0.010000 166 9.952347e-14 3.719567e-12
800 1.200000 0.010000 165 9.062302e-14 3.659760e-12
801 1.201000 0.010000 164 8.341938e-14 3.602783e-12
802 1.202000 0.010000 163 7.916911e-14 3.548040e-12
803 1.203000 0.010000 161 9.665850e-14 3.496832e-12
804 1.204000 0.010000 160 8.865087e-14 3.445170e-12
805 1.205000 0.010000 159 8.379466e-14 3.395105e-12
806 1.206000 0.010000 157 9.792869e-14 3.347345e-12
807 1.207000 0.010000 156 9.221743e-14 3.301028e-12
808 1.208000 0.010000 155 8.867660e-14 3.256671e-12
809 1.209000 0.010000 154 8.439132e-14 3.213588e-12
810 1.210000 0.010000 153 8.383229e-14 3.172169e-12
811 1.211000 0.010000 151 9.777921e-14 3.131837e-12
812 1.212000 0.010000 150 9.424395e-14 3.091686e-12
813 1.213000 0.010000 149 9.027025e-14 3.053550e-12
814 1.214000 0.010000 148 8.674639e-14 3.015840e-12
815 1.215000 0.010000 147 8.938094e-14 2.980424e-12
816 1.216000 0.010000 146 9.029757e-14 2.945765e-12
817 1.217000 0.010000 145 8.970451e-14 2.912318e-12
818 1.218000 0.010000 144 9.178215e-14 2.878998e-12
819 1.219000 0.010000 143 9.160765e-14 2.846789e-12
820 1.220000 0.010000 142 8.825943e-14 2.814914e-12
821 1.221000 0.010000 141 8.543521e-14 2.784057e-12
822 1.222000 0.010000 140 8.490443e-14 2.754238e-12
823 1.223000 0.010000 139 8.642507e-14 2.725425e-12
824 1.224000 0.010000 138 9.142156e-14 2.697635e-12
825 1.225000 0.010000 137 9.591959e-14 2.670519e-12
826 1.226000 0.010000 137 7.995467e-14 2.642714e-12
827 1.227000 0.010000 136 8.551810e-14 2.616884e-12
828 1.228000 0.010000 135 8.984314e-14 2.591417e-12
829 1.229000 0.010000 134 9.173674e-14 2.566525e-12
830 1.230000 0.010000 133 9.365664e-14 2.542062e-12
831 1.231000 0.010000 132 9.679683e-14 2.518262e-12
832 1.232000 0.010000 132 8.174758e-14 2.494260e-12
833 1.233000 0.010000 131 8.518502e-14 2.471704e-12
834 1.234000 0.010000 130 9.552710e-14 2.450124e-12
835 1.235000 0.010000 130 8.111848e-14 2.427544e-12
836 1.236000 0.010000 129 9.089815e-14 2.407245e-12
837 1.237000 0.010000 128 9.725678e-14 2.387313e-12
838 1.238000 0.010000 128 8.308011e-14 2.365898e-12
839 1.239000 0.010000 127 8.688960e-14 2.346568e-12
840 1.240000 0.010000 126 9.004386e-14 2.327306e-12
841 1.241000 0.010000 125 9.571873e-14 2.308484e-12
842 1.242000 0.010000 125 8.234337e-14 2.288834e-12
843 1.243000 0.010000 124 9.166735e-14 2.271012e-12
844 1.244000 0.010000 123 9.960493e-14 2.253670e-12
845 1.245000 0.010000 123 8.610417e-14 2.235128e-12
846 1.246000 0.010000 122 9.168471e-14 2.218319e-12
847 1.247000 0.010000 122 7.944843e-14 2.200561e-12
848 1.248000 0.010000 121 9.129121e-14 2.184853e-12
849 1.249000 0.010000 121 7.931594e-14 2.168000e-12
850 1.250000 0.010000 120 8.830370e-14 2.152731e-12
851 1.251000 0.010000 119 9.900440e-14 2.138521e-12
852 1.252000 0.010000 119 8.639139e-14 2.122346e-12
853 1.253000 0.010000 119 7.543514e-14 2.106616e-12
854 1.254000 0.010000 118 8.789266e-14 2.093353e-12
855 1.255000 0.010000 117 9.692531e-14 2.080163e-12
856 1.256000 0.010000 117 8.501893e-14 2.064939e-12
857 1.257000 0.010000 116 9.271456e-14 2.051851e-12
858 1.258000 0.010000 116 8.151482e-14 2.037205e-12
859 1.259000 0.010000 115 9.016421e-14 2.024257e-12
860 1.260000 0.010000 114 9.803906e-14 2.011803e-12
861 1.261000 0.010000 114 8.651278e-14 1.997877e-12
862 1.262000 0.010000 113 9.872236e-14 1.985980e-12
863 1.263000 0.010000 113 8.730687e-14 1.972612e-12
864 1.264000 0.010000 112 9.968385e-14 1.961299e-12
865 1.265000 0.010000 112 8.834137e-14 1.948230e-12
866 1.266000 0.010000 112 7.833053e-14 1.935657e-12
867 1.267000 0.010000 111 9.192354e-14 1.924998e-12
868 1.268000 0.010000 111 8.168151e-14 1.912766e-12
869 1.269000 0.010000 110 9.798097e-14 1.903292e-12
870 1.270000 0.010000 110 8.726133e-14 1.891256e-12
871 1.271000 0.010000 109 9.958716e-14 1.881467e-12
872 1.272000 0.010000 109 8.887222e-14 1.869724e-12
873 1.273000 0.010000 108 9.972819e-14 1.860421e-12
874 1.274000 0.010000 108 8.916520e-14 1.849035e-12
875 1.275000 0.010000 108 7.975714e-14 1.837990e-12
876 1.276000 0.010000 107 9.099010e-14 1.828938e-12
877 1.277000 0.010000 107 8.153394e-14 1.818134e-12
878 1.278000 0.010000 106 9.371316e-14 1.809742e-12
879 1.279000 0.010000 106 8.411539e-14 1.799217e-12
880 1.280000 0.010000 106 7.553243e-14 1.789041e-12
881 1.281000 0.010000 105 9.430936e-14 1.781748e-12
882 1.282000 0.010000 105 8.484664e-14 1.771661e-12
883 1.283000 0.010000 105 7.636414e-14 1.761973e-12
884 1.284000 0.010000 104 9.479428e-14 1.754800e-12
885 1.285000 0.010000 104 8.547543e-14 1.745197e-12
886 1.286000 0.010000 104 7.710236e-14 1.735867e-12
887 1.287000 0.010000 103 9.354202e-14 1.728775e-12
888 1.288000 0.010000 103 8.452771e-14 1.719602e-12
889 1.289000 0.010000 103 7.641019e-14 1.710605e-12
890 1.290000 0.010000 102 9.517716e-14 1.703795e-12
891 1.291000 0.010000 102 8.620245e-14 1.694934e-12
892 1.292000 0.010000 102 7.810148e-14 1.686293e-12
893 1.293000 0.010000 101 9.614362e-14 1.679671e-12
894 1.294000 0.010000 101 8.727529e-14 1.671160e-12
895 1.295000 0.010000 101 7.925167e-14 1.662952e-12
896 1.296000 0.010000 100 9.180571e-14 1.655922e-12
897 1.297000 0.010000 100 8.349831e-14 1.647788e-12
898 1.298000 0.010000 99 9.905312e-14 1.641699e-12
899 1.299000 0.010000 99 9.023580e-14 1.633738e-12
900 1.300000 0.010000 99 8.222928e-14 1.626062e-12
901 1.301000 0.010000 98 9.787120e-14 1.620264e-12
902 1.302000 0.010000 98 8.932031e-14 1.612576e-12
903 1.303000 0.010000 98 8.154126e-14 1.605170e-12
904 1.304000 0.010000 97 9.448210e-14 1.600084e-12
905 1.305000 0.010000 97 8.636593e-14 1.592792e-12
906 1.306000 0.010000 97 7.897010e-14 1.585705e-12
907 1.307000 0.010000 97 7.222856e-14 1.578774e-12
908 1.308000 0.010000 96 9.273734e-14 1.573841e-12
909 1.309000 0.010000 96 8.494145e-14 1.566916e-12
910 1.310000 0.010000 96 7.782263e-14 1.560201e-12
911 1.311000 0.010000 96 7.132013e-14 1.553599e-12
912 1.312000 0.010000 95 9.534507e-14 1.549919e-12
913 1.313000 0.010000 95 8.751526e-14 1.543222e-12
914 1.314000 0.010000 95 8.034971e-14 1.536775e-12
915 1.315000 0.010000 95 7.379022e-14 1.530388e-12
916 1.316000 0.010000 94 9.377790e-14 1.527033e-12
917 1.317000 0.010000 94 8.625641e-14 1.520569e-12
918 1.318000 0.010000 94 7.935819e-14 1.514241e-12
919 1.319000 0.010000 94 7.302990e-14 1.508191e-12
920 1.320000 0.010000 93 9.228880e-14 1.504782e-12
921 1.321000 0.010000 93 8.505766e-14 1.498606e-12
922 1.322000 0.010000 93 7.841198e-14 1.492643e-12
923 1.323000 0.010000 92 9.727966e-14 1.489746e-12
924 1.324000 0.010000 92 8.980066e-14 1.483695e-12
925 1.325000 0.010000 92 8.291590e-14 1.477828e-12
926 1.326000 0.010000 92 7.657660e-14 1.472074e-12
927 1.327000 0.010000 91 9.585063e-14 1.469250e-12
928 1.328000 0.010000 91 8.864160e-14 1.463462e-12
929 1.329000 0.010000 91 8.199299e-14 1.457848e-12
930 1.330000 0.010000 91 7.585978e-14 1.452362e-12
931 1.331000 0.010000 90 9.862718e-14 1.450301e-12
932 1.332000 0.010000 90 9.137480e-14 1.444642e-12
933 1.333000 0.010000 90 8.467373e-14 1.439252e-12
934 1.334000 0.010000 90 7.848065e-14 1.433876e-12
935 1.335000 0.010000 90 7.275576e-14 1.428618e-12
936 1.336000 0.010000 89 9.346991e-14 1.426334e-12
937 1.337000 0.010000 89 8.675719e-14 1.421026e-12
938 1.338000 0.010000 89 8.054286e-14 1.415876e-12
939 1.339000 0.010000 89 7.478867e-14 1.410928e-12
940 1.340000 0.010000 88 9.641435e-14 1.408106e-12
941 1.341000 0.010000 88 8.963096e-14 1.403015e-12
942 1.342000 0.010000 88 8.334102e-14 1.398141e-12
943 1.343000 0.010000 88 7.750741e-14 1.393309e-12
944 1.344000 0.010000 88 7.209592e-14 1.388634e-12
945 1.345000 0.010000 87 9.947779e-14 1.386744e-12
946 1.346000 0.010000 87 9.264889e-14 1.381848e-12
947 1.347000 0.010000 87 8.630468e-14 1.377197e-12
948 1.348000 0.010000 87 8.040962e-14 1.372652e-12
949 1.349000 0.010000 87 7.493084e-14 1.368178e-12
950 1.350000 0.010000 87 6.983795e-14 1.363883e-12
951 1.351000 0.010000 86 9.536108e-14 1.362000e-12
952 1.352000 0.010000 86 8.898881e-14 1.357447e-12
953 1.353000 0.010000 86 8.305679e-14 1.353070e-12
954 1.354000 0.010000 86 7.753359e-14 1.348845e-12
955 1.355000 0.010000 86 7.239008e-14 1.344708e-12
956 1.356000 0.010000 85 9.476027e-14 1.343299e-12
957 1.357000 0.010000 85 8.857736e-14 1.338962e-12
958 1.358000 0.010000 85 8.281159e-14 1.334805e-12
959 1.359000 0.010000 85 7.743388e-14 1.330699e-12
960 1.360000 0.010000 85 7.241721e-14 1.326712e-12
961 1.361000 0.010000 84 9.810911e-14 1.326404e-12
962 1.362000 0.010000 84 9.186246e-14 1.322139e-12
963 1.363000 0.010000 84 8.602712e-14 1.318053e-12
964 1.364000 0.010000 84 8.057509e-14 1.314041e-12
965 1.365000 0.010000 84 7.548033e-14 1.310196e-12
966 1.366000 0.010000 84 7.071865e-14 1.306412e-12
967 1.367000 0.010000 83 9.436664e-14 1.305281e-12
968 1.368000 0.010000 83 8.850946e-14 1.301386e-12
969 1.369000 0.010000 83 8.302825e-14 1.297543e-12
970 1.370000 0.010000 83 7.789804e-14 1.293782e-12
971 1.371000 0.010000 83 7.309560e-14 1.290192e-12
972 1.372000 0.010000 82 9.788697e-14 1.289284e-12
973 1.373000 0.010000 82 9.195369e-14 1.285483e-12
974 1.374000 0.010000 82 8.639237e-14 1.281767e-12
975 1.375000 0.010000 82 8.117890e-14 1.278172e-12
976 1.376000 0.010000 82 7.629079e-14 1.274699e-12
977 1.377000 0.010000 82 7.170704e-14 1.271255e-12
978 1.378000 0.010000 81 9.838539e-14 1.270322e-12
979 1.379000 0.010000 81 9.257675e-14 1.266715e-12
980 1.380000 0.010000 81 8.712284e-14 1.263217e-12
981 1.381000 0.010000 81 8.200126e-14 1.259788e-12
982 1.382000 0.010000 81 7.719106e-14 1.256473e-12
983 1.383000 0.010000 81 7.267268e-14 1.253298e-12
984 1.384000 0.010000 80 9.824578e-14 1.252676e-12
985 1.385000 0.010000 80 9.259068e-14 1.249283e-12
986 1.386000 0.010000 80 8.727231e-14 1.245937e-12
987 1.387000 0.010000 80 8.226994e-14 1.242683e-12
988 1.388000 0.010000 80 7.756415e-14 1.239522e-12
989 1.389000 0.010000 80 7.313675e-14 1.236394e-12
990 1.390000 0.010000 79 9.774761e-14 1.237205e-12
991 1.391000 0.010000 79 9.225735e-14 1.233899e-12
992 1.392000 0.010000 79 8.708612e-14 1.230639e-12
993 1.393000 0.010000 79 8.221476e-14 1.227501e-12
994 1.394000 0.010000 79 7.762527e-14 1.224423e-12
995 1.395000 0.010000 79 7.330079e-14 1.221418e-12
996 1.396000 0.010000 79 6.922549e-14 1.218543e-12
997 1.397000 0.010000 78 9.782625e-14 1.220479e-12
998 1.398000 0.010000 78 9.247819e-14 1.217249e-12
999 1.399000 0.010000 78 8.743260e-14 1.214146e-12
1000 1.400000 0.010000 78 8.267179e-14 1.211073e-12
