# Generalizd shifted MINRES method
# A = /home/stern/multi/data/PPE3594_A.csr
# B = /home/stern/multi/data/PPE3594_B.csr
# inner=1.000000e-08, outet=1.000000e-13
# status=-5157, time=104
# converged 1001 / 1001
0 0.400000 0.010000 1442 9.988263e-14 1.078340e-08
1 0.401000 0.010000 1443 9.812101e-14 1.086651e-08
2 0.402000 0.010000 1446 9.835369e-14 1.095211e-08
3 0.403000 0.010000 1448 9.728859e-14 1.104024e-08
4 0.404000 0.010000 1452 9.928266e-14 1.113096e-08
5 0.405000 0.010000 1457 9.900941e-14 1.122433e-08
6 0.406000 0.010000 1462 9.873929e-14 1.132042e-08
7 0.407000 0.010000 1468 9.988990e-14 1.141932e-08
8 0.408000 0.010000 1475 9.993143e-14 1.152111e-08
9 0.409000 0.010000 1481 9.956951e-14 1.162589e-08
10 0.410000 0.010000 1490 9.959923e-14 1.173375e-08
11 0.411000 0.010000 1502 9.994027e-14 1.184483e-08
12 0.412000 0.010000 1513 9.773766e-14 1.195924e-08
13 0.413000 0.010000 1524 9.902288e-14 1.207713e-08
14 0.414000 0.010000 1538 9.889298e-14 1.219865e-08
15 0.415000 0.010000 1556 9.675398e-14 1.232398e-08
16 0.416000 0.010000 1570 9.888018e-14 1.245330e-08
17 0.417000 0.010000 1588 9.778274e-14 1.258682e-08
18 0.418000 0.010000 1605 9.921658e-14 1.272478e-08
19 0.419000 0.010000 1626 9.919293e-14 1.286743e-08
20 0.420000 0.010000 1650 9.919812e-14 1.301506e-08
21 0.421000 0.010000 1675 9.964748e-14 1.316797e-08
22 0.422000 0.010000 1706 9.892062e-14 1.332651e-08
23 0.423000 0.010000 1736 9.799868e-14 1.349107e-08
24 0.424000 0.010000 1763 9.869521e-14 1.366207e-08
25 0.425000 0.010000 1797 9.732596e-14 1.383995e-08
26 0.426000 0.010000 1834 9.952588e-14 1.402521e-08
27 0.427000 0.010000 1877 9.853173e-14 1.421834e-08
28 0.428000 0.010000 1920 9.985042e-14 1.441987e-08
29 0.429000 0.010000 1963 9.780589e-14 1.463031e-08
30 0.430000 0.010000 2015 9.813348e-14 1.485010e-08
31 0.431000 0.010000 2071 9.871572e-14 1.507959e-08
32 0.432000 0.010000 2129 9.929661e-14 1.531898e-08
33 0.433000 0.010000 2209 9.894090e-14 1.556821e-08
34 0.434000 0.010000 2284 9.924389e-14 1.582698e-08
35 0.435000 0.010000 2350 9.958802e-14 1.609474e-08
36 0.436000 0.010000 2418 9.962630e-14 1.637075e-08
37 0.437000 0.010000 2498 9.993292e-14 1.665440e-08
38 0.438000 0.010000 2560 9.820554e-14 1.694546e-08
39 0.439000 0.010000 2636 9.950187e-14 1.724436e-08
40 0.440000 0.010000 2724 9.986792e-14 1.755234e-08
41 0.441000 0.010000 2832 9.785694e-14 1.787128e-08
42 0.442000 0.010000 2905 9.870879e-14 1.820321e-08
43 0.443000 0.010000 2971 9.874680e-14 1.854964e-08
44 0.444000 0.010000 3064 9.981144e-14 1.891107e-08
45 0.445000 0.010000 3157 9.993891e-14 1.928651e-08
46 0.446000 0.010000 3247 9.884058e-14 1.967356e-08
47 0.447000 0.010000 3310 9.945779e-14 2.006872e-08
48 0.448000 0.010000 3386 9.949372e-14 2.046804e-08
49 0.449000 0.010000 3451 9.946824e-14 2.086813e-08
50 0.450000 0.010000 3513 9.983726e-14 2.126695e-08
51 0.451000 0.010000 3582 9.953546e-14 2.166434e-08
52 0.452000 0.010000 3661 9.982864e-14 2.206205e-08
53 0.453000 0.010000 3721 9.931367e-14 2.246305e-08
54 0.454000 0.010000 3787 9.989244e-14 2.287083e-08
55 0.455000 0.010000 3842 9.967418e-14 2.328870e-08
56 0.456000 0.010000 3877 9.817074e-14 2.371945e-08
57 0.457000 0.010000 3919 9.906268e-14 2.416549e-08
58 0.458000 0.010000 3979 9.911156e-14 2.462916e-08
59 0.459000 0.010000 4018 9.891331e-14 2.511300e-08
60 0.460000 0.010000 4056 9.918790e-14 2.561983e-08
61 0.461000 0.010000 4102 9.979434e-14 2.615265e-08
62 0.462000 0.010000 4155 9.985869e-14 2.671422e-08
63 0.463000 0.010000 4202 9.972669e-14 2.730688e-08
64 0.464000 0.010000 4246 9.953271e-14 2.793239e-08
65 0.465000 0.010000 4288 9.950459e-14 2.859196e-08
66 0.466000 0.010000 4324 9.939684e-14 2.928629e-08
67 0.467000 0.010000 4358 9.946762e-14 3.001561e-08
68 0.468000 0.010000 4393 9.973961e-14 3.077963e-08
69 0.469000 0.010000 4431 9.996633e-14 3.157755e-08
70 0.470000 0.010000 4466 9.980774e-14 3.240818e-08
71 0.471000 0.010000 4502 9.992257e-14 3.327030e-08
72 0.472000 0.010000 4534 9.966415e-14 3.416319e-08
73 0.473000 0.010000 4562 9.981546e-14 3.508716e-08
74 0.474000 0.010000 4593 9.991503e-14 3.604381e-08
75 0.475000 0.010000 4623 9.950700e-14 3.703614e-08
76 0.476000 0.010000 4652 9.944420e-14 3.806834e-08
77 0.477000 0.010000 4684 9.964477e-14 3.914568e-08
78 0.478000 0.010000 4709 9.947657e-14 4.027431e-08
79 0.479000 0.010000 4733 9.958200e-14 4.146090e-08
80 0.480000 0.010000 4756 9.966527e-14 4.271212e-08
81 0.481000 0.010000 4781 9.976165e-14 4.403393e-08
82 0.482000 0.010000 4804 9.992733e-14 4.543101e-08
83 0.483000 0.010000 4826 9.980023e-14 4.690654e-08
84 0.484000 0.010000 4848 9.991407e-14 4.846251e-08
85 0.485000 0.010000 4870 9.966114e-14 5.010020e-08
86 0.486000 0.010000 4889 9.953914e-14 5.182055e-08
87 0.487000 0.010000 4908 9.965387e-14 5.362397e-08
88 0.488000 0.010000 4927 9.921591e-14 5.550986e-08
89 0.489000 0.010000 4943 9.978952e-14 5.747595e-08
90 0.490000 0.010000 4961 9.984477e-14 5.951790e-08
91 0.491000 0.010000 4980 9.932465e-14 6.162892e-08
92 0.492000 0.010000 4997 9.946015e-14 6.379922e-08
93 0.493000 0.010000 5012 9.952400e-14 6.601471e-08
94 0.494000 0.010000 5027 9.993905e-14 6.825505e-08
95 0.495000 0.010000 5044 9.942480e-14 7.049161e-08
96 0.496000 0.010000 5057 9.986781e-14 7.268619e-08
97 0.497000 0.010000 5070 9.992446e-14 7.479123e-08
98 0.498000 0.010000 5083 9.950450e-14 7.675205e-08
99 0.499000 0.010000 5095 9.996223e-14 7.851058e-08
100 0.500000 0.010000 5104 9.968259e-14 8.001045e-08
101 0.501000 0.010000 5111 9.956488e-14 8.120215e-08
102 0.502000 0.010000 5117 9.974428e-14 8.204795e-08
103 0.503000 0.010000 5122 9.998325e-14 8.252561e-08
104 0.504000 0.010000 5129 9.962759e-14 8.263069e-08
105 0.505000 0.010000 5132 9.986203e-14 8.237709e-08
106 0.506000 0.010000 5135 9.995232e-14 8.179594e-08
107 0.507000 0.010000 5139 9.950245e-14 8.093320e-08
108 0.508000 0.010000 5141 9.945991e-14 7.984588e-08
109 0.509000 0.010000 5142 9.999245e-14 7.859732e-08
110 0.510000 0.010000 5144 9.942956e-14 7.725173e-08
111 0.511000 0.010000 5144 9.977645e-14 7.586907e-08
112 0.512000 0.010000 5145 9.941915e-14 7.450103e-08
113 0.513000 0.010000 5145 9.957083e-14 7.318863e-08
114 0.514000 0.010000 5145 9.969535e-14 7.196157e-08
115 0.515000 0.010000 5145 9.981895e-14 7.083893e-08
116 0.516000 0.010000 5145 9.995442e-14 6.983095e-08
117 0.517000 0.010000 5146 9.962309e-14 6.894100e-08
118 0.518000 0.010000 5146 9.977891e-14 6.816769e-08
119 0.519000 0.010000 5146 9.993802e-14 6.750634e-08
120 0.520000 0.010000 5147 9.979745e-14 6.694997e-08
121 0.521000 0.010000 5147 9.993149e-14 6.649011e-08
122 0.522000 0.010000 5148 9.949332e-14 6.611746e-08
123 0.523000 0.010000 5148 9.956008e-14 6.582303e-08
124 0.524000 0.010000 5148 9.957805e-14 6.559897e-08
125 0.525000 0.010000 5148 9.954350e-14 6.543924e-08
126 0.526000 0.010000 5147 9.999710e-14 6.533948e-08
127 0.527000 0.010000 5147 9.986872e-14 6.529653e-08
128 0.528000 0.010000 5147 9.971068e-14 6.530758e-08
129 0.529000 0.010000 5146 9.984666e-14 6.536949e-08
130 0.530000 0.010000 5146 9.967758e-14 6.547839e-08
131 0.531000 0.010000 5146 9.952401e-14 6.562918e-08
132 0.532000 0.010000 5145 9.990766e-14 6.581505e-08
133 0.533000 0.010000 5145 9.979698e-14 6.602713e-08
134 0.534000 0.010000 5145 9.969214e-14 6.625467e-08
135 0.535000 0.010000 5145 9.957123e-14 6.648637e-08
136 0.536000 0.010000 5145 9.940957e-14 6.671263e-08
137 0.537000 0.010000 5144 9.978891e-14 6.692851e-08
138 0.538000 0.010000 5144 9.949174e-14 6.713616e-08
139 0.539000 0.010000 5143 9.967136e-14 6.734617e-08
140 0.540000 0.010000 5142 9.973433e-14 6.757694e-08
141 0.541000 0.010000 5141 9.956808e-14 6.785226e-08
142 0.542000 0.010000 5140 9.970921e-14 6.819795e-08
143 0.543000 0.010000 5139 9.989456e-14 6.863822e-08
144 0.544000 0.010000 5139 9.950582e-14 6.919309e-08
145 0.545000 0.010000 5138 9.993432e-14 6.987709e-08
146 0.546000 0.010000 5138 9.968417e-14 7.069953e-08
147 0.547000 0.010000 5137 9.998967e-14 7.166596e-08
148 0.548000 0.010000 5137 9.991933e-14 7.278013e-08
149 0.549000 0.010000 5137 9.994289e-14 7.404584e-08
150 0.550000 0.010000 5138 9.957435e-14 7.546813e-08
151 0.551000 0.010000 5138 9.977552e-14 7.705401e-08
152 0.552000 0.010000 5139 9.932175e-14 7.881291e-08
153 0.553000 0.010000 5139 9.967763e-14 8.075689e-08
154 0.554000 0.010000 5140 9.954327e-14 8.290069e-08
155 0.555000 0.010000 5141 9.950074e-14 8.526105e-08
156 0.556000 0.010000 5142 9.976647e-14 8.785539e-08
157 0.557000 0.010000 5143 9.988852e-14 9.069970e-08
158 0.558000 0.010000 5145 9.954689e-14 9.380601e-08
159 0.559000 0.010000 5146 9.992421e-14 9.717982e-08
160 0.560000 0.010000 5148 9.999390e-14 1.008175e-07
161 0.561000 0.010000 5150 9.946012e-14 1.047038e-07
162 0.562000 0.010000 5152 9.986338e-14 1.088091e-07
163 0.563000 0.010000 5154 9.930415e-14 1.130865e-07
164 0.564000 0.010000 5155 9.973530e-14 1.174687e-07
165 0.565000 0.010000 5157 9.949182e-14 1.218654e-07
166 0.566000 0.010000 5157 9.994161e-14 1.261611e-07
167 0.567000 0.010000 5157 9.997867e-14 1.302162e-07
168 0.568000 0.010000 5157 9.948697e-14 1.338714e-07
169 0.569000 0.010000 5154 9.992019e-14 1.369583e-07
170 0.570000 0.010000 5151 9.986876e-14 1.393159e-07
171 0.571000 0.010000 5146 9.995482e-14 1.408114e-07
172 0.572000 0.010000 5140 9.947844e-14 1.413589e-07
173 0.573000 0.010000 5132 9.967616e-14 1.409330e-07
174 0.574000 0.010000 5122 9.936914e-14 1.395707e-07
175 0.575000 0.010000 5111 9.935938e-14 1.373615e-07
176 0.576000 0.010000 5098 9.951560e-14 1.344303e-07
177 0.577000 0.010000 5083 9.985618e-14 1.309175e-07
178 0.578000 0.010000 5067 9.978394e-14 1.269641e-07
179 0.579000 0.010000 5049 9.989210e-14 1.227014e-07
180 0.580000 0.010000 5031 9.956331e-14 1.182481e-07
181 0.581000 0.010000 5012 9.947345e-14 1.137086e-07
182 0.582000 0.010000 4993 9.970562e-14 1.091740e-07
183 0.583000 0.010000 4974 9.982490e-14 1.047221e-07
184 0.584000 0.010000 4955 9.989482e-14 1.004170e-07
185 0.585000 0.010000 4936 9.980131e-14 9.631005e-08
186 0.586000 0.010000 4920 9.970132e-14 9.244008e-08
187 0.587000 0.010000 4904 9.976089e-14 8.883497e-08
188 0.588000 0.010000 4890 9.999506e-14 8.551304e-08
189 0.589000 0.010000 4877 9.977811e-14 8.248481e-08
190 0.590000 0.010000 4866 9.986911e-14 7.975486e-08
191 0.591000 0.010000 4860 9.909760e-14 7.732365e-08
192 0.592000 0.010000 4853 9.979835e-14 7.518901e-08
193 0.593000 0.010000 4848 9.958785e-14 7.334739e-08
194 0.594000 0.010000 4843 9.989897e-14 7.179450e-08
195 0.595000 0.010000 4842 9.915934e-14 7.052546e-08
196 0.596000 0.010000 4840 9.983031e-14 6.953434e-08
197 0.597000 0.010000 4839 9.980008e-14 6.881302e-08
198 0.598000 0.010000 4839 9.976681e-14 6.834936e-08
199 0.599000 0.010000 4839 9.994278e-14 6.812486e-08
200 0.600000 0.010000 4840 9.980443e-14 6.811197e-08
201 0.601000 0.010000 4840 9.992231e-14 6.827198e-08
202 0.602000 0.010000 4840 9.975412e-14 6.855384e-08
203 0.603000 0.010000 4838 9.983207e-14 6.889515e-08
204 0.604000 0.010000 4836 9.982891e-14 6.922605e-08
205 0.605000 0.010000 4832 9.999250e-14 6.947586e-08
206 0.606000 0.010000 4827 9.985795e-14 6.958210e-08
207 0.607000 0.010000 4821 9.989523e-14 6.949954e-08
208 0.608000 0.010000 4814 9.977870e-14 6.920729e-08
209 0.609000 0.010000 4805 9.930206e-14 6.871157e-08
210 0.610000 0.010000 4794 9.971528e-14 6.804375e-08
211 0.611000 0.010000 4784 9.961953e-14 6.725425e-08
212 0.612000 0.010000 4774 9.947620e-14 6.640441e-08
213 0.613000 0.010000 4762 9.989601e-14 6.555829e-08
214 0.614000 0.010000 4752 9.990971e-14 6.477579e-08
215 0.615000 0.010000 4744 9.976241e-14 6.410827e-08
216 0.616000 0.010000 4735 9.976330e-14 6.359594e-08
217 0.617000 0.010000 4728 9.972766e-14 6.326695e-08
218 0.618000 0.010000 4721 9.996994e-14 6.313706e-08
219 0.619000 0.010000 4714 9.998450e-14 6.320925e-08
220 0.620000 0.010000 4708 9.977921e-14 6.347301e-08
221 0.621000 0.010000 4702 9.998312e-14 6.390299e-08
222 0.622000 0.010000 4696 9.998167e-14 6.445767e-08
223 0.623000 0.010000 4691 9.902079e-14 6.507888e-08
224 0.624000 0.010000 4685 9.972177e-14 6.569329e-08
225 0.625000 0.010000 4678 9.976546e-14 6.621701e-08
226 0.626000 0.010000 4671 9.944909e-14 6.656341e-08
227 0.627000 0.010000 4661 9.982397e-14 6.665363e-08
228 0.628000 0.010000 4649 9.995463e-14 6.642735e-08
229 0.629000 0.010000 4638 9.970376e-14 6.585170e-08
230 0.630000 0.010000 4623 9.989189e-14 6.492567e-08
231 0.631000 0.010000 4607 9.984894e-14 6.367875e-08
232 0.632000 0.010000 4593 9.966692e-14 6.216445e-08
233 0.633000 0.010000 4576 9.974899e-14 6.045022e-08
234 0.634000 0.010000 4558 9.960804e-14 5.860710e-08
235 0.635000 0.010000 4541 9.987777e-14 5.670116e-08
236 0.636000 0.010000 4523 9.991980e-14 5.478794e-08
237 0.637000 0.010000 4503 9.969236e-14 5.291019e-08
238 0.638000 0.010000 4484 9.991857e-14 5.109790e-08
239 0.639000 0.010000 4469 9.963047e-14 4.936998e-08
240 0.640000 0.010000 4445 9.977988e-14 4.773655e-08
241 0.641000 0.010000 4424 9.949384e-14 4.620135e-08
242 0.642000 0.010000 4403 9.935955e-14 4.476381e-08
243 0.643000 0.010000 4380 9.998044e-14 4.342062e-08
244 0.644000 0.010000 4362 9.955518e-14 4.216695e-08
245 0.645000 0.010000 4337 9.988979e-14 4.099725e-08
246 0.646000 0.010000 4313 9.958885e-14 3.990572e-08
247 0.647000 0.010000 4289 9.992767e-14 3.888672e-08
248 0.648000 0.010000 4261 9.989861e-14 3.793481e-08
249 0.649000 0.010000 4235 9.954379e-14 3.704488e-08
250 0.650000 0.010000 4204 9.989594e-14 3.621209e-08
251 0.651000 0.010000 4174 9.880189e-14 3.543187e-08
252 0.652000 0.010000 4139 9.937604e-14 3.469985e-08
253 0.653000 0.010000 4102 9.984071e-14 3.401182e-08
254 0.654000 0.010000 4061 9.939894e-14 3.336368e-08
255 0.655000 0.010000 4022 9.975942e-14 3.275141e-08
256 0.656000 0.010000 3975 9.962878e-14 3.217112e-08
257 0.657000 0.010000 3927 9.956770e-14 3.161912e-08
258 0.658000 0.010000 3876 9.959456e-14 3.109199e-08
259 0.659000 0.010000 3820 9.956980e-14 3.058673e-08
260 0.660000 0.010000 3763 9.835257e-14 3.010085e-08
261 0.661000 0.010000 3700 9.987431e-14 2.963245e-08
262 0.662000 0.010000 3636 9.895849e-14 2.918020e-08
263 0.663000 0.010000 3570 9.957593e-14 2.874332e-08
264 0.664000 0.010000 3508 9.950033e-14 2.832150e-08
265 0.665000 0.010000 3443 9.947024e-14 2.791476e-08
266 0.666000 0.010000 3382 9.995691e-14 2.752327e-08
267 0.667000 0.010000 3326 9.979102e-14 2.714721e-08
268 0.668000 0.010000 3272 9.976551e-14 2.678663e-08
269 0.669000 0.010000 3223 9.982549e-14 2.644136e-08
270 0.670000 0.010000 3182 9.988029e-14 2.611105e-08
271 0.671000 0.010000 3150 9.999285e-14 2.579517e-08
272 0.672000 0.010000 3123 9.870505e-14 2.549310e-08
273 0.673000 0.010000 3105 9.901100e-14 2.520414e-08
274 0.674000 0.010000 3092 9.849493e-14 2.492759e-08
275 0.675000 0.010000 3086 9.854442e-14 2.466277e-08
276 0.676000 0.010000 3086 9.904996e-14 2.440898e-08
277 0.677000 0.010000 3093 9.899988e-14 2.416558e-08
278 0.678000 0.010000 3107 9.979899e-14 2.393190e-08
279 0.679000 0.010000 3124 9.988445e-14 2.370729e-08
280 0.680000 0.010000 3152 9.900576e-14 2.349107e-08
281 0.681000 0.010000 3183 9.985855e-14 2.328259e-08
282 0.682000 0.010000 3221 9.953366e-14 2.308118e-08
283 0.683000 0.010000 3263 9.979189e-14 2.288629e-08
284 0.684000 0.010000 3309 9.998128e-14 2.269748e-08
285 0.685000 0.010000 3357 9.993424e-14 2.251452e-08
286 0.686000 0.010000 3407 9.977940e-14 2.233743e-08
287 0.687000 0.010000 3456 9.926642e-14 2.216653e-08
288 0.688000 0.010000 3510 9.959365e-14 2.200234e-08
289 0.689000 0.010000 3559 9.953165e-14 2.184551e-08
290 0.690000 0.010000 3608 9.976185e-14 2.169672e-08
291 0.691000 0.010000 3645 9.907985e-14 2.155664e-08
292 0.692000 0.010000 3686 9.921474e-14 2.142578e-08
293 0.693000 0.010000 3721 9.912204e-14 2.130453e-08
294 0.694000 0.010000 3751 9.982548e-14 2.119308e-08
295 0.695000 0.010000 3779 9.930853e-14 2.109133e-08
296 0.696000 0.010000 3807 9.903569e-14 2.099882e-08
297 0.697000 0.010000 3831 9.918119e-14 2.091475e-08
298 0.698000 0.010000 3849 9.953466e-14 2.083794e-08
299 0.699000 0.010000 3864 9.962224e-14 2.076705e-08
300 0.700000 0.010000 3881 9.918768e-14 2.070061e-08
301 0.701000 0.010000 3894 9.960531e-14 2.063729e-08
302 0.702000 0.010000 3905 9.960769e-14 2.057600e-08
303 0.703000 0.010000 3916 9.922598e-14 2.051597e-08
304 0.704000 0.010000 3924 9.969414e-14 2.045680e-08
305 0.705000 0.010000 3932 9.994262e-14 2.039842e-08
306 0.706000 0.010000 3939 9.981079e-14 2.034097e-08
307 0.707000 0.010000 3945 9.924056e-14 2.028473e-08
308 0.708000 0.010000 3947 9.939649e-14 2.022997e-08
309 0.709000 0.010000 3949 9.977492e-14 2.017684e-08
310 0.710000 0.010000 3952 9.997604e-14 2.012543e-08
311 0.711000 0.010000 3953 9.978844e-14 2.007575e-08
312 0.712000 0.010000 3954 9.933955e-14 2.002783e-08
313 0.713000 0.010000 3954 9.942328e-14 1.998173e-08
314 0.714000 0.010000 3954 9.893952e-14 1.993758e-08
315 0.715000 0.010000 3953 9.898022e-14 1.989556e-08
316 0.716000 0.010000 3950 9.989013e-14 1.985586e-08
317 0.717000 0.010000 3947 9.987635e-14 1.981877e-08
318 0.718000 0.010000 3945 9.962789e-14 1.978474e-08
319 0.719000 0.010000 3940 9.912824e-14 1.975446e-08
320 0.720000 0.010000 3933 9.978865e-14 1.972904e-08
321 0.721000 0.010000 3927 9.949625e-14 1.970989e-08
322 0.722000 0.010000 3920 9.943083e-14 1.969876e-08
323 0.723000 0.010000 3912 9.981453e-14 1.969747e-08
324 0.724000 0.010000 3906 9.910613e-14 1.970779e-08
325 0.725000 0.010000 3900 9.936847e-14 1.973131e-08
326 0.726000 0.010000 3896 9.952138e-14 1.976933e-08
327 0.727000 0.010000 3890 9.960155e-14 1.982296e-08
328 0.728000 0.010000 3885 9.923327e-14 1.989304e-08
329 0.729000 0.010000 3878 9.986581e-14 1.998031e-08
330 0.730000 0.010000 3872 9.949676e-14 2.008545e-08
331 0.731000 0.010000 3865 9.927911e-14 2.020923e-08
332 0.732000 0.010000 3858 9.966259e-14 2.035258e-08
333 0.733000 0.010000 3850 9.969557e-14 2.051666e-08
334 0.734000 0.010000 3840 9.977415e-14 2.070295e-08
335 0.735000 0.010000 3833 9.926735e-14 2.091325e-08
336 0.736000 0.010000 3825 9.886529e-14 2.114963e-08
337 0.737000 0.010000 3816 9.904536e-14 2.141439e-08
338 0.738000 0.010000 3804 9.984568e-14 2.170992e-08
339 0.739000 0.010000 3796 9.903045e-14 2.203863e-08
340 0.740000 0.010000 3784 9.959137e-14 2.240287e-08
341 0.741000 0.010000 3773 9.995675e-14 2.280494e-08
342 0.742000 0.010000 3764 9.876144e-14 2.324710e-08
343 0.743000 0.010000 3750 9.960928e-14 2.373157e-08
344 0.744000 0.010000 3733 9.984234e-14 2.426051e-08
345 0.745000 0.010000 3718 9.973064e-14 2.483599e-08
346 0.746000 0.010000 3705 9.872103e-14 2.545971e-08
347 0.747000 0.010000 3687 9.989170e-14 2.613264e-08
348 0.748000 0.010000 3668 9.983864e-14 2.685428e-08
349 0.749000 0.010000 3648 9.966784e-14 2.762162e-08
350 0.750000 0.010000 3622 9.924348e-14 2.842811e-08
351 0.751000 0.010000 3598 9.949435e-14 2.926277e-08
352 0.752000 0.010000 3564 9.976569e-14 3.010999e-08
353 0.753000 0.010000 3536 9.935414e-14 3.095038e-08
354 0.754000 0.010000 3506 9.994284e-14 3.176289e-08
355 0.755000 0.010000 3476 9.960682e-14 3.252797e-08
356 0.756000 0.010000 3446 9.964571e-14 3.323124e-08
357 0.757000 0.010000 3417 9.946669e-14 3.386665e-08
358 0.758000 0.010000 3395 9.951634e-14 3.443807e-08
359 0.759000 0.010000 3368 9.916629e-14 3.495877e-08
360 0.760000 0.010000 3348 9.943295e-14 3.544882e-08
361 0.761000 0.010000 3330 9.994579e-14 3.593075e-08
362 0.762000 0.010000 3315 9.988753e-14 3.642434e-08
363 0.763000 0.010000 3305 9.994168e-14 3.694121e-08
364 0.764000 0.010000 3301 9.990040e-14 3.748033e-08
365 0.765000 0.010000 3302 9.987049e-14 3.802503e-08
366 0.766000 0.010000 3309 9.931620e-14 3.854238e-08
367 0.767000 0.010000 3322 9.991047e-14 3.898567e-08
368 0.768000 0.010000 3336 9.996673e-14 3.930008e-08
369 0.769000 0.010000 3354 9.937458e-14 3.943150e-08
370 0.770000 0.010000 3368 9.963670e-14 3.933673e-08
371 0.771000 0.010000 3389 9.889645e-14 3.899238e-08
372 0.772000 0.010000 3402 9.961913e-14 3.839962e-08
373 0.773000 0.010000 3411 9.968568e-14 3.758314e-08
374 0.774000 0.010000 3425 9.946108e-14 3.658520e-08
375 0.775000 0.010000 3440 9.994504e-14 3.545701e-08
376 0.776000 0.010000 3450 9.867282e-14 3.425051e-08
377 0.777000 0.010000 3453 9.941968e-14 3.301224e-08
378 0.778000 0.010000 3459 9.988949e-14 3.178011e-08
379 0.779000 0.010000 3465 9.918591e-14 3.058239e-08
380 0.780000 0.010000 3468 9.961246e-14 2.943829e-08
381 0.781000 0.010000 3472 9.956431e-14 2.835937e-08
382 0.782000 0.010000 3474 9.920772e-14 2.735117e-08
383 0.783000 0.010000 3474 9.988204e-14 2.641499e-08
384 0.784000 0.010000 3474 9.998763e-14 2.554932e-08
385 0.785000 0.010000 3474 9.963105e-14 2.475108e-08
386 0.786000 0.010000 3473 9.995968e-14 2.401650e-08
387 0.787000 0.010000 3472 9.958534e-14 2.334166e-08
388 0.788000 0.010000 3469 9.983997e-14 2.272276e-08
389 0.789000 0.010000 3467 9.969735e-14 2.215630e-08
390 0.790000 0.010000 3465 9.994894e-14 2.163902e-08
391 0.791000 0.010000 3461 9.994439e-14 2.116802e-08
392 0.792000 0.010000 3460 9.879343e-14 2.074057e-08
393 0.793000 0.010000 3458 9.941500e-14 2.035410e-08
394 0.794000 0.010000 3453 9.978911e-14 2.000606e-08
395 0.795000 0.010000 3452 9.800522e-14 1.969381e-08
396 0.796000 0.010000 3450 9.859868e-14 1.941455e-08
397 0.797000 0.010000 3445 9.879774e-14 1.916531e-08
398 0.798000 0.010000 3440 9.998168e-14 1.894291e-08
399 0.799000 0.010000 3434 9.981087e-14 1.874405e-08
400 0.800000 0.010000 3428 9.940285e-14 1.856526e-08
401 0.801000 0.010000 3425 9.974774e-14 1.840306e-08
402 0.802000 0.010000 3419 9.914873e-14 1.825410e-08
403 0.803000 0.010000 3415 9.986556e-14 1.811529e-08
404 0.804000 0.010000 3410 9.960392e-14 1.798405e-08
405 0.805000 0.010000 3404 9.929365e-14 1.785822e-08
406 0.806000 0.010000 3397 9.931891e-14 1.773609e-08
407 0.807000 0.010000 3389 9.949992e-14 1.761609e-08
408 0.808000 0.010000 3381 9.911749e-14 1.749676e-08
409 0.809000 0.010000 3373 9.986697e-14 1.737665e-08
410 0.810000 0.010000 3365 9.916539e-14 1.725453e-08
411 0.811000 0.010000 3356 9.912606e-14 1.712951e-08
412 0.812000 0.010000 3341 9.977046e-14 1.700126e-08
413 0.813000 0.010000 3324 9.956135e-14 1.687013e-08
414 0.814000 0.010000 3311 9.838185e-14 1.673711e-08
415 0.815000 0.010000 3301 9.992125e-14 1.660365e-08
416 0.816000 0.010000 3290 9.984382e-14 1.647144e-08
417 0.817000 0.010000 3277 9.969820e-14 1.634211e-08
418 0.818000 0.010000 3260 9.965502e-14 1.621702e-08
419 0.819000 0.010000 3242 9.909231e-14 1.609714e-08
420 0.820000 0.010000 3226 9.955632e-14 1.598303e-08
421 0.821000 0.010000 3210 9.912091e-14 1.587489e-08
422 0.822000 0.010000 3191 9.930746e-14 1.577265e-08
423 0.823000 0.010000 3169 9.960568e-14 1.567605e-08
424 0.824000 0.010000 3149 9.965981e-14 1.558472e-08
425 0.825000 0.010000 3127 9.929874e-14 1.549810e-08
426 0.826000 0.010000 3109 9.984291e-14 1.541557e-08
427 0.827000 0.010000 3085 9.983545e-14 1.533634e-08
428 0.828000 0.010000 3072 9.723754e-14 1.525952e-08
429 0.829000 0.010000 3062 9.959679e-14 1.518423e-08
430 0.830000 0.010000 3050 9.874494e-14 1.510964e-08
431 0.831000 0.010000 3031 9.923991e-14 1.503506e-08
432 0.832000 0.010000 3006 9.895696e-14 1.496003e-08
433 0.833000 0.010000 2994 9.807762e-14 1.488426e-08
434 0.834000 0.010000 2977 9.868561e-14 1.480763e-08
435 0.835000 0.010000 2953 9.942570e-14 1.473015e-08
436 0.836000 0.010000 2927 9.968182e-14 1.465199e-08
437 0.837000 0.010000 2901 9.961621e-14 1.457348e-08
438 0.838000 0.010000 2879 9.948510e-14 1.449508e-08
439 0.839000 0.010000 2858 9.982425e-14 1.441743e-08
440 0.840000 0.010000 2837 9.908326e-14 1.434119e-08
441 0.841000 0.010000 2811 9.959339e-14 1.426698e-08
442 0.842000 0.010000 2784 9.932557e-14 1.419532e-08
443 0.843000 0.010000 2760 9.955354e-14 1.412651e-08
444 0.844000 0.010000 2729 9.991218e-14 1.406065e-08
445 0.845000 0.010000 2699 9.950429e-14 1.399767e-08
446 0.846000 0.010000 2664 9.976277e-14 1.393738e-08
447 0.847000 0.010000 2637 9.900627e-14 1.387949e-08
448 0.848000 0.010000 2604 9.959779e-14 1.382368e-08
449 0.849000 0.010000 2568 9.881740e-14 1.376954e-08
450 0.850000 0.010000 2536 9.950350e-14 1.371669e-08
451 0.851000 0.010000 2496 9.930677e-14 1.366470e-08
452 0.852000 0.010000 2463 9.868130e-14 1.361316e-08
453 0.853000 0.010000 2421 9.896452e-14 1.356174e-08
454 0.854000 0.010000 2373 9.998083e-14 1.351023e-08
455 0.855000 0.010000 2328 9.912767e-14 1.345845e-08
456 0.856000 0.010000 2276 9.926568e-14 1.340631e-08
457 0.857000 0.010000 2224 9.835774e-14 1.335375e-08
458 0.858000 0.010000 2164 9.963751e-14 1.330061e-08
459 0.859000 0.010000 2114 9.807707e-14 1.324675e-08
460 0.860000 0.010000 2074 9.952439e-14 1.319200e-08
461 0.861000 0.010000 2029 9.974877e-14 1.313628e-08
462 0.862000 0.010000 1975 9.932892e-14 1.307962e-08
463 0.863000 0.010000 1928 9.889551e-14 1.302231e-08
464 0.864000 0.010000 1873 9.968527e-14 1.296489e-08
465 0.865000 0.010000 1821 9.960063e-14 1.290812e-08
466 0.866000 0.010000 1762 9.889629e-14 1.285287e-08
467 0.867000 0.010000 1713 9.864882e-14 1.279998e-08
468 0.868000 0.010000 1653 9.843505e-14 1.275014e-08
469 0.869000 0.010000 1569 9.937947e-14 1.270382e-08
470 0.870000 0.010000 1516 9.959509e-14 1.266127e-08
471 0.871000 0.010000 1473 9.696188e-14 1.262249e-08
472 0.872000 0.010000 1429 9.941179e-14 1.258740e-08
473 0.873000 0.010000 1382 9.902124e-14 1.255578e-08
474 0.874000 0.010000 1345 9.865193e-14 1.252735e-08
475 0.875000 0.010000 1305 9.684844e-14 1.250184e-08
476 0.876000 0.010000 1272 9.627614e-14 1.247895e-08
477 0.877000 0.010000 1238 9.889124e-14 1.245840e-08
478 0.878000 0.010000 1211 9.712577e-14 1.243991e-08
479 0.879000 0.010000 1180 9.816608e-14 1.242325e-08
480 0.880000 0.010000 1154 9.866225e-14 1.240821e-08
481 0.881000 0.010000 1128 9.852901e-14 1.239460e-08
482 0.882000 0.010000 1108 9.814823e-14 1.238227e-08
483 0.883000 0.010000 1087 9.866104e-14 1.237109e-08
484 0.884000 0.010000 1068 9.760043e-14 1.236094e-08
485 0.885000 0.010000 1050 9.944201e-14 1.235175e-08
486 0.886000 0.010000 1033 9.834979e-14 1.234343e-08
487 0.887000 0.010000 1017 9.912618e-14 1.233594e-08
488 0.888000 0.010000 1007 9.668771e-14 1.232921e-08
489 0.889000 0.010000 994 9.838722e-14 1.232323e-08
490 0.890000 0.010000 983 9.999894e-14 1.231794e-08
491 0.891000 0.010000 974 9.793894e-14 1.231332e-08
492 0.892000 0.010000 965 9.980601e-14 1.230937e-08
493 0.893000 0.010000 957 9.656273e-14 1.230606e-08
494 0.894000 0.010000 949 9.608595e-14 1.230337e-08
495 0.895000 0.010000 941 9.593018e-14 1.230131e-08
496 0.896000 0.010000 934 9.470163e-14 1.229986e-08
497 0.897000 0.010000 931 9.785992e-14 1.229901e-08
498 0.898000 0.010000 925 9.546998e-14 1.229878e-08
499 0.899000 0.010000 919 9.945764e-14 1.229915e-08
500 0.900000 0.010000 916 9.840635e-14 1.230012e-08
501 0.901000 0.010000 914 9.796559e-14 1.230170e-08
502 0.902000 0.010000 909 9.665951e-14 1.230390e-08
503 0.903000 0.010000 908 9.509168e-14 1.230670e-08
504 0.904000 0.010000 907 9.547817e-14 1.231013e-08
505 0.905000 0.010000 906 9.713379e-14 1.231419e-08
506 0.906000 0.010000 903 9.909174e-14 1.231888e-08
507 0.907000 0.010000 902 9.928710e-14 1.232422e-08
508 0.908000 0.010000 903 9.923531e-14 1.233020e-08
509 0.909000 0.010000 906 9.794451e-14 1.233686e-08
510 0.910000 0.010000 907 9.701398e-14 1.234419e-08
511 0.911000 0.010000 908 9.719427e-14 1.235221e-08
512 0.912000 0.010000 909 9.903558e-14 1.236093e-08
513 0.913000 0.010000 915 9.678577e-14 1.237038e-08
514 0.914000 0.010000 917 9.755060e-14 1.238057e-08
515 0.915000 0.010000 923 9.882766e-14 1.239152e-08
516 0.916000 0.010000 926 9.869579e-14 1.240325e-08
517 0.917000 0.010000 933 9.354121e-14 1.241579e-08
518 0.918000 0.010000 936 9.827473e-14 1.242917e-08
519 0.919000 0.010000 943 9.994936e-14 1.244341e-08
520 0.920000 0.010000 951 9.972368e-14 1.245856e-08
521 0.921000 0.010000 960 9.915998e-14 1.247463e-08
522 0.922000 0.010000 969 9.852127e-14 1.249169e-08
523 0.923000 0.010000 979 9.891356e-14 1.250976e-08
524 0.924000 0.010000 993 9.558138e-14 1.252891e-08
525 0.925000 0.010000 1003 9.710002e-14 1.254919e-08
526 0.926000 0.010000 1017 9.802375e-14 1.257066e-08
527 0.927000 0.010000 1029 9.956247e-14 1.259339e-08
528 0.928000 0.010000 1050 9.979373e-14 1.261745e-08
529 0.929000 0.010000 1070 9.751886e-14 1.264292e-08
530 0.930000 0.010000 1094 9.903464e-14 1.266990e-08
531 0.931000 0.010000 1119 9.752548e-14 1.269846e-08
532 0.932000 0.010000 1141 9.913241e-14 1.272870e-08
533 0.933000 0.010000 1170 9.743674e-14 1.276071e-08
534 0.934000 0.010000 1196 9.770868e-14 1.279455e-08
535 0.935000 0.010000 1222 9.873192e-14 1.283028e-08
536 0.936000 0.010000 1255 9.923449e-14 1.286788e-08
537 0.937000 0.010000 1293 9.891048e-14 1.290732e-08
538 0.938000 0.010000 1333 9.705792e-14 1.294846e-08
539 0.939000 0.010000 1375 9.954858e-14 1.299106e-08
540 0.940000 0.010000 1415 9.985740e-14 1.303480e-08
541 0.941000 0.010000 1451 9.833238e-14 1.307924e-08
542 0.942000 0.010000 1497 9.996224e-14 1.312388e-08
543 0.943000 0.010000 1550 9.894607e-14 1.316820e-08
544 0.944000 0.010000 1603 9.859151e-14 1.321167e-08
545 0.945000 0.010000 1653 9.972106e-14 1.325385e-08
546 0.946000 0.010000 1705 9.830333e-14 1.329436e-08
547 0.947000 0.010000 1745 9.927259e-14 1.333287e-08
548 0.948000 0.010000 1783 9.947414e-14 1.336901e-08
549 0.949000 0.010000 1823 9.806182e-14 1.340241e-08
550 0.950000 0.010000 1858 9.568519e-14 1.343260e-08
551 0.951000 0.010000 1885 9.947763e-14 1.345913e-08
552 0.952000 0.010000 1931 9.981749e-14 1.348168e-08
553 0.953000 0.010000 1959 9.936087e-14 1.350025e-08
554 0.954000 0.010000 1999 9.943117e-14 1.351523e-08
555 0.955000 0.010000 2025 9.883758e-14 1.352742e-08
556 0.956000 0.010000 2051 9.962483e-14 1.353792e-08
557 0.957000 0.010000 2079 9.958548e-14 1.354794e-08
558 0.958000 0.010000 2108 9.838561e-14 1.355861e-08
559 0.959000 0.010000 2124 9.977391e-14 1.357094e-08
560 0.960000 0.010000 2140 9.982101e-14 1.358569e-08
561 0.961000 0.010000 2160 9.873394e-14 1.360349e-08
562 0.962000 0.010000 2177 9.932816e-14 1.362484e-08
563 0.963000 0.010000 2193 9.966205e-14 1.365009e-08
564 0.964000 0.010000 2205 9.895595e-14 1.367947e-08
565 0.965000 0.010000 2220 9.828525e-14 1.371298e-08
566 0.966000 0.010000 2230 9.958887e-14 1.375046e-08
567 0.967000 0.010000 2239 9.848922e-14 1.379160e-08
568 0.968000 0.010000 2247 9.808573e-14 1.383601e-08
569 0.969000 0.010000 2255 9.890395e-14 1.388335e-08
570 0.970000 0.010000 2263 9.831321e-14 1.393334e-08
571 0.971000 0.010000 2267 9.944348e-14 1.398586e-08
572 0.972000 0.010000 2273 9.790544e-14 1.404094e-08
573 0.973000 0.010000 2279 9.929579e-14 1.409879e-08
574 0.974000 0.010000 2283 9.951840e-14 1.415980e-08
575 0.975000 0.010000 2290 9.908554e-14 1.422446e-08
576 0.976000 0.010000 2295 9.996505e-14 1.429340e-08
577 0.977000 0.010000 2300 9.935444e-14 1.436723e-08
578 0.978000 0.010000 2305 9.900448e-14 1.444654e-08
579 0.979000 0.010000 2309 9.944216e-14 1.453184e-08
580 0.980000 0.010000 2313 9.833184e-14 1.462345e-08
581 0.981000 0.010000 2315 9.896937e-14 1.472157e-08
582 0.982000 0.010000 2319 9.933613e-14 1.482613e-08
583 0.983000 0.010000 2321 9.996365e-14 1.493678e-08
584 0.984000 0.010000 2323 9.841124e-14 1.505299e-08
585 0.985000 0.010000 2324 9.816103e-14 1.517398e-08
586 0.986000 0.010000 2324 9.948273e-14 1.529895e-08
587 0.987000 0.010000 2325 9.893059e-14 1.542716e-08
588 0.988000 0.010000 2325 9.912147e-14 1.555801e-08
589 0.989000 0.010000 2325 9.875476e-14 1.569122e-08
590 0.990000 0.010000 2324 9.920542e-14 1.582666e-08
591 0.991000 0.010000 2323 9.992970e-14 1.596445e-08
592 0.992000 0.010000 2322 9.982018e-14 1.610485e-08
593 0.993000 0.010000 2321 9.948394e-14 1.624820e-08
594 0.994000 0.010000 2317 9.983291e-14 1.639495e-08
595 0.995000 0.010000 2314 9.996516e-14 1.654564e-08
596 0.996000 0.010000 2313 9.811447e-14 1.670090e-08
597 0.997000 0.010000 2308 9.989297e-14 1.686157e-08
598 0.998000 0.010000 2305 9.918917e-14 1.702862e-08
599 0.999000 0.010000 2301 9.938075e-14 1.720329e-08
600 1.000000 0.010000 2297 9.923802e-14 1.738697e-08
601 1.001000 0.010000 2293 9.985535e-14 1.758114e-08
602 1.002000 0.010000 2289 9.976406e-14 1.778734e-08
603 1.003000 0.010000 2284 9.939193e-14 1.800696e-08
604 1.004000 0.010000 2281 9.882035e-14 1.824128e-08
605 1.005000 0.010000 2276 9.954420e-14 1.849136e-08
606 1.006000 0.010000 2274 9.842656e-14 1.875790e-08
607 1.007000 0.010000 2272 9.932057e-14 1.904137e-08
608 1.008000 0.010000 2271 9.899265e-14 1.934177e-08
609 1.009000 0.010000 2268 9.974651e-14 1.965868e-08
610 1.010000 0.010000 2266 9.907156e-14 1.999130e-08
611 1.011000 0.010000 2265 9.913162e-14 2.033827e-08
612 1.012000 0.010000 2265 9.770390e-14 2.069794e-08
613 1.013000 0.010000 2264 9.865593e-14 2.106819e-08
614 1.014000 0.010000 2263 9.879518e-14 2.144649e-08
615 1.015000 0.010000 2262 9.867784e-14 2.183000e-08
616 1.016000 0.010000 2258 9.994767e-14 2.221539e-08
617 1.017000 0.010000 2255 9.886030e-14 2.259921e-08
618 1.018000 0.010000 2249 9.996316e-14 2.297812e-08
619 1.019000 0.010000 2246 9.834337e-14 2.334939e-08
620 1.020000 0.010000 2238 9.960851e-14 2.371161e-08
621 1.021000 0.010000 2232 9.915517e-14 2.406511e-08
622 1.022000 0.010000 2223 9.841922e-14 2.441251e-08
623 1.023000 0.010000 2217 9.973741e-14 2.475884e-08
624 1.024000 0.010000 2206 9.913819e-14 2.511154e-08
625 1.025000 0.010000 2194 9.969902e-14 2.548022e-08
626 1.026000 0.010000 2181 9.997228e-14 2.587634e-08
627 1.027000 0.010000 2168 9.870131e-14 2.631252e-08
628 1.028000 0.010000 2152 9.904892e-14 2.680189e-08
629 1.029000 0.010000 2135 9.869439e-14 2.735738e-08
630 1.030000 0.010000 2119 9.940442e-14 2.799093e-08
631 1.031000 0.010000 2102 9.912626e-14 2.871307e-08
632 1.032000 0.010000 2082 9.967209e-14 2.953251e-08
633 1.033000 0.010000 2061 9.873030e-14 3.045595e-08
634 1.034000 0.010000 2042 9.900734e-14 3.148783e-08
635 1.035000 0.010000 2022 9.966998e-14 3.262982e-08
636 1.036000 0.010000 2004 9.968027e-14 3.387947e-08
637 1.037000 0.010000 1987 9.984441e-14 3.522826e-08
638 1.038000 0.010000 1974 9.962489e-14 3.665905e-08
639 1.039000 0.010000 1967 9.983189e-14 3.814316e-08
640 1.040000 0.010000 1959 9.984284e-14 3.963837e-08
641 1.041000 0.010000 1958 9.749389e-14 4.108847e-08
642 1.042000 0.010000 1957 9.851981e-14 4.242566e-08
643 1.043000 0.010000 1957 9.852040e-14 4.357681e-08
644 1.044000 0.010000 1958 9.687879e-14 4.447348e-08
645 1.045000 0.010000 1958 9.981012e-14 4.506338e-08
646 1.046000 0.010000 1959 9.968218e-14 4.532030e-08
647 1.047000 0.010000 1961 9.808520e-14 4.524897e-08
648 1.048000 0.010000 1962 9.852175e-14 4.488276e-08
649 1.049000 0.010000 1962 9.921822e-14 4.427570e-08
650 1.050000 0.010000 1962 9.847098e-14 4.349187e-08
651 1.051000 0.010000 1960 9.998283e-14 4.259509e-08
652 1.052000 0.010000 1959 9.840627e-14 4.164175e-08
653 1.053000 0.010000 1957 9.907834e-14 4.067695e-08
654 1.054000 0.010000 1950 9.942763e-14 3.973357e-08
655 1.055000 0.010000 1945 9.983299e-14 3.883360e-08
656 1.056000 0.010000 1938 9.992761e-14 3.799022e-08
657 1.057000 0.010000 1932 9.967424e-14 3.721027e-08
658 1.058000 0.010000 1923 9.907729e-14 3.649631e-08
659 1.059000 0.010000 1912 9.923105e-14 3.584809e-08
660 1.060000 0.010000 1901 9.956979e-14 3.526355e-08
661 1.061000 0.010000 1893 9.927175e-14 3.473961e-08
662 1.062000 0.010000 1882 9.966267e-14 3.427273e-08
663 1.063000 0.010000 1870 9.967068e-14 3.385947e-08
664 1.064000 0.010000 1859 9.845387e-14 3.349687e-08
665 1.065000 0.010000 1847 9.972516e-14 3.318251e-08
666 1.066000 0.010000 1836 9.967154e-14 3.291460e-08
667 1.067000 0.010000 1825 9.891187e-14 3.269178e-08
668 1.068000 0.010000 1815 9.906972e-14 3.251309e-08
669 1.069000 0.010000 1808 9.739008e-14 3.237778e-08
670 1.070000 0.010000 1798 9.811251e-14 3.228529e-08
671 1.071000 0.010000 1786 9.964763e-14 3.223510e-08
672 1.072000 0.010000 1777 9.980731e-14 3.222667e-08
673 1.073000 0.010000 1766 9.958764e-14 3.225928e-08
674 1.074000 0.010000 1760 9.824421e-14 3.233195e-08
675 1.075000 0.010000 1750 9.825709e-14 3.244342e-08
676 1.076000 0.010000 1742 9.913750e-14 3.259216e-08
677 1.077000 0.010000 1732 9.870007e-14 3.277640e-08
678 1.078000 0.010000 1723 9.895356e-14 3.299427e-08
679 1.079000 0.010000 1713 9.898900e-14 3.324384e-08
680 1.080000 0.010000 1703 9.920203e-14 3.352320e-08
681 1.081000 0.010000 1694 9.875054e-14 3.383053e-08
682 1.082000 0.010000 1683 9.953946e-14 3.416422e-08
683 1.083000 0.010000 1674 9.940602e-14 3.452280e-08
684 1.084000 0.010000 1663 9.954292e-14 3.490505e-08
685 1.085000 0.010000 1652 9.871306e-14 3.530998e-08
686 1.086000 0.010000 1639 9.871143e-14 3.573682e-08
687 1.087000 0.010000 1629 9.885740e-14 3.618508e-08
688 1.088000 0.010000 1616 9.972866e-14 3.665450e-08
689 1.089000 0.010000 1603 9.995733e-14 3.714518e-08
690 1.090000 0.010000 1588 9.935258e-14 3.765762e-08
691 1.091000 0.010000 1576 9.965963e-14 3.819271e-08
692 1.092000 0.010000 1562 9.986288e-14 3.875168e-08
693 1.093000 0.010000 1550 9.916862e-14 3.933600e-08
694 1.094000 0.010000 1536 9.683018e-14 3.994716e-08
695 1.095000 0.010000 1522 9.922821e-14 4.058649e-08
696 1.096000 0.010000 1510 9.995549e-14 4.125516e-08
697 1.097000 0.010000 1496 9.858433e-14 4.195433e-08
698 1.098000 0.010000 1483 9.865700e-14 4.268528e-08
699 1.099000 0.010000 1468 9.788216e-14 4.344992e-08
700 1.100000 0.010000 1458 9.821366e-14 4.425089e-08
701 1.101000 0.010000 1443 9.977272e-14 4.509181e-08
702 1.102000 0.010000 1429 9.796017e-14 4.597722e-08
703 1.103000 0.010000 1417 9.886776e-14 4.691245e-08
704 1.104000 0.010000 1401 9.896733e-14 4.790338e-08
705 1.105000 0.010000 1386 9.823065e-14 4.895619e-08
706 1.106000 0.010000 1370 9.922518e-14 5.007712e-08
707 1.107000 0.010000 1356 9.844572e-14 5.127213e-08
708 1.108000 0.010000 1340 9.864751e-14 5.254660e-08
709 1.109000 0.010000 1322 9.947244e-14 5.390491e-08
710 1.110000 0.010000 1303 9.967902e-14 5.535015e-08
711 1.111000 0.010000 1289 9.924250e-14 5.688407e-08
712 1.112000 0.010000 1273 9.968303e-14 5.850730e-08
713 1.113000 0.010000 1256 9.843202e-14 6.022001e-08
714 1.114000 0.010000 1243 9.867443e-14 6.202292e-08
715 1.115000 0.010000 1226 9.868004e-14 6.391824e-08
716 1.116000 0.010000 1208 9.797627e-14 6.591045e-08
717 1.117000 0.010000 1195 9.835333e-14 6.800647e-08
718 1.118000 0.010000 1176 9.847228e-14 7.021506e-08
719 1.119000 0.010000 1158 9.809677e-14 7.254627e-08
720 1.120000 0.010000 1140 9.954958e-14 7.501057e-08
721 1.121000 0.010000 1126 9.858124e-14 7.761862e-08
722 1.122000 0.010000 1108 9.814475e-14 8.038153e-08
723 1.123000 0.010000 1093 9.934942e-14 8.331153e-08
724 1.124000 0.010000 1077 9.821029e-14 8.642267e-08
725 1.125000 0.010000 1058 9.806937e-14 8.973151e-08
726 1.126000 0.010000 1040 9.961321e-14 9.325712e-08
727 1.127000 0.010000 1025 9.932454e-14 9.702077e-08
728 1.128000 0.010000 1004 9.856705e-14 1.010451e-07
729 1.129000 0.010000 983 9.994929e-14 1.053529e-07
730 1.130000 0.010000 967 9.765129e-14 1.099660e-07
731 1.131000 0.010000 944 9.905243e-14 1.149033e-07
732 1.132000 0.010000 924 9.951300e-14 1.201787e-07
733 1.133000 0.010000 901 9.843116e-14 1.257979e-07
734 1.134000 0.010000 878 9.803481e-14 1.317545e-07
735 1.135000 0.010000 854 9.806599e-14 1.380243e-07
736 1.136000 0.010000 829 9.957724e-14 1.445594e-07
737 1.137000 0.010000 802 9.828582e-14 1.512810e-07
738 1.138000 0.010000 773 9.797389e-14 1.580719e-07
739 1.139000 0.010000 749 9.809380e-14 1.647707e-07
740 1.140000 0.010000 725 9.987764e-14 1.711692e-07
741 1.141000 0.010000 699 9.603675e-14 1.770175e-07
742 1.142000 0.010000 671 9.852197e-14 1.820386e-07
743 1.143000 0.010000 644 9.966383e-14 1.859535e-07
744 1.144000 0.010000 617 9.573826e-14 1.885153e-07
745 1.145000 0.010000 591 9.925144e-14 1.895446e-07
746 1.146000 0.010000 564 9.838403e-14 1.889587e-07
747 1.147000 0.010000 539 9.549245e-14 1.867860e-07
748 1.148000 0.010000 513 9.896251e-14 1.831622e-07
749 1.149000 0.010000 489 9.938717e-14 1.783090e-07
750 1.150000 0.010000 467 9.980650e-14 1.725004e-07
751 1.151000 0.010000 446 9.604984e-14 1.660267e-07
752 1.152000 0.010000 425 9.718972e-14 1.591625e-07
753 1.153000 0.010000 406 9.913290e-14 1.521443e-07
754 1.154000 0.010000 390 9.847860e-14 1.451603e-07
755 1.155000 0.010000 376 9.579496e-14 1.383493e-07
756 1.156000 0.010000 362 9.128358e-14 1.318052e-07
757 1.157000 0.010000 350 9.052404e-14 1.255857e-07
758 1.158000 0.010000 338 9.452331e-14 1.197206e-07
759 1.159000 0.010000 327 9.718063e-14 1.142196e-07
760 1.160000 0.010000 318 9.229058e-14 1.090790e-07
761 1.161000 0.010000 309 9.362425e-14 1.042860e-07
762 1.162000 0.010000 301 9.344220e-14 9.982268e-08
763 1.163000 0.010000 292 9.914554e-14 9.566844e-08
764 1.164000 0.010000 285 9.159174e-14 9.180160e-08
765 1.165000 0.010000 278 9.189316e-14 8.820053e-08
766 1.166000 0.010000 272 9.403145e-14 8.484432e-08
767 1.167000 0.010000 266 9.366589e-14 8.171319e-08
768 1.168000 0.010000 260 8.899488e-14 7.878868e-08
769 1.169000 0.010000 254 9.414042e-14 7.605374e-08
770 1.170000 0.010000 249 9.892107e-14 7.349270e-08
771 1.171000 0.010000 244 9.429011e-14 7.109129e-08
772 1.172000 0.010000 240 8.924493e-14 6.883647e-08
773 1.173000 0.010000 235 9.192846e-14 6.671640e-08
774 1.174000 0.010000 231 9.529743e-14 6.472035e-08
775 1.175000 0.010000 227 9.340520e-14 6.283855e-08
776 1.176000 0.010000 223 9.780113e-14 6.106215e-08
777 1.177000 0.010000 220 8.977525e-14 5.938312e-08
778 1.178000 0.010000 216 9.417425e-14 5.779414e-08
779 1.179000 0.010000 212 9.925222e-14 5.628859e-08
780 1.180000 0.010000 209 9.735325e-14 5.486040e-08
781 1.181000 0.010000 207 8.816949e-14 5.350409e-08
782 1.182000 0.010000 204 9.249473e-14 5.221462e-08
783 1.183000 0.010000 201 8.980959e-14 5.098739e-08
784 1.184000 0.010000 198 9.941700e-14 4.981821e-08
785 1.185000 0.010000 196 9.540918e-14 4.870325e-08
786 1.186000 0.010000 193 9.891111e-14 4.763896e-08
787 1.187000 0.010000 191 9.444728e-14 4.662211e-08
788 1.188000 0.010000 189 9.340527e-14 4.564971e-08
789 1.189000 0.010000 187 9.025588e-14 4.471904e-08
790 1.190000 0.010000 184 9.805015e-14 4.382756e-08
791 1.191000 0.010000 183 8.459741e-14 4.297292e-08
792 1.192000 0.010000 181 8.767113e-14 4.215298e-08
793 1.193000 0.010000 179 8.678863e-14 4.136573e-08
794 1.194000 0.010000 177 8.895838e-14 4.060934e-08
795 1.195000 0.010000 175 8.770635e-14 3.988207e-08
796 1.196000 0.010000 173 9.616868e-14 3.918233e-08
797 1.197000 0.010000 172 8.785174e-14 3.850864e-08
798 1.198000 0.010000 170 9.098318e-14 3.785961e-08
799 1.199000 0.010000 168 9.290459e-14 3.723397e-08
800 1.200000 0.010000 166 9.847398e-14 3.663050e-08
801 1.201000 0.010000 165 9.058781e-14 3.604809e-08
802 1.202000 0.010000 164 8.707033e-14 3.548568e-08
803 1.203000 0.010000 163 8.564331e-14 3.494230e-08
804 1.204000 0.010000 161 9.317452e-14 3.441702e-08
805 1.205000 0.010000 160 8.731593e-14 3.390898e-08
806 1.206000 0.010000 158 9.935998e-14 3.341737e-08
807 1.207000 0.010000 157 9.298123e-14 3.294144e-08
808 1.208000 0.010000 156 8.795008e-14 3.248046e-08
809 1.209000 0.010000 155 8.563204e-14 3.203376e-08
810 1.210000 0.010000 154 8.168127e-14 3.160071e-08
811 1.211000 0.010000 152 9.624157e-14 3.118071e-08
812 1.212000 0.010000 151 9.064442e-14 3.077319e-08
813 1.213000 0.010000 150 8.676589e-14 3.037764e-08
814 1.214000 0.010000 149 8.338391e-14 2.999353e-08
815 1.215000 0.010000 148 8.532898e-14 2.962040e-08
816 1.216000 0.010000 147 8.870510e-14 2.925780e-08
817 1.217000 0.010000 146 8.762585e-14 2.890530e-08
818 1.218000 0.010000 145 8.832191e-14 2.856249e-08
819 1.219000 0.010000 144 8.960715e-14 2.822899e-08
820 1.220000 0.010000 142 9.955479e-14 2.790445e-08
821 1.221000 0.010000 141 9.935095e-14 2.758851e-08
822 1.222000 0.010000 141 8.207304e-14 2.728086e-08
823 1.223000 0.010000 140 8.324273e-14 2.698116e-08
824 1.224000 0.010000 139 8.772473e-14 2.668914e-08
825 1.225000 0.010000 138 9.472672e-14 2.640451e-08
826 1.226000 0.010000 137 9.942547e-14 2.612700e-08
827 1.227000 0.010000 137 8.308541e-14 2.585635e-08
828 1.228000 0.010000 136 8.653357e-14 2.559233e-08
829 1.229000 0.010000 135 8.939749e-14 2.533469e-08
830 1.230000 0.010000 134 9.038865e-14 2.508322e-08
831 1.231000 0.010000 133 9.426876e-14 2.483770e-08
832 1.232000 0.010000 133 7.960169e-14 2.459793e-08
833 1.233000 0.010000 132 8.505641e-14 2.436373e-08
834 1.234000 0.010000 131 9.310378e-14 2.413489e-08
835 1.235000 0.010000 131 7.904837e-14 2.391126e-08
836 1.236000 0.010000 130 8.996591e-14 2.369264e-08
837 1.237000 0.010000 129 9.669295e-14 2.347890e-08
838 1.238000 0.010000 128 9.864040e-14 2.326986e-08
839 1.239000 0.010000 128 8.443577e-14 2.306538e-08
840 1.240000 0.010000 127 8.662396e-14 2.286532e-08
841 1.241000 0.010000 126 8.982202e-14 2.266954e-08
842 1.242000 0.010000 125 9.778823e-14 2.247791e-08
843 1.243000 0.010000 125 8.426708e-14 2.229030e-08
844 1.244000 0.010000 124 9.103201e-14 2.210660e-08
845 1.245000 0.010000 123 9.459291e-14 2.192668e-08
846 1.246000 0.010000 123 8.186761e-14 2.175043e-08
847 1.247000 0.010000 122 9.135925e-14 2.157774e-08
848 1.248000 0.010000 122 7.926947e-14 2.140852e-08
849 1.249000 0.010000 121 8.880818e-14 2.124266e-08
850 1.250000 0.010000 121 7.725082e-14 2.108006e-08
851 1.251000 0.010000 120 8.792028e-14 2.092064e-08
852 1.252000 0.010000 120 7.667632e-14 2.076430e-08
853 1.253000 0.010000 119 8.872504e-14 2.061097e-08
854 1.254000 0.010000 118 9.775025e-14 2.046055e-08
855 1.255000 0.010000 118 8.563218e-14 2.031296e-08
856 1.256000 0.010000 117 9.414424e-14 2.016814e-08
857 1.257000 0.010000 117 8.267427e-14 2.002600e-08
858 1.258000 0.010000 116 8.938817e-14 1.988648e-08
859 1.259000 0.010000 115 9.908813e-14 1.974950e-08
860 1.260000 0.010000 115 8.734611e-14 1.961500e-08
861 1.261000 0.010000 115 7.703951e-14 1.948291e-08
862 1.262000 0.010000 114 8.994457e-14 1.935318e-08
863 1.263000 0.010000 114 7.951310e-14 1.922574e-08
864 1.264000 0.010000 113 9.124964e-14 1.910053e-08
865 1.265000 0.010000 113 8.083799e-14 1.897751e-08
866 1.266000 0.010000 112 9.453300e-14 1.885660e-08
867 1.267000 0.010000 112 8.392594e-14 1.873776e-08
868 1.268000 0.010000 112 7.454687e-14 1.862095e-08
869 1.269000 0.010000 111 9.030245e-14 1.850610e-08
870 1.270000 0.010000 111 8.039374e-14 1.839318e-08
871 1.271000 0.010000 110 9.311826e-14 1.828214e-08
872 1.272000 0.010000 110 8.307453e-14 1.817292e-08
873 1.273000 0.010000 109 9.308933e-14 1.806550e-08
874 1.274000 0.010000 109 8.320586e-14 1.795982e-08
875 1.275000 0.010000 108 9.537710e-14 1.785585e-08
876 1.276000 0.010000 108 8.540803e-14 1.775354e-08
877 1.277000 0.010000 107 9.727827e-14 1.765287e-08
878 1.278000 0.010000 107 8.725642e-14 1.755378e-08
879 1.279000 0.010000 107 7.830049e-14 1.745625e-08
880 1.280000 0.010000 106 9.507786e-14 1.736023e-08
881 1.281000 0.010000 106 8.547453e-14 1.726570e-08
882 1.282000 0.010000 106 7.687260e-14 1.717263e-08
883 1.283000 0.010000 105 9.586665e-14 1.708097e-08
884 1.284000 0.010000 105 8.638098e-14 1.699071e-08
885 1.285000 0.010000 105 7.786429e-14 1.690180e-08
886 1.286000 0.010000 104 9.433314e-14 1.681422e-08
887 1.287000 0.010000 104 8.518174e-14 1.672795e-08
888 1.288000 0.010000 104 7.694688e-14 1.664295e-08
889 1.289000 0.010000 103 9.522418e-14 1.655919e-08
890 1.290000 0.010000 103 8.618035e-14 1.647665e-08
891 1.291000 0.010000 103 7.802330e-14 1.639531e-08
892 1.292000 0.010000 102 9.734595e-14 1.631514e-08
893 1.293000 0.010000 102 8.830563e-14 1.623612e-08
894 1.294000 0.010000 102 8.013223e-14 1.615821e-08
895 1.295000 0.010000 101 9.298324e-14 1.608141e-08
896 1.296000 0.010000 101 8.451429e-14 1.600569e-08
897 1.297000 0.010000 100 9.964280e-14 1.593102e-08
898 1.298000 0.010000 100 9.071484e-14 1.585738e-08
899 1.299000 0.010000 100 8.261318e-14 1.578476e-08
900 1.300000 0.010000 99 9.825619e-14 1.571313e-08
901 1.301000 0.010000 99 8.961808e-14 1.564247e-08
902 1.302000 0.010000 99 8.176451e-14 1.557277e-08
903 1.303000 0.010000 98 9.450489e-14 1.550401e-08
904 1.304000 0.010000 98 8.633863e-14 1.543617e-08
905 1.305000 0.010000 98 7.890142e-14 1.536922e-08
906 1.306000 0.010000 97 9.852831e-14 1.530316e-08
907 1.307000 0.010000 97 9.016695e-14 1.523797e-08
908 1.308000 0.010000 97 8.253872e-14 1.517363e-08
909 1.309000 0.010000 97 7.557720e-14 1.511012e-08
910 1.310000 0.010000 97 6.922223e-14 1.504743e-08
911 1.311000 0.010000 96 9.243895e-14 1.498554e-08
912 1.312000 0.010000 96 8.479500e-14 1.492444e-08
913 1.313000 0.010000 96 7.780402e-14 1.486412e-08
914 1.314000 0.010000 96 7.140841e-14 1.480456e-08
915 1.315000 0.010000 95 9.209286e-14 1.474574e-08
916 1.316000 0.010000 95 8.465585e-14 1.468766e-08
917 1.317000 0.010000 95 7.783930e-14 1.463030e-08
918 1.318000 0.010000 94 9.911566e-14 1.457365e-08
919 1.319000 0.010000 94 9.127741e-14 1.451769e-08
920 1.320000 0.010000 94 8.407968e-14 1.446241e-08
921 1.321000 0.010000 94 7.746840e-14 1.440780e-08
922 1.322000 0.010000 93 9.611832e-14 1.435386e-08
923 1.323000 0.010000 93 8.868249e-14 1.430056e-08
924 1.324000 0.010000 93 8.184111e-14 1.424789e-08
925 1.325000 0.010000 93 7.554508e-14 1.419585e-08
926 1.326000 0.010000 92 9.383967e-14 1.414443e-08
927 1.327000 0.010000 92 8.673641e-14 1.409361e-08
928 1.328000 0.010000 92 8.018887e-14 1.404338e-08
929 1.329000 0.010000 92 7.415210e-14 1.399374e-08
930 1.330000 0.010000 91 9.549569e-14 1.394467e-08
931 1.331000 0.010000 91 8.842749e-14 1.389617e-08
932 1.332000 0.010000 91 8.190008e-14 1.384822e-08
933 1.333000 0.010000 91 7.587068e-14 1.380081e-08
934 1.334000 0.010000 90 9.458624e-14 1.375395e-08
935 1.335000 0.010000 90 8.772617e-14 1.370761e-08
936 1.336000 0.010000 90 8.138044e-14 1.366179e-08
937 1.337000 0.010000 90 7.550920e-14 1.361648e-08
938 1.338000 0.010000 89 9.499694e-14 1.357168e-08
939 1.339000 0.010000 89 8.824451e-14 1.352737e-08
940 1.340000 0.010000 89 8.198830e-14 1.348355e-08
941 1.341000 0.010000 89 7.619062e-14 1.344020e-08
942 1.342000 0.010000 88 9.975432e-14 1.339733e-08
943 1.343000 0.010000 88 9.280761e-14 1.335492e-08
944 1.344000 0.010000 88 8.636107e-14 1.331297e-08
945 1.345000 0.010000 88 8.037747e-14 1.327148e-08
946 1.346000 0.010000 88 7.482245e-14 1.323042e-08
947 1.347000 0.010000 87 9.776546e-14 1.318980e-08
948 1.348000 0.010000 87 9.111244e-14 1.314961e-08
949 1.349000 0.010000 87 8.492752e-14 1.310984e-08
950 1.350000 0.010000 87 7.917665e-14 1.307049e-08
951 1.351000 0.010000 87 7.382836e-14 1.303155e-08
952 1.352000 0.010000 87 6.885351e-14 1.299302e-08
953 1.353000 0.010000 86 9.477966e-14 1.295488e-08
954 1.354000 0.010000 86 8.850583e-14 1.291713e-08
955 1.355000 0.010000 86 8.266140e-14 1.287977e-08
956 1.356000 0.010000 86 7.721596e-14 1.284279e-08
957 1.357000 0.010000 85 9.998021e-14 1.280619e-08
958 1.358000 0.010000 85 9.349771e-14 1.276996e-08
959 1.359000 0.010000 85 8.744985e-14 1.273409e-08
960 1.360000 0.010000 85 8.180649e-14 1.269857e-08
961 1.361000 0.010000 85 7.653967e-14 1.266342e-08
962 1.362000 0.010000 84 9.788760e-14 1.262861e-08
963 1.363000 0.010000 84 9.168213e-14 1.259415e-08
964 1.364000 0.010000 84 8.588348e-14 1.256002e-08
965 1.365000 0.010000 84 8.046407e-14 1.252623e-08
966 1.366000 0.010000 84 7.539827e-14 1.249276e-08
967 1.367000 0.010000 83 9.909054e-14 1.245962e-08
968 1.368000 0.010000 83 9.294977e-14 1.242680e-08
969 1.369000 0.010000 83 8.720256e-14 1.239430e-08
970 1.370000 0.010000 83 8.182283e-14 1.236211e-08
971 1.371000 0.010000 83 7.678630e-14 1.233022e-08
972 1.372000 0.010000 82 9.921046e-14 1.229864e-08
973 1.373000 0.010000 82 9.319937e-14 1.226735e-08
974 1.374000 0.010000 82 8.756497e-14 1.223636e-08
975 1.375000 0.010000 82 8.228285e-14 1.220566e-08
976 1.376000 0.010000 82 7.733025e-14 1.217524e-08
977 1.377000 0.010000 82 7.268591e-14 1.214511e-08
978 1.378000 0.010000 81 9.868791e-14 1.211526e-08
979 1.379000 0.010000 81 9.286197e-14 1.208568e-08
980 1.380000 0.010000 81 8.739178e-14 1.205637e-08
981 1.381000 0.010000 81 8.225488e-14 1.202733e-08
982 1.382000 0.010000 81 7.743026e-14 1.199856e-08
983 1.383000 0.010000 81 7.289831e-14 1.197004e-08
984 1.384000 0.010000 80 9.834783e-14 1.194178e-08
985 1.385000 0.010000 80 9.268704e-14 1.191378e-08
986 1.386000 0.010000 80 8.736331e-14 1.188602e-08
987 1.387000 0.010000 80 8.235588e-14 1.185852e-08
988 1.388000 0.010000 80 7.764533e-14 1.183126e-08
989 1.389000 0.010000 80 7.321344e-14 1.180424e-08
990 1.390000 0.010000 79 9.777330e-14 1.177745e-08
991 1.391000 0.010000 79 9.228164e-14 1.175090e-08
992 1.392000 0.010000 79 8.710909e-14 1.172459e-08
993 1.393000 0.010000 79 8.223647e-14 1.169850e-08
994 1.394000 0.010000 79 7.764581e-14 1.167264e-08
995 1.395000 0.010000 79 7.332021e-14 1.164700e-08
996 1.396000 0.010000 79 6.924387e-14 1.162158e-08
997 1.397000 0.010000 78 9.783452e-14 1.159638e-08
998 1.398000 0.010000 78 9.248602e-14 1.157139e-08
999 1.399000 0.010000 78 8.744001e-14 1.154662e-08
1000 1.400000 0.010000 78 8.267881e-14 1.152205e-08
