# Generalizd shifted MINRES method
# A = /home/stern/multi/data/PPE3594_A.csr
# B = /home/stern/multi/data/PPE3594_B.csr
# inner=1.000000e-13, outet=1.000000e-13
# status=-10001, time=234
# converged 779 / 1001
0 0.400000 0.001000 1456 9.918226e-14 1.496582e-13
1 0.401000 0.001000 1457 9.957066e-14 1.519496e-13
2 0.402000 0.001000 1461 9.696596e-14 1.503379e-13
3 0.403000 0.001000 1464 9.965655e-14 1.544030e-13
4 0.404000 0.001000 1467 9.945521e-14 1.558743e-13
5 0.405000 0.001000 1475 9.721537e-14 1.520955e-13
6 0.406000 0.001000 1480 9.877554e-14 1.548619e-13
7 0.407000 0.001000 1488 9.950247e-14 1.571525e-13
8 0.408000 0.001000 1496 9.966473e-14 1.599990e-13
9 0.409000 0.001000 1504 9.897790e-14 1.588518e-13
10 0.410000 0.001000 1517 9.839588e-14 1.574819e-13
11 0.411000 0.001000 1530 9.980732e-14 1.608834e-13
12 0.412000 0.001000 1542 9.822132e-14 1.604956e-13
13 0.413000 0.001000 1556 9.937916e-14 1.624689e-13
14 0.414000 0.001000 1570 9.979175e-14 1.628816e-13
15 0.415000 0.001000 1588 9.922780e-14 1.627463e-13
16 0.416000 0.001000 1610 9.896719e-14 1.639483e-13
17 0.417000 0.001000 1633 9.777862e-14 1.649753e-13
18 0.418000 0.001000 1658 9.970031e-14 1.686816e-13
19 0.419000 0.001000 1689 9.886410e-14 1.690524e-13
20 0.420000 0.001000 1715 9.972143e-14 1.738966e-13
21 0.421000 0.001000 1744 9.936377e-14 1.763462e-13
22 0.422000 0.001000 1779 9.948596e-14 1.767733e-13
23 0.423000 0.001000 1820 9.830131e-14 1.765583e-13
24 0.424000 0.001000 1866 9.907396e-14 1.784230e-13
25 0.425000 0.001000 1913 9.809334e-14 1.810058e-13
26 0.426000 0.001000 1968 9.873364e-14 1.836781e-13
27 0.427000 0.001000 2029 9.777307e-14 1.835342e-13
28 0.428000 0.001000 2099 9.964228e-14 1.882149e-13
29 0.429000 0.001000 2204 9.941951e-14 1.907729e-13
30 0.430000 0.001000 2298 9.808355e-14 1.932723e-13
31 0.431000 0.001000 2406 9.832760e-14 1.977131e-13
32 0.432000 0.001000 2513 9.843338e-14 2.024601e-13
33 0.433000 0.001000 2664 9.886120e-14 2.080003e-13
34 0.434000 0.001000 2877 9.983465e-14 2.123154e-13
35 0.435000 0.001000 3180 9.987319e-14 2.279664e-13
36 0.436000 0.001000 3492 9.948404e-14 2.369779e-13
37 0.437000 0.001000 3988 9.951686e-14 2.650710e-13
38 0.438000 0.001000 4671 9.970722e-14 3.173961e-13
39 0.439000 0.001000 5321 9.970098e-14 3.409585e-13
40 0.440000 0.001000 5728 9.965988e-14 3.078881e-13
41 0.441000 0.001000 5776 9.713825e-14 2.821978e-13
42 0.442000 0.001000 5878 9.933855e-14 2.811465e-13
43 0.443000 0.001000 6292 9.846911e-14 3.137214e-13
44 0.444000 0.001000 7196 9.895334e-14 3.487596e-13
45 0.445000 0.001000 7530 9.744302e-14 3.816273e-13
46 0.446000 0.001000 7899 9.917384e-14 4.089394e-13
47 0.447000 0.001000 8106 9.702966e-14 5.019006e-13
48 0.448000 0.001000 8536 9.981080e-14 5.920286e-13
49 0.449000 0.001000 8588 9.940831e-14 6.490078e-13
50 0.450000 0.001000 8366 9.973763e-14 5.875739e-13
51 0.451000 0.001000 8078 9.885473e-14 4.463648e-13
52 0.452000 0.001000 8029 9.840830e-14 3.797326e-13
53 0.453000 0.001000 8043 9.975073e-14 3.719876e-13
54 0.454000 0.001000 8193 9.979623e-14 3.714005e-13
55 0.455000 0.001000 8588 9.919147e-14 4.139478e-13
56 0.456000 0.001000 8801 9.992274e-14 4.767945e-13
57 0.457000 0.001000 8845 9.887983e-14 5.835775e-13
58 0.458000 0.001000 8856 9.978772e-14 6.234094e-13
59 0.459000 0.001000 8866 9.777395e-14 4.929151e-13
60 0.460000 0.001000 9038 9.978405e-14 4.761151e-13
61 0.461000 0.001000 9268 9.846607e-14 4.668722e-13
62 0.462000 0.001000 9383 9.945046e-14 4.544077e-13
63 0.463000 0.001000 9427 9.966368e-14 4.517955e-13
64 0.464000 0.001000 9572 9.985497e-14 5.393171e-13
65 0.465000 0.001000 9777 9.979849e-14 6.011257e-13
66 0.466000 0.001000 10000 9.988712e-14 5.488885e-13
67 0.467000 0.001000 0 3.301764e-13 6.105419e-13
68 0.468000 0.001000 0 2.922524e-12 3.076068e-12
69 0.469000 0.001000 0 2.535962e-11 2.664951e-11
70 0.470000 0.001000 0 1.862548e-10 1.963019e-10
71 0.471000 0.001000 0 1.123729e-09 1.187328e-09
72 0.472000 0.001000 0 8.137837e-09 8.615299e-09
73 0.473000 0.001000 0 3.986163e-08 4.223639e-08
74 0.474000 0.001000 0 1.490695e-07 1.578212e-07
75 0.475000 0.001000 0 5.178934e-07 5.468802e-07
76 0.476000 0.001000 0 1.319829e-06 1.389629e-06
77 0.477000 0.001000 0 2.520768e-06 2.648672e-06
78 0.478000 0.001000 0 6.642959e-06 6.975756e-06
79 0.479000 0.001000 0 1.343929e-05 1.412314e-05
80 0.480000 0.001000 0 1.669026e-05 1.755482e-05
81 0.481000 0.001000 0 1.569417e-05 1.656986e-05
82 0.482000 0.001000 0 2.184129e-05 2.313799e-05
83 0.483000 0.001000 0 3.422213e-05 3.633552e-05
84 0.484000 0.001000 0 3.915054e-05 4.167347e-05
85 0.485000 0.001000 0 3.985423e-05 4.252958e-05
86 0.486000 0.001000 0 3.440506e-05 3.683657e-05
87 0.487000 0.001000 0 2.916452e-05 3.132446e-05
88 0.488000 0.001000 0 4.551206e-05 4.899452e-05
89 0.489000 0.001000 0 7.057806e-05 7.605757e-05
90 0.490000 0.001000 0 9.802915e-05 1.059722e-04
91 0.491000 0.001000 0 1.131786e-04 1.227926e-04
92 0.492000 0.001000 0 1.207421e-04 1.314247e-04
93 0.493000 0.001000 0 1.271828e-04 1.387732e-04
94 0.494000 0.001000 0 1.391853e-04 1.520451e-04
95 0.495000 0.001000 0 1.501757e-04 1.644194e-04
96 0.496000 0.001000 0 1.793178e-04 1.965094e-04
97 0.497000 0.001000 0 2.114189e-04 2.316474e-04
98 0.498000 0.001000 0 2.392133e-04 2.622843e-04
99 0.499000 0.001000 0 2.652493e-04 2.909020e-04
100 0.500000 0.001000 0 2.836342e-04 3.112755e-04
101 0.501000 0.001000 0 2.851946e-04 3.132511e-04
102 0.502000 0.001000 0 2.542787e-04 2.793528e-04
103 0.503000 0.001000 0 1.784022e-04 1.960437e-04
104 0.504000 0.001000 0 1.725008e-04 1.897147e-04
105 0.505000 0.001000 0 1.725926e-04 1.900334e-04
106 0.506000 0.001000 0 1.604825e-04 1.767552e-04
107 0.507000 0.001000 0 1.707883e-04 1.880646e-04
108 0.508000 0.001000 0 1.686386e-04 1.858462e-04
109 0.509000 0.001000 0 1.628964e-04 1.796567e-04
110 0.510000 0.001000 0 1.532004e-04 1.688554e-04
111 0.511000 0.001000 0 1.494821e-04 1.649371e-04
112 0.512000 0.001000 0 1.203376e-04 1.331111e-04
113 0.513000 0.001000 0 1.145447e-04 1.269478e-04
114 0.514000 0.001000 0 1.217025e-04 1.349710e-04
115 0.515000 0.001000 0 1.142623e-04 1.267045e-04
116 0.516000 0.001000 0 1.258750e-04 1.395834e-04
117 0.517000 0.001000 0 1.339400e-04 1.489290e-04
118 0.518000 0.001000 0 1.413904e-04 1.574304e-04
119 0.519000 0.001000 0 1.248354e-04 1.388989e-04
120 0.520000 0.001000 0 1.142195e-04 1.273058e-04
121 0.521000 0.001000 0 1.241792e-04 1.387058e-04
122 0.522000 0.001000 0 1.311127e-04 1.466869e-04
123 0.523000 0.001000 0 1.439420e-04 1.607895e-04
124 0.524000 0.001000 0 1.555085e-04 1.736520e-04
125 0.525000 0.001000 0 1.479052e-04 1.656457e-04
126 0.526000 0.001000 0 1.314158e-04 1.473937e-04
127 0.527000 0.001000 0 1.323764e-04 1.484571e-04
128 0.528000 0.001000 0 1.375816e-04 1.543530e-04
129 0.529000 0.001000 0 1.352045e-04 1.517577e-04
130 0.530000 0.001000 0 1.239196e-04 1.392653e-04
131 0.531000 0.001000 0 1.197329e-04 1.347403e-04
132 0.532000 0.001000 0 1.088325e-04 1.231056e-04
133 0.533000 0.001000 0 9.971083e-05 1.131724e-04
134 0.534000 0.001000 0 1.259164e-04 1.433133e-04
135 0.535000 0.001000 0 1.530993e-04 1.745280e-04
136 0.536000 0.001000 0 1.527189e-04 1.746381e-04
137 0.537000 0.001000 0 1.702110e-04 1.953106e-04
138 0.538000 0.001000 0 1.574549e-04 1.807210e-04
139 0.539000 0.001000 0 1.449657e-04 1.663969e-04
140 0.540000 0.001000 0 1.285914e-04 1.481915e-04
141 0.541000 0.001000 0 1.226836e-04 1.415981e-04
142 0.542000 0.001000 0 1.157379e-04 1.337346e-04
143 0.543000 0.001000 0 9.992088e-05 1.159790e-04
144 0.544000 0.001000 0 9.628771e-05 1.121561e-04
145 0.545000 0.001000 0 1.145955e-04 1.338989e-04
146 0.546000 0.001000 0 1.427340e-04 1.671498e-04
147 0.547000 0.001000 0 1.389098e-04 1.628429e-04
148 0.548000 0.001000 0 1.169805e-04 1.374130e-04
149 0.549000 0.001000 0 1.008851e-04 1.188188e-04
150 0.550000 0.001000 0 1.095999e-04 1.294711e-04
151 0.551000 0.001000 0 1.223313e-04 1.450116e-04
152 0.552000 0.001000 0 1.515221e-04 1.804008e-04
153 0.553000 0.001000 0 1.687547e-04 2.013621e-04
154 0.554000 0.001000 0 1.634727e-04 1.958773e-04
155 0.555000 0.001000 0 1.542168e-04 1.850298e-04
156 0.556000 0.001000 0 1.590358e-04 1.921050e-04
157 0.557000 0.001000 0 1.417850e-04 1.716884e-04
158 0.558000 0.001000 0 1.279680e-04 1.551602e-04
159 0.559000 0.001000 0 1.396999e-04 1.700324e-04
160 0.560000 0.001000 0 1.533974e-04 1.875113e-04
161 0.561000 0.001000 0 1.678746e-04 2.056385e-04
162 0.562000 0.001000 0 1.930634e-04 2.370890e-04
163 0.563000 0.001000 0 1.905019e-04 2.340258e-04
164 0.564000 0.001000 0 2.137633e-04 2.623235e-04
165 0.565000 0.001000 0 2.707831e-04 3.338650e-04
166 0.566000 0.001000 0 3.154159e-04 3.902156e-04
167 0.567000 0.001000 0 3.343520e-04 4.140567e-04
168 0.568000 0.001000 0 3.723854e-04 4.631357e-04
169 0.569000 0.001000 0 4.660678e-04 5.821689e-04
170 0.570000 0.001000 0 5.800632e-04 7.269113e-04
171 0.571000 0.001000 0 6.523123e-04 8.195157e-04
172 0.572000 0.001000 0 6.319795e-04 7.964630e-04
173 0.573000 0.001000 0 5.593066e-04 7.056395e-04
174 0.574000 0.001000 0 4.400795e-04 5.541687e-04
175 0.575000 0.001000 0 3.533796e-04 4.456537e-04
176 0.576000 0.001000 0 2.942118e-04 3.715196e-04
177 0.577000 0.001000 0 2.481324e-04 3.135531e-04
178 0.578000 0.001000 0 1.782416e-04 2.252812e-04
179 0.579000 0.001000 0 1.001143e-04 1.262306e-04
180 0.580000 0.001000 0 3.024795e-05 3.781074e-05
181 0.581000 0.001000 0 4.829917e-06 5.995028e-06
182 0.582000 0.001000 0 9.715672e-07 1.202288e-06
183 0.583000 0.001000 0 2.690779e-07 3.322792e-07
184 0.584000 0.001000 0 7.995071e-08 9.855707e-08
185 0.585000 0.001000 0 2.502427e-08 3.080212e-08
186 0.586000 0.001000 0 9.668202e-09 1.188571e-08
187 0.587000 0.001000 0 4.286784e-09 5.264719e-09
188 0.588000 0.001000 0 2.685254e-09 3.295398e-09
189 0.589000 0.001000 0 1.796743e-09 2.203915e-09
190 0.590000 0.001000 0 1.300577e-09 1.594838e-09
191 0.591000 0.001000 0 1.349774e-09 1.655087e-09
192 0.592000 0.001000 0 1.866319e-09 2.288970e-09
193 0.593000 0.001000 0 2.390861e-09 2.933469e-09
194 0.594000 0.001000 0 2.444822e-09 3.001411e-09
195 0.595000 0.001000 0 3.258610e-09 4.003599e-09
196 0.596000 0.001000 0 7.705850e-09 9.476587e-09
197 0.597000 0.001000 0 2.094935e-08 2.579112e-08
198 0.598000 0.001000 0 5.933294e-08 7.313223e-08
199 0.599000 0.001000 0 1.755471e-07 2.166417e-07
200 0.600000 0.001000 0 5.528177e-07 6.830613e-07
201 0.601000 0.001000 0 1.859524e-06 2.300099e-06
202 0.602000 0.001000 0 6.797738e-06 8.412260e-06
203 0.603000 0.001000 0 2.202691e-05 2.725034e-05
204 0.604000 0.001000 0 4.484758e-05 5.551176e-05
205 0.605000 0.001000 0 7.709172e-05 9.545030e-05
206 0.606000 0.001000 0 1.183159e-04 1.465481e-04
207 0.607000 0.001000 0 1.330155e-04 1.649456e-04
208 0.608000 0.001000 0 1.096690e-04 1.362228e-04
209 0.609000 0.001000 0 7.145472e-05 8.895446e-05
210 0.610000 0.001000 0 3.262243e-05 4.076184e-05
211 0.611000 0.001000 0 1.042639e-05 1.309475e-05
212 0.612000 0.001000 0 5.079154e-06 6.407674e-06
213 0.613000 0.001000 0 3.731253e-06 4.713284e-06
214 0.614000 0.001000 0 3.501617e-06 4.420543e-06
215 0.615000 0.001000 0 3.129246e-06 3.943126e-06
216 0.616000 0.001000 0 2.491930e-06 3.138800e-06
217 0.617000 0.001000 0 2.657760e-06 3.353600e-06
218 0.618000 0.001000 0 3.318475e-06 4.194011e-06
219 0.619000 0.001000 0 3.857500e-06 4.888582e-06
220 0.620000 0.001000 0 5.355631e-06 6.816442e-06
221 0.621000 0.001000 0 8.312800e-06 1.058221e-05
222 0.622000 0.001000 0 9.263382e-06 1.176043e-05
223 0.623000 0.001000 0 7.123319e-06 9.035714e-06
224 0.624000 0.001000 0 7.598901e-06 9.661260e-06
225 0.625000 0.001000 0 8.556192e-06 1.088161e-05
226 0.626000 0.001000 0 4.933622e-06 6.266273e-06
227 0.627000 0.001000 0 1.982871e-06 2.521389e-06
228 0.628000 0.001000 0 1.578104e-06 2.010671e-06
229 0.629000 0.001000 0 4.939734e-06 6.315187e-06
230 0.630000 0.001000 0 1.140325e-05 1.465400e-05
231 0.631000 0.001000 0 1.585392e-05 2.053136e-05
232 0.632000 0.001000 0 1.704760e-05 2.212740e-05
233 0.633000 0.001000 0 1.180787e-05 1.533087e-05
234 0.634000 0.001000 0 1.001467e-05 1.304369e-05
235 0.635000 0.001000 0 7.452412e-06 9.731302e-06
236 0.636000 0.001000 0 5.863729e-06 7.686754e-06
237 0.637000 0.001000 0 5.501674e-06 7.248710e-06
238 0.638000 0.001000 0 7.847497e-06 1.037320e-05
239 0.639000 0.001000 0 8.592207e-06 1.135771e-05
240 0.640000 0.001000 0 7.793627e-06 1.029098e-05
241 0.641000 0.001000 0 6.706939e-06 8.867974e-06
242 0.642000 0.001000 0 5.424563e-06 7.174757e-06
243 0.643000 0.001000 0 4.875853e-06 6.453852e-06
244 0.644000 0.001000 0 5.300990e-06 7.016795e-06
245 0.645000 0.001000 0 5.698006e-06 7.550930e-06
246 0.646000 0.001000 0 4.860095e-06 6.443080e-06
247 0.647000 0.001000 0 2.880642e-06 3.825221e-06
248 0.648000 0.001000 0 2.454021e-06 3.266463e-06
249 0.649000 0.001000 0 3.025535e-06 4.017375e-06
250 0.650000 0.001000 0 3.088304e-06 4.103201e-06
251 0.651000 0.001000 0 2.647347e-06 3.527956e-06
252 0.652000 0.001000 0 2.575708e-06 3.433572e-06
253 0.653000 0.001000 0 2.319542e-06 3.101314e-06
254 0.654000 0.001000 0 2.096956e-06 2.814131e-06
255 0.655000 0.001000 0 1.874620e-06 2.519593e-06
256 0.656000 0.001000 0 1.168994e-06 1.570878e-06
257 0.657000 0.001000 0 7.406031e-07 9.907855e-07
258 0.658000 0.001000 0 4.574965e-07 6.091054e-07
259 0.659000 0.001000 0 2.010015e-07 2.675050e-07
260 0.660000 0.001000 0 7.101112e-08 9.502112e-08
261 0.661000 0.001000 0 2.344031e-08 3.166742e-08
262 0.662000 0.001000 0 4.905549e-09 6.608252e-09
263 0.663000 0.001000 0 1.616562e-10 2.156110e-10
264 0.664000 0.001000 0 1.368132e-13 3.876131e-13
265 0.665000 0.001000 7985 9.941386e-14 3.387520e-13
266 0.666000 0.001000 6661 9.986645e-14 3.176138e-13
267 0.667000 0.001000 5836 9.975431e-14 3.066992e-13
268 0.668000 0.001000 5288 9.970375e-14 2.968706e-13
269 0.669000 0.001000 4839 9.995395e-14 2.968321e-13
270 0.670000 0.001000 4551 9.998159e-14 2.934983e-13
271 0.671000 0.001000 4335 9.981351e-14 2.901407e-13
272 0.672000 0.001000 4198 9.980452e-14 2.874693e-13
273 0.673000 0.001000 4127 9.827537e-14 2.845084e-13
274 0.674000 0.001000 4075 9.958046e-14 2.842029e-13
275 0.675000 0.001000 4062 9.852087e-14 2.812222e-13
276 0.676000 0.001000 4073 9.969685e-14 2.795271e-13
277 0.677000 0.001000 4120 9.919344e-14 2.759442e-13
278 0.678000 0.001000 4188 9.777880e-14 2.730767e-13
279 0.679000 0.001000 4300 9.900941e-14 2.725364e-13
280 0.680000 0.001000 4488 9.965048e-14 2.705169e-13
281 0.681000 0.001000 4751 9.950976e-14 2.702589e-13
282 0.682000 0.001000 5128 9.963574e-14 2.708004e-13
283 0.683000 0.001000 5644 9.779129e-14 2.719759e-13
284 0.684000 0.001000 6283 9.822798e-14 2.829516e-13
285 0.685000 0.001000 7237 9.973822e-14 2.862422e-13
286 0.686000 0.001000 7641 9.836011e-14 2.955220e-13
287 0.687000 0.001000 7919 9.944109e-14 3.038111e-13
288 0.688000 0.001000 8034 9.870025e-14 3.061506e-13
289 0.689000 0.001000 8083 9.998947e-14 3.202772e-13
290 0.690000 0.001000 8148 9.932812e-14 3.157976e-13
291 0.691000 0.001000 8214 9.932605e-14 3.227583e-13
292 0.692000 0.001000 8197 9.854686e-14 3.148880e-13
293 0.693000 0.001000 8192 9.971939e-14 3.170252e-13
294 0.694000 0.001000 8165 9.841342e-14 3.084590e-13
295 0.695000 0.001000 8076 9.969409e-14 2.965741e-13
296 0.696000 0.001000 7999 9.972234e-14 2.948167e-13
297 0.697000 0.001000 7928 9.988172e-14 3.083200e-13
298 0.698000 0.001000 7774 9.868609e-14 2.983263e-13
299 0.699000 0.001000 7681 9.937195e-14 3.204882e-13
300 0.700000 0.001000 7595 9.987684e-14 3.234557e-13
301 0.701000 0.001000 7532 9.869990e-14 3.074462e-13
302 0.702000 0.001000 7449 9.971621e-14 2.981098e-13
303 0.703000 0.001000 7375 9.912042e-14 3.113753e-13
304 0.704000 0.001000 7296 9.978015e-14 2.913093e-13
305 0.705000 0.001000 7244 9.840514e-14 2.675499e-13
306 0.706000 0.001000 7202 9.918924e-14 2.703121e-13
307 0.707000 0.001000 7181 9.985816e-14 2.667030e-13
308 0.708000 0.001000 7142 9.929370e-14 2.752542e-13
309 0.709000 0.001000 7097 9.960149e-14 2.824497e-13
310 0.710000 0.001000 7032 9.987219e-14 2.773336e-13
311 0.711000 0.001000 6933 9.998137e-14 2.745047e-13
312 0.712000 0.001000 6845 9.862449e-14 2.735947e-13
313 0.713000 0.001000 6809 9.890957e-14 2.778231e-13
314 0.714000 0.001000 6766 9.888496e-14 2.871378e-13
315 0.715000 0.001000 6711 9.923548e-14 3.002404e-13
316 0.716000 0.001000 6624 9.961144e-14 3.092171e-13
317 0.717000 0.001000 6537 9.999972e-14 3.346462e-13
318 0.718000 0.001000 6439 9.903666e-14 3.702275e-13
319 0.719000 0.001000 6386 9.962407e-14 4.087291e-13
320 0.720000 0.001000 6275 9.939581e-14 3.563395e-13
321 0.721000 0.001000 6161 9.960407e-14 3.108595e-13
322 0.722000 0.001000 6038 9.990362e-14 2.860344e-13
323 0.723000 0.001000 5943 9.895422e-14 2.730416e-13
324 0.724000 0.001000 5880 9.931568e-14 2.889642e-13
325 0.725000 0.001000 5861 9.867722e-14 2.774333e-13
326 0.726000 0.001000 5869 9.811469e-14 2.858295e-13
327 0.727000 0.001000 5855 9.983888e-14 2.853196e-13
328 0.728000 0.001000 5838 9.776507e-14 3.050893e-13
329 0.729000 0.001000 5823 9.934686e-14 3.033034e-13
330 0.730000 0.001000 5807 9.976311e-14 3.215995e-13
331 0.731000 0.001000 5758 9.999514e-14 3.337285e-13
332 0.732000 0.001000 5725 9.894075e-14 3.164819e-13
333 0.733000 0.001000 5693 9.945166e-14 3.383911e-13
334 0.734000 0.001000 5640 9.786727e-14 3.322291e-13
335 0.735000 0.001000 5602 9.997815e-14 3.185092e-13
336 0.736000 0.001000 5570 9.856338e-14 3.098007e-13
337 0.737000 0.001000 5542 9.953666e-14 3.215528e-13
338 0.738000 0.001000 5520 9.875416e-14 3.398950e-13
339 0.739000 0.001000 5500 9.985400e-14 3.765167e-13
340 0.740000 0.001000 5490 9.756439e-14 4.226751e-13
341 0.741000 0.001000 5458 9.916416e-14 4.005379e-13
342 0.742000 0.001000 5396 9.875934e-14 3.859073e-13
343 0.743000 0.001000 5389 9.616968e-14 4.093643e-13
344 0.744000 0.001000 5369 9.953266e-14 4.805327e-13
345 0.745000 0.001000 5324 9.855226e-14 4.915309e-13
346 0.746000 0.001000 5291 9.870626e-14 5.614933e-13
347 0.747000 0.001000 5233 9.860358e-14 5.222916e-13
348 0.748000 0.001000 5214 9.851060e-14 5.319517e-13
349 0.749000 0.001000 5190 9.976234e-14 5.662890e-13
350 0.750000 0.001000 5168 9.861725e-14 5.921700e-13
351 0.751000 0.001000 5161 9.938554e-14 6.942144e-13
352 0.752000 0.001000 5167 9.881239e-14 8.595039e-13
353 0.753000 0.001000 5161 9.642941e-14 1.030950e-12
354 0.754000 0.001000 5137 9.871256e-14 1.365032e-12
355 0.755000 0.001000 4993 9.898975e-14 1.905831e-12
356 0.756000 0.001000 4929 9.939832e-14 2.155577e-12
357 0.757000 0.001000 4805 9.995826e-14 1.838444e-12
358 0.758000 0.001000 4727 9.874025e-14 1.851893e-12
359 0.759000 0.001000 4432 9.842152e-14 1.715278e-12
360 0.760000 0.001000 4337 9.996736e-14 1.151834e-12
361 0.761000 0.001000 4275 9.879054e-14 8.698827e-13
362 0.762000 0.001000 4226 9.764713e-14 7.427879e-13
363 0.763000 0.001000 4195 9.623308e-14 6.942941e-13
364 0.764000 0.001000 4187 9.717253e-14 6.993491e-13
365 0.765000 0.001000 4194 9.616953e-14 7.542544e-13
366 0.766000 0.001000 4221 9.948328e-14 8.754453e-13
367 0.767000 0.001000 4268 9.843327e-14 1.107462e-12
368 0.768000 0.001000 4335 9.966503e-14 1.583462e-12
369 0.769000 0.001000 4434 9.928030e-14 2.581607e-12
370 0.770000 0.001000 4740 9.541879e-14 3.361875e-12
371 0.771000 0.001000 4800 9.511133e-14 3.066125e-12
372 0.772000 0.001000 4826 9.938217e-14 2.268854e-12
373 0.773000 0.001000 4852 9.910490e-14 1.513058e-12
374 0.774000 0.001000 4850 9.954678e-14 1.128983e-12
375 0.775000 0.001000 4849 9.986262e-14 1.003258e-12
376 0.776000 0.001000 4882 9.997558e-14 9.835988e-13
377 0.777000 0.001000 4827 9.962203e-14 7.477546e-13
378 0.778000 0.001000 4806 9.877602e-14 5.970647e-13
379 0.779000 0.001000 4801 9.883582e-14 5.317554e-13
380 0.780000 0.001000 4794 9.965734e-14 4.798201e-13
381 0.781000 0.001000 4806 9.585306e-14 4.527942e-13
382 0.782000 0.001000 4901 9.709779e-14 4.409096e-13
383 0.783000 0.001000 4910 9.848410e-14 4.391576e-13
384 0.784000 0.001000 4916 9.714789e-14 4.928828e-13
385 0.785000 0.001000 4928 9.961792e-14 4.389608e-13
386 0.786000 0.001000 4947 9.817744e-14 3.674944e-13
387 0.787000 0.001000 4983 9.862360e-14 3.272747e-13
388 0.788000 0.001000 5023 9.916653e-14 3.267911e-13
389 0.789000 0.001000 5066 9.909241e-14 3.311810e-13
390 0.790000 0.001000 5121 9.952579e-14 3.300553e-13
391 0.791000 0.001000 5130 9.923272e-14 3.067640e-13
392 0.792000 0.001000 5150 9.834367e-14 3.020245e-13
393 0.793000 0.001000 5270 9.986960e-14 2.858510e-13
394 0.794000 0.001000 5428 9.933862e-14 2.917715e-13
395 0.795000 0.001000 5678 9.994185e-14 3.078778e-13
396 0.796000 0.001000 5960 9.988324e-14 3.005686e-13
397 0.797000 0.001000 6367 9.711812e-14 3.132516e-13
398 0.798000 0.001000 6876 9.983551e-14 3.218048e-13
399 0.799000 0.001000 7623 9.986467e-14 3.201761e-13
400 0.800000 0.001000 8307 9.979908e-14 3.258679e-13
401 0.801000 0.001000 9080 9.938581e-14 3.368544e-13
402 0.802000 0.001000 0 7.918010e-13 1.134459e-12
403 0.803000 0.001000 0 2.247923e-10 3.063369e-10
404 0.804000 0.001000 0 4.692923e-09 6.410819e-09
405 0.805000 0.001000 0 1.834539e-08 2.510794e-08
406 0.806000 0.001000 0 4.355078e-08 5.963353e-08
407 0.807000 0.001000 0 7.289340e-08 9.985888e-08
408 0.808000 0.001000 0 8.178606e-08 1.121124e-07
409 0.809000 0.001000 0 8.755867e-08 1.202335e-07
410 0.810000 0.001000 0 6.787548e-08 9.331210e-08
411 0.811000 0.001000 0 5.637237e-08 7.753651e-08
412 0.812000 0.001000 0 4.577834e-08 6.299873e-08
413 0.813000 0.001000 0 1.791340e-08 2.466068e-08
414 0.814000 0.001000 0 5.707124e-09 7.841217e-09
415 0.815000 0.001000 0 9.413272e-10 1.292469e-09
416 0.816000 0.001000 0 1.656762e-11 2.269994e-11
417 0.817000 0.001000 0 1.044631e-13 2.866669e-13
418 0.818000 0.001000 8868 9.929699e-14 2.740380e-13
419 0.819000 0.001000 7725 9.977627e-14 2.817591e-13
420 0.820000 0.001000 7029 9.927903e-14 2.615522e-13
421 0.821000 0.001000 6705 9.983247e-14 2.529456e-13
422 0.822000 0.001000 6482 9.982949e-14 2.523176e-13
423 0.823000 0.001000 6248 9.996834e-14 2.643244e-13
424 0.824000 0.001000 5889 9.855518e-14 2.569638e-13
425 0.825000 0.001000 5610 9.966696e-14 2.489299e-13
426 0.826000 0.001000 5318 9.974104e-14 2.435957e-13
427 0.827000 0.001000 5084 9.998099e-14 2.376484e-13
428 0.828000 0.001000 4862 9.993453e-14 2.606988e-13
429 0.829000 0.001000 4666 9.896422e-14 2.654446e-13
430 0.830000 0.001000 4542 9.924432e-14 2.400498e-13
431 0.831000 0.001000 4455 9.967314e-14 2.279631e-13
432 0.832000 0.001000 4384 9.850322e-14 2.263860e-13
433 0.833000 0.001000 4368 9.706780e-14 2.414505e-13
434 0.834000 0.001000 4328 9.995716e-14 2.536710e-13
435 0.835000 0.001000 4294 9.933431e-14 2.600751e-13
436 0.836000 0.001000 4180 9.896417e-14 2.486267e-13
437 0.837000 0.001000 4114 9.958016e-14 2.273358e-13
438 0.838000 0.001000 4068 9.778343e-14 2.288022e-13
439 0.839000 0.001000 4055 9.824791e-14 2.445193e-13
440 0.840000 0.001000 3989 9.895587e-14 2.455188e-13
441 0.841000 0.001000 3931 9.867928e-14 2.322977e-13
442 0.842000 0.001000 3913 9.899231e-14 2.192767e-13
443 0.843000 0.001000 3912 9.817026e-14 2.249326e-13
444 0.844000 0.001000 3907 9.716470e-14 2.218359e-13
445 0.845000 0.001000 3887 9.876321e-14 2.130082e-13
446 0.846000 0.001000 3872 9.818462e-14 2.239878e-13
447 0.847000 0.001000 3847 9.387219e-14 2.134215e-13
448 0.848000 0.001000 3826 9.764831e-14 2.067653e-13
449 0.849000 0.001000 3808 9.930606e-14 2.075497e-13
450 0.850000 0.001000 3809 9.879735e-14 2.042331e-13
451 0.851000 0.001000 3809 9.767313e-14 2.096402e-13
452 0.852000 0.001000 3765 9.889262e-14 2.026210e-13
453 0.853000 0.001000 3747 9.795760e-14 1.989350e-13
454 0.854000 0.001000 3735 9.960720e-14 2.007914e-13
455 0.855000 0.001000 3733 9.820022e-14 2.024016e-13
456 0.856000 0.001000 3726 9.476027e-14 1.960668e-13
457 0.857000 0.001000 3715 9.958882e-14 1.980034e-13
458 0.858000 0.001000 3710 9.422576e-14 1.942405e-13
459 0.859000 0.001000 3701 9.969815e-14 2.007988e-13
460 0.860000 0.001000 3604 9.428084e-14 1.947468e-13
461 0.861000 0.001000 3573 9.807334e-14 1.996843e-13
462 0.862000 0.001000 3541 9.963910e-14 2.041579e-13
463 0.863000 0.001000 3514 9.801676e-14 2.158691e-13
464 0.864000 0.001000 3483 9.694032e-14 2.372042e-13
465 0.865000 0.001000 3268 8.989761e-14 2.239352e-13
466 0.866000 0.001000 3177 9.719346e-14 2.025720e-13
467 0.867000 0.001000 2962 9.718541e-14 2.014879e-13
468 0.868000 0.001000 2702 9.865439e-14 2.046715e-13
469 0.869000 0.001000 2460 9.866211e-14 1.929723e-13
470 0.870000 0.001000 2109 9.964850e-14 1.877759e-13
471 0.871000 0.001000 1975 9.868029e-14 1.844344e-13
472 0.872000 0.001000 1853 9.973253e-14 1.857779e-13
473 0.873000 0.001000 1727 9.984831e-14 1.811598e-13
474 0.874000 0.001000 1611 9.777382e-14 1.784991e-13
475 0.875000 0.001000 1527 9.564812e-14 1.738453e-13
476 0.876000 0.001000 1458 9.799930e-14 1.765270e-13
477 0.877000 0.001000 1393 9.675360e-14 1.749369e-13
478 0.878000 0.001000 1339 9.979118e-14 1.797892e-13
479 0.879000 0.001000 1287 9.973579e-14 1.776429e-13
480 0.880000 0.001000 1251 9.779753e-14 1.746923e-13
481 0.881000 0.001000 1212 9.507485e-14 1.723593e-13
482 0.882000 0.001000 1181 9.952137e-14 1.791369e-13
483 0.883000 0.001000 1151 9.671715e-14 1.733728e-13
484 0.884000 0.001000 1121 9.989115e-14 1.777190e-13
485 0.885000 0.001000 1101 9.839969e-14 1.735352e-13
486 0.886000 0.001000 1079 9.732172e-14 1.731246e-13
487 0.887000 0.001000 1060 9.919881e-14 1.754731e-13
488 0.888000 0.001000 1043 9.728474e-14 1.713054e-13
489 0.889000 0.001000 1025 9.854875e-14 1.730662e-13
490 0.890000 0.001000 1010 9.905290e-14 1.736520e-13
491 0.891000 0.001000 996 9.927236e-14 1.726029e-13
492 0.892000 0.001000 987 9.834413e-14 1.697411e-13
493 0.893000 0.001000 978 9.841917e-14 1.730188e-13
494 0.894000 0.001000 969 9.689870e-14 1.715336e-13
495 0.895000 0.001000 960 9.975580e-14 1.743777e-13
496 0.896000 0.001000 953 9.730625e-14 1.719520e-13
497 0.897000 0.001000 946 9.784914e-14 1.723587e-13
498 0.898000 0.001000 939 9.920005e-14 1.742584e-13
499 0.899000 0.001000 936 9.954867e-14 1.720410e-13
500 0.900000 0.001000 930 9.707710e-14 1.729147e-13
501 0.901000 0.001000 927 9.895882e-14 1.720780e-13
502 0.902000 0.001000 922 9.920075e-14 1.740760e-13
503 0.903000 0.001000 921 9.559706e-14 1.685855e-13
504 0.904000 0.001000 920 9.525412e-14 1.676672e-13
505 0.905000 0.001000 919 9.675099e-14 1.695807e-13
506 0.906000 0.001000 919 9.493819e-14 1.676967e-13
507 0.907000 0.001000 919 9.499982e-14 1.678054e-13
508 0.908000 0.001000 919 9.695095e-14 1.698014e-13
509 0.909000 0.001000 920 9.561492e-14 1.679363e-13
510 0.910000 0.001000 921 9.580557e-14 1.684085e-13
511 0.911000 0.001000 922 9.888479e-14 1.731879e-13
512 0.912000 0.001000 928 9.525975e-14 1.681536e-13
513 0.913000 0.001000 930 9.807712e-14 1.731705e-13
514 0.914000 0.001000 937 9.532008e-14 1.671292e-13
515 0.915000 0.001000 940 9.903517e-14 1.742046e-13
516 0.916000 0.001000 947 9.636101e-14 1.718666e-13
517 0.917000 0.001000 954 9.781672e-14 1.719348e-13
518 0.918000 0.001000 962 9.744945e-14 1.710272e-13
519 0.919000 0.001000 971 9.689277e-14 1.727232e-13
520 0.920000 0.001000 980 9.848307e-14 1.746578e-13
521 0.921000 0.001000 989 9.958376e-14 1.731594e-13
522 0.922000 0.001000 1003 9.792132e-14 1.724406e-13
523 0.923000 0.001000 1015 9.800014e-14 1.747359e-13
524 0.924000 0.001000 1036 9.784309e-14 1.725510e-13
525 0.925000 0.001000 1055 9.633607e-14 1.719819e-13
526 0.926000 0.001000 1078 9.959833e-14 1.750681e-13
527 0.927000 0.001000 1103 9.750180e-14 1.709622e-13
528 0.928000 0.001000 1129 9.630255e-14 1.713392e-13
529 0.929000 0.001000 1157 9.979969e-14 1.784991e-13
530 0.930000 0.001000 1188 9.793626e-14 1.730227e-13
531 0.931000 0.001000 1222 9.619289e-14 1.748911e-13
532 0.932000 0.001000 1271 9.603994e-14 1.727894e-13
533 0.933000 0.001000 1323 9.903835e-14 1.783421e-13
534 0.934000 0.001000 1386 9.760251e-14 1.758421e-13
535 0.935000 0.001000 1447 9.709681e-14 1.765673e-13
536 0.936000 0.001000 1545 9.929114e-14 1.787243e-13
537 0.937000 0.001000 1681 9.980057e-14 1.837751e-13
538 0.938000 0.001000 1814 9.790840e-14 1.805741e-13
539 0.939000 0.001000 2012 9.888482e-14 1.874622e-13
540 0.940000 0.001000 2256 9.898830e-14 1.859684e-13
541 0.941000 0.001000 2514 9.898247e-14 1.988363e-13
542 0.942000 0.001000 2747 9.141856e-14 2.042677e-13
543 0.943000 0.001000 2917 9.587752e-14 2.311796e-13
544 0.944000 0.001000 2960 9.826112e-14 2.531924e-13
545 0.945000 0.001000 2970 9.850406e-14 2.326488e-13
546 0.946000 0.001000 2974 9.538281e-14 2.047134e-13
547 0.947000 0.001000 2993 9.498017e-14 1.914996e-13
548 0.948000 0.001000 3030 9.909328e-14 1.998427e-13
549 0.949000 0.001000 3106 9.240293e-14 1.974691e-13
550 0.950000 0.001000 3115 9.929485e-14 2.027216e-13
551 0.951000 0.001000 3117 9.662236e-14 1.972765e-13
552 0.952000 0.001000 3115 9.664998e-14 2.015425e-13
553 0.953000 0.001000 3108 9.181409e-14 2.144095e-13
554 0.954000 0.001000 3109 9.562328e-14 2.447352e-13
555 0.955000 0.001000 3110 9.604811e-14 2.383358e-13
556 0.956000 0.001000 3108 9.409721e-14 2.213965e-13
557 0.957000 0.001000 3100 9.087073e-14 2.226529e-13
558 0.958000 0.001000 3090 9.003584e-14 2.113740e-13
559 0.959000 0.001000 3094 9.996365e-14 2.278404e-13
560 0.960000 0.001000 3098 9.792945e-14 2.298557e-13
561 0.961000 0.001000 3098 9.856887e-14 2.425315e-13
562 0.962000 0.001000 3096 9.982983e-14 2.200765e-13
563 0.963000 0.001000 3089 9.787321e-14 1.990592e-13
564 0.964000 0.001000 3081 9.381216e-14 1.878283e-13
565 0.965000 0.001000 3079 9.241244e-14 1.940717e-13
566 0.966000 0.001000 3082 9.959373e-14 2.018467e-13
567 0.967000 0.001000 3096 9.819538e-14 2.215259e-13
568 0.968000 0.001000 3090 9.694126e-14 2.354772e-13
569 0.969000 0.001000 3082 9.202754e-14 2.251401e-13
570 0.970000 0.001000 3080 9.291266e-14 2.199806e-13
571 0.971000 0.001000 3080 9.657943e-14 2.303751e-13
572 0.972000 0.001000 3088 9.472098e-14 2.284308e-13
573 0.973000 0.001000 3090 9.838786e-14 2.231265e-13
574 0.974000 0.001000 3096 9.534226e-14 2.216435e-13
575 0.975000 0.001000 3091 9.680977e-14 2.120386e-13
576 0.976000 0.001000 3095 9.920310e-14 1.986902e-13
577 0.977000 0.001000 3090 9.806034e-14 1.891931e-13
578 0.978000 0.001000 3090 9.480430e-14 1.840151e-13
579 0.979000 0.001000 3097 9.350461e-14 1.851576e-13
580 0.980000 0.001000 3100 9.641559e-14 1.855791e-13
581 0.981000 0.001000 3099 9.709101e-14 1.851638e-13
582 0.982000 0.001000 3100 9.148538e-14 1.861220e-13
583 0.983000 0.001000 3107 9.396251e-14 2.004523e-13
584 0.984000 0.001000 3117 9.698652e-14 2.145042e-13
585 0.985000 0.001000 3130 9.859596e-14 2.315557e-13
586 0.986000 0.001000 3140 9.379968e-14 2.240528e-13
587 0.987000 0.001000 3148 9.475924e-14 2.127660e-13
588 0.988000 0.001000 3158 9.629511e-14 2.109180e-13
589 0.989000 0.001000 3157 9.319946e-14 2.084354e-13
590 0.990000 0.001000 3156 9.926406e-14 2.140643e-13
591 0.991000 0.001000 3160 9.609023e-14 2.224043e-13
592 0.992000 0.001000 3160 9.795398e-14 2.086725e-13
593 0.993000 0.001000 3181 9.776743e-14 2.143326e-13
594 0.994000 0.001000 3210 9.800759e-14 2.290497e-13
595 0.995000 0.001000 3227 9.936511e-14 2.229754e-13
596 0.996000 0.001000 3232 9.742569e-14 2.258642e-13
597 0.997000 0.001000 3261 9.999761e-14 2.411763e-13
598 0.998000 0.001000 3271 9.667817e-14 2.581514e-13
599 0.999000 0.001000 3273 9.523516e-14 2.361409e-13
600 1.000000 0.001000 3314 9.460768e-14 2.394280e-13
601 1.001000 0.001000 3341 9.958464e-14 2.366531e-13
602 1.002000 0.001000 3380 9.922980e-14 2.559988e-13
603 1.003000 0.001000 3422 9.911635e-14 2.535200e-13
604 1.004000 0.001000 3434 9.985425e-14 2.411739e-13
605 1.005000 0.001000 3445 9.922293e-14 2.329047e-13
606 1.006000 0.001000 3488 9.876560e-14 2.418400e-13
607 1.007000 0.001000 3548 9.896689e-14 2.445221e-13
608 1.008000 0.001000 3644 9.956954e-14 2.368345e-13
609 1.009000 0.001000 3819 9.928096e-14 2.445217e-13
610 1.010000 0.001000 4034 9.931331e-14 2.644924e-13
611 1.011000 0.001000 4423 9.942697e-14 3.007913e-13
612 1.012000 0.001000 4776 9.945129e-14 3.018234e-13
613 1.013000 0.001000 5183 9.918358e-14 3.407644e-13
614 1.014000 0.001000 5631 9.961429e-14 4.046847e-13
615 1.015000 0.001000 5931 9.869859e-14 4.126275e-13
616 1.016000 0.001000 6389 9.961444e-14 4.387842e-13
617 1.017000 0.001000 7400 9.992512e-14 4.745666e-13
618 1.018000 0.001000 8013 9.755837e-14 4.870682e-13
619 1.019000 0.001000 8791 9.957986e-14 5.470904e-13
620 1.020000 0.001000 9554 9.955758e-14 6.586535e-13
621 1.021000 0.001000 0 2.404913e-13 7.283370e-13
622 1.022000 0.001000 0 4.841073e-12 6.968880e-12
623 1.023000 0.001000 0 1.786474e-11 2.564899e-11
624 1.024000 0.001000 0 2.578464e-11 3.707077e-11
625 1.025000 0.001000 0 3.735407e-11 5.371530e-11
626 1.026000 0.001000 0 3.588486e-11 5.159697e-11
627 1.027000 0.001000 0 1.044837e-11 1.503839e-11
628 1.028000 0.001000 0 8.989138e-13 1.428951e-12
629 1.029000 0.001000 9502 9.968936e-14 5.322323e-13
630 1.030000 0.001000 8559 9.932252e-14 5.062703e-13
631 1.031000 0.001000 7668 9.749902e-14 5.188114e-13
632 1.032000 0.001000 6795 9.970695e-14 5.405737e-13
633 1.033000 0.001000 5890 9.957134e-14 5.493718e-13
634 1.034000 0.001000 5133 9.857074e-14 5.676236e-13
635 1.035000 0.001000 4111 9.944740e-14 4.976842e-13
636 1.036000 0.001000 3376 9.966073e-14 4.677965e-13
637 1.037000 0.001000 3031 9.954762e-14 4.863255e-13
638 1.038000 0.001000 2910 9.696216e-14 5.216407e-13
639 1.039000 0.001000 2856 9.907436e-14 5.849082e-13
640 1.040000 0.001000 2822 9.552624e-14 6.789234e-13
641 1.041000 0.001000 2822 9.954999e-14 8.356359e-13
642 1.042000 0.001000 2861 9.686496e-14 1.102960e-12
643 1.043000 0.001000 2910 9.554115e-14 1.605985e-12
644 1.044000 0.001000 3003 9.964661e-14 2.565433e-12
645 1.045000 0.001000 3122 9.846697e-14 3.037484e-12
646 1.046000 0.001000 3196 9.908849e-14 2.684316e-12
647 1.047000 0.001000 3204 9.990341e-14 1.860180e-12
648 1.048000 0.001000 3173 9.877390e-14 1.346214e-12
649 1.049000 0.001000 3136 9.976318e-14 1.026755e-12
650 1.050000 0.001000 3109 9.709024e-14 8.610974e-13
651 1.051000 0.001000 3102 9.794220e-14 7.703596e-13
652 1.052000 0.001000 3098 9.932678e-14 7.115463e-13
653 1.053000 0.001000 3086 9.993915e-14 7.382010e-13
654 1.054000 0.001000 3061 9.765221e-14 6.906691e-13
655 1.055000 0.001000 3060 9.880406e-14 7.601496e-13
656 1.056000 0.001000 3042 9.933890e-14 7.097122e-13
657 1.057000 0.001000 3011 9.553795e-14 7.002038e-13
658 1.058000 0.001000 2977 9.681175e-14 6.104634e-13
659 1.059000 0.001000 2966 9.581330e-14 5.868361e-13
660 1.060000 0.001000 2951 9.885628e-14 5.943951e-13
661 1.061000 0.001000 2935 9.753440e-14 5.305711e-13
662 1.062000 0.001000 2900 9.651792e-14 4.541627e-13
663 1.063000 0.001000 2874 9.869497e-14 4.188740e-13
664 1.064000 0.001000 2872 9.520181e-14 3.743658e-13
665 1.065000 0.001000 2865 9.930598e-14 3.555059e-13
666 1.066000 0.001000 2841 9.967268e-14 3.534238e-13
667 1.067000 0.001000 2823 9.646073e-14 3.456508e-13
668 1.068000 0.001000 2806 9.977932e-14 3.515471e-13
669 1.069000 0.001000 2780 9.209251e-14 3.324312e-13
670 1.070000 0.001000 2766 9.247348e-14 3.286339e-13
671 1.071000 0.001000 2750 9.558292e-14 3.377815e-13
672 1.072000 0.001000 2746 8.079588e-14 3.220773e-13
673 1.073000 0.001000 2741 9.504245e-14 3.336379e-13
674 1.074000 0.001000 2740 9.548422e-14 3.494428e-13
675 1.075000 0.001000 2744 9.539874e-14 3.803747e-13
676 1.076000 0.001000 2745 9.774801e-14 3.840152e-13
677 1.077000 0.001000 2744 8.285199e-14 3.579651e-13
678 1.078000 0.001000 2744 9.077500e-14 3.675651e-13
679 1.079000 0.001000 2746 8.389306e-14 3.815283e-13
680 1.080000 0.001000 2746 8.402754e-14 3.671150e-13
681 1.081000 0.001000 2745 8.461609e-14 3.647234e-13
682 1.082000 0.001000 2744 8.565220e-14 3.758591e-13
683 1.083000 0.001000 2743 9.506366e-14 4.126991e-13
684 1.084000 0.001000 2732 9.847531e-14 4.329647e-13
685 1.085000 0.001000 2732 9.835119e-14 4.627662e-13
686 1.086000 0.001000 2742 9.839658e-14 5.362781e-13
687 1.087000 0.001000 2743 9.959673e-14 6.143523e-13
688 1.088000 0.001000 2743 9.325033e-14 5.430923e-13
689 1.089000 0.001000 2744 8.758505e-14 4.987872e-13
690 1.090000 0.001000 2744 8.650141e-14 5.692743e-13
691 1.091000 0.001000 2729 9.867794e-14 6.000383e-13
692 1.092000 0.001000 2726 7.885884e-14 4.996167e-13
693 1.093000 0.001000 2727 8.337550e-14 5.019607e-13
694 1.094000 0.001000 2730 9.912504e-14 5.283350e-13
695 1.095000 0.001000 2729 9.960887e-14 4.945208e-13
696 1.096000 0.001000 2727 9.530961e-14 4.900347e-13
697 1.097000 0.001000 2726 9.158902e-14 5.594441e-13
698 1.098000 0.001000 2725 9.728706e-14 7.120579e-13
699 1.099000 0.001000 2725 8.816845e-14 6.791097e-13
700 1.100000 0.001000 2724 9.600953e-14 6.157099e-13
701 1.101000 0.001000 2724 9.559094e-14 6.770402e-13
702 1.102000 0.001000 2711 9.472110e-14 6.736860e-13
703 1.103000 0.001000 2698 8.352170e-14 6.080128e-13
704 1.104000 0.001000 2697 9.099990e-14 6.245429e-13
705 1.105000 0.001000 2699 8.969585e-14 6.701018e-13
706 1.106000 0.001000 2698 9.426932e-14 6.511619e-13
707 1.107000 0.001000 2697 8.947479e-14 6.713076e-13
708 1.108000 0.001000 2698 8.921027e-14 7.263823e-13
709 1.109000 0.001000 2697 9.427284e-14 7.031422e-13
710 1.110000 0.001000 2696 8.553662e-14 7.010787e-13
711 1.111000 0.001000 2697 8.740399e-14 7.376694e-13
712 1.112000 0.001000 2699 8.660980e-14 8.671341e-13
713 1.113000 0.001000 2698 9.435171e-14 9.949650e-13
714 1.114000 0.001000 2689 9.365384e-14 1.032358e-12
715 1.115000 0.001000 2649 9.084972e-14 9.628185e-13
716 1.116000 0.001000 2613 9.363023e-14 8.205506e-13
717 1.117000 0.001000 2590 9.823487e-14 7.714081e-13
718 1.118000 0.001000 2586 9.399086e-14 7.820066e-13
719 1.119000 0.001000 2605 9.625117e-14 8.349418e-13
720 1.120000 0.001000 2630 9.308305e-14 9.218265e-13
721 1.121000 0.001000 2666 9.774425e-14 9.710609e-13
722 1.122000 0.001000 2700 9.419047e-14 1.011253e-12
723 1.123000 0.001000 2731 9.704175e-14 1.086485e-12
724 1.124000 0.001000 2746 8.864017e-14 1.266556e-12
725 1.125000 0.001000 2752 9.954991e-14 1.478240e-12
726 1.126000 0.001000 2760 9.896877e-14 1.505095e-12
727 1.127000 0.001000 2765 9.392133e-14 1.450740e-12
728 1.128000 0.001000 2764 9.895553e-14 1.455382e-12
729 1.129000 0.001000 2759 9.637752e-14 1.565645e-12
730 1.130000 0.001000 2753 9.621117e-14 1.714761e-12
731 1.131000 0.001000 2747 9.449080e-14 1.826658e-12
732 1.132000 0.001000 2747 9.935893e-14 2.000501e-12
733 1.133000 0.001000 2747 9.029587e-14 1.993036e-12
734 1.134000 0.001000 2746 9.809388e-14 1.965531e-12
735 1.135000 0.001000 2751 9.439976e-14 2.190293e-12
736 1.136000 0.001000 2757 9.568993e-14 2.503962e-12
737 1.137000 0.001000 2766 9.467289e-14 3.023688e-12
738 1.138000 0.001000 2771 9.818255e-14 3.467441e-12
739 1.139000 0.001000 2778 9.780306e-14 4.050439e-12
740 1.140000 0.001000 2781 8.885740e-14 4.928384e-12
741 1.141000 0.001000 2775 9.634723e-14 6.303547e-12
742 1.142000 0.001000 2762 9.699680e-14 8.685542e-12
743 1.143000 0.001000 2699 8.648012e-14 1.157138e-11
744 1.144000 0.001000 2589 9.442553e-14 1.376668e-11
745 1.145000 0.001000 2208 9.867075e-14 1.495291e-11
746 1.146000 0.001000 1687 9.766173e-14 1.438504e-11
747 1.147000 0.001000 1302 9.886833e-14 1.335544e-11
748 1.148000 0.001000 1008 9.940500e-14 9.569907e-12
749 1.149000 0.001000 812 9.802432e-14 6.021974e-12
750 1.150000 0.001000 693 9.916858e-14 4.261609e-12
751 1.151000 0.001000 607 9.530680e-14 3.323222e-12
752 1.152000 0.001000 544 9.546662e-14 2.741364e-12
753 1.153000 0.001000 495 9.746593e-14 2.336399e-12
754 1.154000 0.001000 458 9.467933e-14 2.041988e-12
755 1.155000 0.001000 425 9.837063e-14 1.820755e-12
756 1.156000 0.001000 401 9.384729e-14 1.642168e-12
757 1.157000 0.001000 381 9.275614e-14 1.498520e-12
758 1.158000 0.001000 363 9.840721e-14 1.379290e-12
759 1.159000 0.001000 348 9.776710e-14 1.278497e-12
760 1.160000 0.001000 335 9.247546e-14 1.191760e-12
761 1.161000 0.001000 323 9.710459e-14 1.112826e-12
762 1.162000 0.001000 312 9.970687e-14 1.046320e-12
763 1.163000 0.001000 303 9.381390e-14 9.893942e-13
764 1.164000 0.001000 294 9.989454e-14 9.402369e-13
765 1.165000 0.001000 285 9.728234e-14 8.931536e-13
766 1.166000 0.001000 278 9.174221e-14 8.556811e-13
767 1.167000 0.001000 271 9.318961e-14 8.245122e-13
768 1.168000 0.001000 264 9.783096e-14 7.888976e-13
769 1.169000 0.001000 258 9.081623e-14 7.602643e-13
770 1.170000 0.001000 252 9.612577e-14 7.377278e-13
771 1.171000 0.001000 248 8.759961e-14 7.018882e-13
772 1.172000 0.001000 242 9.670492e-14 6.833828e-13
773 1.173000 0.001000 238 9.148937e-14 6.520851e-13
774 1.174000 0.001000 233 9.009414e-14 6.347249e-13
775 1.175000 0.001000 229 9.277889e-14 6.086765e-13
776 1.176000 0.001000 225 8.894370e-14 5.928765e-13
777 1.177000 0.001000 221 9.860778e-14 5.741124e-13
778 1.178000 0.001000 217 9.778327e-14 5.599155e-13
779 1.179000 0.001000 214 8.967619e-14 5.405180e-13
780 1.180000 0.001000 210 9.695347e-14 5.320863e-13
781 1.181000 0.001000 207 9.649545e-14 5.205799e-13
782 1.182000 0.001000 205 8.582737e-14 5.007770e-13
783 1.183000 0.001000 201 9.861299e-14 4.959931e-13
784 1.184000 0.001000 199 8.611388e-14 4.820736e-13
785 1.185000 0.001000 196 9.550756e-14 4.736761e-13
786 1.186000 0.001000 193 9.987432e-14 4.678521e-13
787 1.187000 0.001000 191 9.230126e-14 4.577909e-13
788 1.188000 0.001000 189 8.844185e-14 4.476549e-13
789 1.189000 0.001000 187 8.882928e-14 4.359135e-13
790 1.190000 0.001000 184 9.960651e-14 4.340140e-13
791 1.191000 0.001000 182 9.349809e-14 4.252245e-13
792 1.192000 0.001000 180 9.637316e-14 4.159377e-13
793 1.193000 0.001000 178 9.715113e-14 4.067381e-13
794 1.194000 0.001000 176 9.487815e-14 3.990250e-13
795 1.195000 0.001000 174 9.262147e-14 3.941289e-13
796 1.196000 0.001000 172 9.780447e-14 3.885925e-13
797 1.197000 0.001000 171 9.141003e-14 3.799975e-13
798 1.198000 0.001000 169 9.531577e-14 3.768542e-13
799 1.199000 0.001000 167 9.835846e-14 3.754187e-13
800 1.200000 0.001000 166 8.626964e-14 3.654002e-13
801 1.201000 0.001000 164 9.482484e-14 3.634709e-13
802 1.202000 0.001000 163 8.963024e-14 3.535359e-13
803 1.203000 0.001000 162 8.806744e-14 3.464149e-13
804 1.204000 0.001000 160 9.899218e-14 3.477254e-13
805 1.205000 0.001000 159 9.293460e-14 3.420895e-13
806 1.206000 0.001000 158 8.874154e-14 3.370617e-13
807 1.207000 0.001000 157 8.285911e-14 3.310860e-13
808 1.208000 0.001000 155 9.672799e-14 3.300049e-13
809 1.209000 0.001000 154 9.238536e-14 3.217253e-13
810 1.210000 0.001000 153 9.156081e-14 3.160418e-13
811 1.211000 0.001000 152 8.875818e-14 3.120920e-13
812 1.212000 0.001000 151 8.349883e-14 3.075645e-13
813 1.213000 0.001000 149 9.416139e-14 3.113849e-13
814 1.214000 0.001000 148 9.176475e-14 3.062224e-13
815 1.215000 0.001000 147 9.574762e-14 3.032605e-13
816 1.216000 0.001000 146 9.703939e-14 3.016926e-13
817 1.217000 0.001000 145 9.664670e-14 3.004914e-13
818 1.218000 0.001000 144 9.856485e-14 3.016729e-13
819 1.219000 0.001000 143 9.767473e-14 3.010987e-13
820 1.220000 0.001000 142 9.372488e-14 2.974329e-13
821 1.221000 0.001000 141 8.998078e-14 2.914225e-13
822 1.222000 0.001000 140 8.819880e-14 2.850648e-13
823 1.223000 0.001000 139 9.109980e-14 2.816070e-13
824 1.224000 0.001000 138 9.652601e-14 2.806677e-13
825 1.225000 0.001000 138 8.015455e-14 2.700264e-13
826 1.226000 0.001000 137 8.381988e-14 2.704917e-13
827 1.227000 0.001000 136 8.934432e-14 2.730259e-13
828 1.228000 0.001000 135 9.170296e-14 2.740623e-13
829 1.229000 0.001000 134 9.246958e-14 2.725255e-13
830 1.230000 0.001000 133 9.573124e-14 2.717437e-13
831 1.231000 0.001000 132 9.932443e-14 2.706975e-13
832 1.232000 0.001000 132 8.379052e-14 2.596430e-13
833 1.233000 0.001000 131 8.856910e-14 2.586496e-13
834 1.234000 0.001000 131 7.495678e-14 2.497969e-13
835 1.235000 0.001000 130 8.492662e-14 2.527409e-13
836 1.236000 0.001000 129 9.518470e-14 2.589486e-13
837 1.237000 0.001000 129 8.104477e-14 2.491329e-13
838 1.238000 0.001000 128 8.687034e-14 2.537584e-13
839 1.239000 0.001000 127 9.070276e-14 2.559487e-13
840 1.240000 0.001000 126 9.352381e-14 2.548426e-13
841 1.241000 0.001000 125 9.829370e-14 2.545361e-13
842 1.242000 0.001000 125 8.449443e-14 2.443686e-13
843 1.243000 0.001000 124 9.269645e-14 2.480779e-13
844 1.244000 0.001000 123 9.737067e-14 2.504671e-13
845 1.245000 0.001000 123 8.409525e-14 2.405214e-13
846 1.246000 0.001000 122 8.998006e-14 2.428760e-13
847 1.247000 0.001000 122 7.790862e-14 2.341254e-13
848 1.248000 0.001000 121 9.058676e-14 2.396212e-13
849 1.249000 0.001000 121 7.864566e-14 2.311671e-13
850 1.250000 0.001000 120 8.805397e-14 2.354463e-13
851 1.251000 0.001000 119 9.845357e-14 2.403720e-13
852 1.252000 0.001000 119 8.585103e-14 2.310970e-13
853 1.253000 0.001000 118 9.515128e-14 2.359724e-13
854 1.254000 0.001000 118 8.317850e-14 2.271568e-13
855 1.255000 0.001000 117 9.237954e-14 2.322858e-13
856 1.256000 0.001000 117 8.096173e-14 2.237240e-13
857 1.257000 0.001000 116 8.980497e-14 2.292755e-13
858 1.258000 0.001000 115 9.754102e-14 2.331375e-13
859 1.259000 0.001000 115 8.583272e-14 2.240547e-13
860 1.260000 0.001000 114 9.740818e-14 2.304663e-13
861 1.261000 0.001000 114 8.591098e-14 2.215115e-13
862 1.262000 0.001000 114 7.581408e-14 2.142593e-13
863 1.263000 0.001000 113 8.859652e-14 2.209140e-13
864 1.264000 0.001000 112 9.991272e-14 2.266083e-13
865 1.265000 0.001000 112 8.850430e-14 2.179219e-13
866 1.266000 0.001000 112 7.844026e-14 2.106488e-13
867 1.267000 0.001000 111 9.077676e-14 2.160157e-13
868 1.268000 0.001000 111 8.062345e-14 2.088351e-13
869 1.269000 0.001000 110 9.437944e-14 2.171913e-13
870 1.270000 0.001000 110 8.400412e-14 2.094695e-13
871 1.271000 0.001000 109 9.533456e-14 2.173795e-13
872 1.272000 0.001000 109 8.502775e-14 2.094273e-13
873 1.273000 0.001000 108 9.788307e-14 2.189492e-13
874 1.274000 0.001000 108 8.747695e-14 2.106111e-13
875 1.275000 0.001000 108 7.821304e-14 2.036014e-13
876 1.276000 0.001000 107 9.017136e-14 2.104895e-13
877 1.277000 0.001000 107 8.077066e-14 2.032978e-13
878 1.278000 0.001000 106 9.445164e-14 2.104094e-13
879 1.279000 0.001000 106 8.475374e-14 2.030600e-13
880 1.280000 0.001000 106 7.608401e-14 1.968871e-13
881 1.281000 0.001000 105 9.600718e-14 2.086438e-13
882 1.282000 0.001000 105 8.635311e-14 2.013845e-13
883 1.283000 0.001000 105 7.770146e-14 1.951718e-13
884 1.284000 0.001000 104 9.640174e-14 2.071353e-13
885 1.285000 0.001000 104 8.690489e-14 1.998704e-13
886 1.286000 0.001000 104 7.837410e-14 1.937159e-13
887 1.287000 0.001000 103 9.457972e-14 2.050702e-13
888 1.288000 0.001000 103 8.544543e-14 1.980526e-13
889 1.289000 0.001000 103 7.722202e-14 1.919768e-13
890 1.290000 0.001000 102 9.540413e-14 2.060805e-13
891 1.291000 0.001000 102 8.638578e-14 1.988163e-13
892 1.292000 0.001000 102 7.824772e-14 1.925625e-13
893 1.293000 0.001000 101 9.309272e-14 2.051285e-13
894 1.294000 0.001000 101 8.447243e-14 1.979074e-13
895 1.295000 0.001000 100 9.578343e-14 2.074991e-13
896 1.296000 0.001000 100 8.705066e-14 1.999386e-13
897 1.297000 0.001000 100 7.914027e-14 1.933791e-13
898 1.298000 0.001000 99 9.583567e-14 2.061536e-13
899 1.299000 0.001000 99 8.727550e-14 1.987349e-13
900 1.300000 0.001000 99 7.950523e-14 1.922280e-13
901 1.301000 0.001000 98 9.401613e-14 2.016238e-13
902 1.302000 0.001000 98 8.577420e-14 1.947062e-13
903 1.303000 0.001000 98 7.827880e-14 1.885386e-13
904 1.304000 0.001000 97 9.387477e-14 1.977811e-13
905 1.305000 0.001000 97 8.579416e-14 1.910918e-13
906 1.306000 0.001000 97 7.843230e-14 1.852369e-13
907 1.307000 0.001000 97 7.172314e-14 1.801738e-13
908 1.308000 0.001000 96 9.333858e-14 1.904276e-13
909 1.309000 0.001000 96 8.547914e-14 1.844745e-13
910 1.310000 0.001000 96 7.830350e-14 1.792470e-13
911 1.311000 0.001000 96 7.175021e-14 1.747260e-13
912 1.312000 0.001000 95 9.634600e-14 1.900912e-13
913 1.313000 0.001000 95 8.842222e-14 1.839135e-13
914 1.314000 0.001000 95 8.117176e-14 1.785800e-13
915 1.315000 0.001000 95 7.453552e-14 1.738881e-13
916 1.316000 0.001000 94 9.494215e-14 1.910328e-13
917 1.317000 0.001000 94 8.731706e-14 1.847475e-13
918 1.318000 0.001000 94 8.032474e-14 1.791835e-13
919 1.319000 0.001000 94 7.391097e-14 1.743174e-13
920 1.320000 0.001000 93 9.341926e-14 1.903286e-13
921 1.321000 0.001000 93 8.609026e-14 1.840988e-13
922 1.322000 0.001000 93 7.935546e-14 1.786003e-13
923 1.323000 0.001000 92 9.843301e-14 1.925817e-13
924 1.324000 0.001000 92 9.085606e-14 1.860871e-13
925 1.325000 0.001000 92 8.388195e-14 1.803411e-13
926 1.326000 0.001000 92 7.746110e-14 1.752262e-13
927 1.327000 0.001000 91 9.694061e-14 1.892631e-13
928 1.328000 0.001000 91 8.964106e-14 1.830456e-13
929 1.329000 0.001000 91 8.290969e-14 1.775105e-13
930 1.330000 0.001000 91 7.670080e-14 1.726370e-13
931 1.331000 0.001000 90 9.970008e-14 1.892492e-13
932 1.332000 0.001000 90 9.236057e-14 1.829158e-13
933 1.333000 0.001000 90 8.557968e-14 1.773116e-13
934 1.334000 0.001000 90 7.931345e-14 1.722800e-13
935 1.335000 0.001000 90 7.352152e-14 1.678636e-13
936 1.336000 0.001000 89 9.443632e-14 1.815198e-13
937 1.337000 0.001000 89 8.764696e-14 1.759545e-13
938 1.338000 0.001000 89 8.136227e-14 1.710092e-13
939 1.339000 0.001000 89 7.554347e-14 1.665763e-13
940 1.340000 0.001000 88 9.737056e-14 1.817804e-13
941 1.341000 0.001000 88 9.051287e-14 1.760959e-13
942 1.342000 0.001000 88 8.415459e-14 1.710780e-13
943 1.343000 0.001000 88 7.825813e-14 1.665373e-13
944 1.344000 0.001000 88 7.278880e-14 1.625013e-13
945 1.345000 0.001000 88 6.771463e-14 1.589651e-13
946 1.346000 0.001000 87 9.351543e-14 1.767147e-13
947 1.347000 0.001000 87 8.710572e-14 1.715470e-13
948 1.348000 0.001000 87 8.115026e-14 1.669745e-13
949 1.349000 0.001000 87 7.561579e-14 1.628417e-13
950 1.350000 0.001000 87 7.047153e-14 1.591687e-13
951 1.351000 0.001000 86 9.620914e-14 1.784333e-13
952 1.352000 0.001000 86 8.977430e-14 1.730993e-13
953 1.353000 0.001000 86 8.378448e-14 1.683485e-13
954 1.354000 0.001000 86 7.820787e-14 1.640673e-13
955 1.355000 0.001000 86 7.301501e-14 1.601442e-13
956 1.356000 0.001000 85 9.556249e-14 1.783357e-13
957 1.357000 0.001000 85 8.932178e-14 1.730074e-13
958 1.358000 0.001000 85 8.350252e-14 1.682051e-13
959 1.359000 0.001000 85 7.807528e-14 1.638453e-13
960 1.360000 0.001000 85 7.301277e-14 1.599242e-13
961 1.361000 0.001000 84 9.889976e-14 1.794631e-13
962 1.362000 0.001000 84 9.259752e-14 1.739963e-13
963 1.363000 0.001000 84 8.671062e-14 1.690150e-13
964 1.364000 0.001000 84 8.121077e-14 1.645106e-13
965 1.365000 0.001000 84 7.607165e-14 1.604749e-13
966 1.366000 0.001000 84 7.126880e-14 1.567966e-13
967 1.367000 0.001000 83 9.508693e-14 1.730125e-13
968 1.368000 0.001000 83 8.918039e-14 1.681055e-13
969 1.369000 0.001000 83 8.365331e-14 1.636652e-13
970 1.370000 0.001000 83 7.848047e-14 1.595916e-13
971 1.371000 0.001000 83 7.363840e-14 1.559242e-13
972 1.372000 0.001000 82 9.859960e-14 1.747377e-13
973 1.373000 0.001000 82 9.261860e-14 1.696288e-13
974 1.374000 0.001000 82 8.701288e-14 1.649630e-13
975 1.375000 0.001000 82 8.175807e-14 1.607498e-13
976 1.376000 0.001000 82 7.683146e-14 1.569134e-13
977 1.377000 0.001000 82 7.221187e-14 1.534356e-13
978 1.378000 0.001000 81 9.906410e-14 1.752329e-13
979 1.379000 0.001000 81 9.321120e-14 1.700873e-13
980 1.380000 0.001000 81 8.771601e-14 1.654024e-13
981 1.381000 0.001000 81 8.255593e-14 1.611239e-13
982 1.382000 0.001000 81 7.770982e-14 1.572711e-13
983 1.383000 0.001000 81 7.315792e-14 1.537043e-13
984 1.384000 0.001000 80 9.888924e-14 1.750891e-13
985 1.385000 0.001000 80 9.319322e-14 1.699738e-13
986 1.386000 0.001000 80 8.783663e-14 1.653336e-13
987 1.387000 0.001000 80 8.279854e-14 1.610401e-13
988 1.388000 0.001000 80 7.805936e-14 1.572064e-13
989 1.389000 0.001000 80 7.360077e-14 1.536378e-13
990 1.390000 0.001000 79 9.835650e-14 1.737961e-13
991 1.391000 0.001000 79 9.282846e-14 1.688669e-13
992 1.392000 0.001000 79 8.762187e-14 1.643709e-13
993 1.393000 0.001000 79 8.271741e-14 1.602322e-13
994 1.394000 0.001000 79 7.809694e-14 1.564346e-13
995 1.395000 0.001000 79 7.374346e-14 1.529450e-13
996 1.396000 0.001000 79 6.964100e-14 1.497882e-13
997 1.397000 0.001000 78 9.840213e-14 1.703185e-13
998 1.398000 0.001000 78 9.301929e-14 1.657256e-13
999 1.399000 0.001000 78 8.794110e-14 1.614859e-13
1000 1.400000 0.001000 78 8.314971e-14 1.575979e-13
