# Generalizd shifted MINRES method
# A = /home/stern/multi/data/PPE3594_A.csr
# B = /home/stern/multi/data/PPE3594_B.csr
# inner=1.000000e-13, outet=1.000000e-13
# status=-5021, time=120
# converged 1001 / 1001
0 0.400000 0.010000 1415 9.771259e-14 1.523900e-13
1 0.401000 0.010000 1416 9.980532e-14 1.556854e-13
2 0.402000 0.010000 1419 9.659894e-14 1.511172e-13
3 0.403000 0.010000 1420 9.993627e-14 1.555918e-13
4 0.404000 0.010000 1425 9.930491e-14 1.565221e-13
5 0.405000 0.010000 1430 9.975763e-14 1.577264e-13
6 0.406000 0.010000 1435 9.894700e-14 1.573992e-13
7 0.407000 0.010000 1442 9.977053e-14 1.559427e-13
8 0.408000 0.010000 1448 9.787803e-14 1.576805e-13
9 0.409000 0.010000 1455 9.989394e-14 1.586203e-13
10 0.410000 0.010000 1464 9.953190e-14 1.600435e-13
11 0.411000 0.010000 1475 9.789570e-14 1.581451e-13
12 0.412000 0.010000 1485 9.820201e-14 1.595480e-13
13 0.413000 0.010000 1498 9.892273e-14 1.611902e-13
14 0.414000 0.010000 1509 9.981944e-14 1.649025e-13
15 0.415000 0.010000 1527 9.765031e-14 1.633564e-13
16 0.416000 0.010000 1541 9.951888e-14 1.666125e-13
17 0.417000 0.010000 1559 9.761062e-14 1.665887e-13
18 0.418000 0.010000 1577 9.836687e-14 1.703469e-13
19 0.419000 0.010000 1596 9.912089e-14 1.711326e-13
20 0.420000 0.010000 1620 9.821179e-14 1.714573e-13
21 0.421000 0.010000 1645 9.999075e-14 1.750592e-13
22 0.422000 0.010000 1675 9.932979e-14 1.732236e-13
23 0.423000 0.010000 1704 9.879582e-14 1.759516e-13
24 0.424000 0.010000 1730 9.942768e-14 1.786632e-13
25 0.425000 0.010000 1764 9.677302e-14 1.792566e-13
26 0.426000 0.010000 1801 9.774659e-14 1.801879e-13
27 0.427000 0.010000 1842 9.890918e-14 1.825369e-13
28 0.428000 0.010000 1885 9.873721e-14 1.853332e-13
29 0.429000 0.010000 1926 9.952807e-14 1.865196e-13
30 0.430000 0.010000 1978 9.739832e-14 1.881174e-13
31 0.431000 0.010000 2032 9.964648e-14 1.925171e-13
32 0.432000 0.010000 2089 9.970717e-14 1.925935e-13
33 0.433000 0.010000 2168 9.790157e-14 1.937404e-13
34 0.434000 0.010000 2240 9.974172e-14 1.996952e-13
35 0.435000 0.010000 2304 9.966654e-14 2.031524e-13
36 0.436000 0.010000 2372 9.972023e-14 2.071406e-13
37 0.437000 0.010000 2452 9.850603e-14 2.081525e-13
38 0.438000 0.010000 2509 9.812080e-14 2.130746e-13
39 0.439000 0.010000 2584 9.835093e-14 2.128349e-13
40 0.440000 0.010000 2668 9.990969e-14 2.160166e-13
41 0.441000 0.010000 2770 9.954893e-14 2.216382e-13
42 0.442000 0.010000 2842 9.865524e-14 2.270478e-13
43 0.443000 0.010000 2906 9.883757e-14 2.277707e-13
44 0.444000 0.010000 2997 9.836237e-14 2.261090e-13
45 0.445000 0.010000 3086 9.990959e-14 2.333200e-13
46 0.446000 0.010000 3174 9.938194e-14 2.420430e-13
47 0.447000 0.010000 3235 9.921122e-14 2.388446e-13
48 0.448000 0.010000 3310 9.763212e-14 2.463096e-13
49 0.449000 0.010000 3374 9.891944e-14 2.507002e-13
50 0.450000 0.010000 3436 9.848661e-14 2.464289e-13
51 0.451000 0.010000 3500 9.965449e-14 2.618895e-13
52 0.452000 0.010000 3575 9.987582e-14 2.607367e-13
53 0.453000 0.010000 3632 9.959888e-14 2.600765e-13
54 0.454000 0.010000 3690 9.982815e-14 2.706792e-13
55 0.455000 0.010000 3745 9.966548e-14 2.750594e-13
56 0.456000 0.010000 3778 9.923675e-14 2.700271e-13
57 0.457000 0.010000 3817 9.975788e-14 2.848187e-13
58 0.458000 0.010000 3876 9.929507e-14 2.875708e-13
59 0.459000 0.010000 3914 9.982109e-14 2.843079e-13
60 0.460000 0.010000 3947 9.928051e-14 3.012223e-13
61 0.461000 0.010000 3992 9.982337e-14 3.000342e-13
62 0.462000 0.010000 4035 9.995282e-14 3.076040e-13
63 0.463000 0.010000 4076 9.892673e-14 3.134201e-13
64 0.464000 0.010000 4115 9.964583e-14 3.202570e-13
65 0.465000 0.010000 4155 9.915708e-14 3.288642e-13
66 0.466000 0.010000 4196 9.997979e-14 3.356343e-13
67 0.467000 0.010000 4240 9.981584e-14 3.468048e-13
68 0.468000 0.010000 4277 9.938193e-14 3.496708e-13
69 0.469000 0.010000 4315 9.979506e-14 3.631480e-13
70 0.470000 0.010000 4347 9.967931e-14 3.754759e-13
71 0.471000 0.010000 4381 9.977345e-14 3.807362e-13
72 0.472000 0.010000 4415 9.968585e-14 3.930764e-13
73 0.473000 0.010000 4444 9.984094e-14 4.059436e-13
74 0.474000 0.010000 4474 9.990660e-14 4.139574e-13
75 0.475000 0.010000 4499 9.921357e-14 4.297612e-13
76 0.476000 0.010000 4522 9.889973e-14 4.417808e-13
77 0.477000 0.010000 4546 9.989851e-14 4.518169e-13
78 0.478000 0.010000 4572 9.966908e-14 4.726793e-13
79 0.479000 0.010000 4600 9.961816e-14 4.784655e-13
80 0.480000 0.010000 4622 9.984779e-14 5.000678e-13
81 0.481000 0.010000 4642 9.951842e-14 5.146132e-13
82 0.482000 0.010000 4664 9.976039e-14 5.270686e-13
83 0.483000 0.010000 4686 9.937554e-14 5.524020e-13
84 0.484000 0.010000 4704 9.936271e-14 5.593902e-13
85 0.485000 0.010000 4720 9.984318e-14 5.887460e-13
86 0.486000 0.010000 4738 9.985607e-14 5.977676e-13
87 0.487000 0.010000 4758 9.938849e-14 6.241325e-13
88 0.488000 0.010000 4777 9.971708e-14 6.430716e-13
89 0.489000 0.010000 4795 9.928212e-14 6.628674e-13
90 0.490000 0.010000 4811 9.976458e-14 6.876919e-13
91 0.491000 0.010000 4828 9.947123e-14 7.069413e-13
92 0.492000 0.010000 4843 9.945938e-14 7.341482e-13
93 0.493000 0.010000 4861 9.961247e-14 7.567573e-13
94 0.494000 0.010000 4878 9.976102e-14 7.812310e-13
95 0.495000 0.010000 4893 9.992222e-14 8.079439e-13
96 0.496000 0.010000 4908 9.946918e-14 8.290475e-13
97 0.497000 0.010000 4921 9.962174e-14 8.563049e-13
98 0.498000 0.010000 4932 9.948408e-14 8.763312e-13
99 0.499000 0.010000 4943 9.975960e-14 8.976360e-13
100 0.500000 0.010000 4954 9.968474e-14 9.146435e-13
101 0.501000 0.010000 4963 9.978674e-14 9.290504e-13
102 0.502000 0.010000 4970 9.969174e-14 9.393250e-13
103 0.503000 0.010000 4978 9.943105e-14 9.457122e-13
104 0.504000 0.010000 4983 9.944792e-14 9.481009e-13
105 0.505000 0.010000 4988 9.938275e-14 9.468304e-13
106 0.506000 0.010000 4992 9.964921e-14 9.413140e-13
107 0.507000 0.010000 4995 9.984785e-14 9.328182e-13
108 0.508000 0.010000 4997 9.947649e-14 9.219259e-13
109 0.509000 0.010000 4998 9.998116e-14 9.090658e-13
110 0.510000 0.010000 5000 9.983981e-14 8.937511e-13
111 0.511000 0.010000 5001 9.964566e-14 8.801716e-13
112 0.512000 0.010000 5002 9.924053e-14 8.638374e-13
113 0.513000 0.010000 5002 9.956366e-14 8.507182e-13
114 0.514000 0.010000 5002 9.986298e-14 8.365073e-13
115 0.515000 0.010000 5003 9.969785e-14 8.221294e-13
116 0.516000 0.010000 5004 9.969497e-14 8.124004e-13
117 0.517000 0.010000 5005 9.945747e-14 7.982519e-13
118 0.518000 0.010000 5005 9.977898e-14 7.906141e-13
119 0.519000 0.010000 5006 9.953110e-14 7.799463e-13
120 0.520000 0.010000 5006 9.983056e-14 7.720267e-13
121 0.521000 0.010000 5007 9.955283e-14 7.656356e-13
122 0.522000 0.010000 5007 9.978571e-14 7.571055e-13
123 0.523000 0.010000 5007 9.996960e-14 7.543779e-13
124 0.524000 0.010000 5008 9.961609e-14 7.468679e-13
125 0.525000 0.010000 5008 9.968360e-14 7.453919e-13
126 0.526000 0.010000 5008 9.969556e-14 7.412291e-13
127 0.527000 0.010000 5008 9.966106e-14 7.392404e-13
128 0.528000 0.010000 5008 9.959376e-14 7.388825e-13
129 0.529000 0.010000 5007 9.999651e-14 7.376927e-13
130 0.530000 0.010000 5007 9.991336e-14 7.391274e-13
131 0.531000 0.010000 5007 9.984351e-14 7.401982e-13
132 0.532000 0.010000 5007 9.979357e-14 7.427670e-13
133 0.533000 0.010000 5007 9.976032e-14 7.453724e-13
134 0.534000 0.010000 5007 9.972974e-14 7.499388e-13
135 0.535000 0.010000 5007 9.967936e-14 7.515792e-13
136 0.536000 0.010000 5007 9.958363e-14 7.587895e-13
137 0.537000 0.010000 5006 9.996869e-14 7.600638e-13
138 0.538000 0.010000 5006 9.972755e-14 7.659437e-13
139 0.539000 0.010000 5005 9.998525e-14 7.708350e-13
140 0.540000 0.010000 5005 9.960832e-14 7.721289e-13
141 0.541000 0.010000 5004 9.978198e-14 7.821920e-13
142 0.542000 0.010000 5003 9.967440e-14 7.819257e-13
143 0.543000 0.010000 5002 9.971132e-14 7.936851e-13
144 0.544000 0.010000 5002 9.935561e-14 7.985152e-13
145 0.545000 0.010000 5001 9.981517e-14 8.067595e-13
146 0.546000 0.010000 5001 9.960195e-14 8.208915e-13
147 0.547000 0.010000 5001 9.946862e-14 8.264482e-13
148 0.548000 0.010000 5001 9.941914e-14 8.467514e-13
149 0.549000 0.010000 5001 9.945634e-14 8.549705e-13
150 0.550000 0.010000 5001 9.958116e-14 8.761495e-13
151 0.551000 0.010000 5001 9.979142e-14 8.925014e-13
152 0.552000 0.010000 5002 9.931521e-14 9.122901e-13
153 0.553000 0.010000 5002 9.968291e-14 9.376358e-13
154 0.554000 0.010000 5003 9.963348e-14 9.569716e-13
155 0.555000 0.010000 5004 9.979781e-14 9.908557e-13
156 0.556000 0.010000 5005 9.987565e-14 1.013658e-12
157 0.557000 0.010000 5007 9.946990e-14 1.052504e-12
158 0.558000 0.010000 5008 9.970127e-14 1.083284e-12
159 0.559000 0.010000 5009 9.998802e-14 1.124676e-12
160 0.560000 0.010000 5011 9.966956e-14 1.167059e-12
161 0.561000 0.010000 5013 9.988622e-14 1.208217e-12
162 0.562000 0.010000 5015 9.974892e-14 1.260866e-12
163 0.563000 0.010000 5016 9.999477e-14 1.303271e-12
164 0.564000 0.010000 5018 9.990718e-14 1.360152e-12
165 0.565000 0.010000 5020 9.958500e-14 1.403933e-12
166 0.566000 0.010000 5021 9.959650e-14 1.457255e-12
167 0.567000 0.010000 5021 9.961007e-14 1.500562e-12
168 0.568000 0.010000 5020 9.952042e-14 1.540110e-12
169 0.569000 0.010000 5017 9.989257e-14 1.581152e-12
170 0.570000 0.010000 5015 9.936653e-14 1.599864e-12
171 0.571000 0.010000 5010 9.937478e-14 1.627308e-12
172 0.572000 0.010000 5003 9.964820e-14 1.623081e-12
173 0.573000 0.010000 4994 9.982672e-14 1.629294e-12
174 0.574000 0.010000 4984 9.978971e-14 1.610615e-12
175 0.575000 0.010000 4974 9.962242e-14 1.585888e-12
176 0.576000 0.010000 4961 9.949757e-14 1.564161e-12
177 0.577000 0.010000 4946 9.960765e-14 1.515005e-12
178 0.578000 0.010000 4931 9.994053e-14 1.484741e-12
179 0.579000 0.010000 4914 9.967002e-14 1.430431e-12
180 0.580000 0.010000 4897 9.983506e-14 1.389076e-12
181 0.581000 0.010000 4878 9.996340e-14 1.340946e-12
182 0.582000 0.010000 4860 9.943352e-14 1.289930e-12
183 0.583000 0.010000 4840 9.992779e-14 1.247473e-12
184 0.584000 0.010000 4822 9.957783e-14 1.197546e-12
185 0.585000 0.010000 4804 9.969735e-14 1.153654e-12
186 0.586000 0.010000 4787 9.991761e-14 1.117679e-12
187 0.587000 0.010000 4773 9.943702e-14 1.072394e-12
188 0.588000 0.010000 4758 9.964563e-14 1.043973e-12
189 0.589000 0.010000 4748 9.980920e-14 1.005864e-12
190 0.590000 0.010000 4737 9.960284e-14 9.790649e-13
191 0.591000 0.010000 4730 9.982174e-14 9.549401e-13
192 0.592000 0.010000 4723 9.989927e-14 9.273903e-13
193 0.593000 0.010000 4718 9.984489e-14 9.103764e-13
194 0.594000 0.010000 4716 9.971110e-14 8.927130e-13
195 0.595000 0.010000 4713 9.941437e-14 8.751690e-13
196 0.596000 0.010000 4712 9.930823e-14 8.680777e-13
197 0.597000 0.010000 4711 9.981227e-14 8.537971e-13
198 0.598000 0.010000 4711 9.970413e-14 8.500297e-13
199 0.599000 0.010000 4711 9.980387e-14 8.441235e-13
200 0.600000 0.010000 4711 9.995812e-14 8.380799e-13
201 0.601000 0.010000 4712 9.907124e-14 8.400625e-13
202 0.602000 0.010000 4711 9.975525e-14 8.330294e-13
203 0.603000 0.010000 4709 9.983320e-14 8.355583e-13
204 0.604000 0.010000 4707 9.991673e-14 8.301559e-13
205 0.605000 0.010000 4704 9.935724e-14 8.254483e-13
206 0.606000 0.010000 4699 9.940048e-14 8.228870e-13
207 0.607000 0.010000 4692 9.967547e-14 8.099244e-13
208 0.608000 0.010000 4685 9.942100e-14 8.054848e-13
209 0.609000 0.010000 4675 9.974874e-14 7.883748e-13
210 0.610000 0.010000 4665 9.971005e-14 7.788680e-13
211 0.611000 0.010000 4656 9.980930e-14 7.650829e-13
212 0.612000 0.010000 4648 9.969563e-14 7.501282e-13
213 0.613000 0.010000 4638 9.967317e-14 7.415424e-13
214 0.614000 0.010000 4628 9.987794e-14 7.280563e-13
215 0.615000 0.010000 4620 9.930802e-14 7.220323e-13
216 0.616000 0.010000 4611 9.935078e-14 7.169742e-13
217 0.617000 0.010000 4603 9.991342e-14 7.114937e-13
218 0.618000 0.010000 4597 9.954537e-14 7.133287e-13
219 0.619000 0.010000 4590 9.957584e-14 7.134330e-13
220 0.620000 0.010000 4583 9.963331e-14 7.175537e-13
221 0.621000 0.010000 4577 9.942630e-14 7.247228e-13
222 0.622000 0.010000 4571 9.961852e-14 7.290146e-13
223 0.623000 0.010000 4565 9.969291e-14 7.384730e-13
224 0.624000 0.010000 4558 9.989300e-14 7.437965e-13
225 0.625000 0.010000 4552 9.985670e-14 7.480241e-13
226 0.626000 0.010000 4547 9.961123e-14 7.533905e-13
227 0.627000 0.010000 4537 9.975648e-14 7.476769e-13
228 0.628000 0.010000 4526 9.947557e-14 7.486028e-13
229 0.629000 0.010000 4514 9.946189e-14 7.341479e-13
230 0.630000 0.010000 4499 9.995498e-14 7.237931e-13
231 0.631000 0.010000 4485 9.918574e-14 7.071504e-13
232 0.632000 0.010000 4468 9.959677e-14 6.850091e-13
233 0.633000 0.010000 4453 9.952884e-14 6.646092e-13
234 0.634000 0.010000 4434 9.961749e-14 6.426704e-13
235 0.635000 0.010000 4418 9.957376e-14 6.176707e-13
236 0.636000 0.010000 4398 9.957988e-14 5.958211e-13
237 0.637000 0.010000 4377 9.986296e-14 5.728494e-13
238 0.638000 0.010000 4360 9.940017e-14 5.508323e-13
239 0.639000 0.010000 4345 9.960790e-14 5.327942e-13
240 0.640000 0.010000 4323 9.979515e-14 5.137980e-13
241 0.641000 0.010000 4301 9.992808e-14 4.938726e-13
242 0.642000 0.010000 4284 9.986806e-14 4.808766e-13
243 0.643000 0.010000 4262 9.981798e-14 4.663820e-13
244 0.644000 0.010000 4240 9.986950e-14 4.492528e-13
245 0.645000 0.010000 4219 9.992362e-14 4.399251e-13
246 0.646000 0.010000 4193 9.979309e-14 4.272366e-13
247 0.647000 0.010000 4173 9.932784e-14 4.156290e-13
248 0.648000 0.010000 4146 9.901979e-14 4.051197e-13
249 0.649000 0.010000 4121 9.949056e-14 3.964333e-13
250 0.650000 0.010000 4092 9.964373e-14 3.890776e-13
251 0.651000 0.010000 4061 9.974275e-14 3.780093e-13
252 0.652000 0.010000 4029 9.970204e-14 3.746647e-13
253 0.653000 0.010000 3995 9.957402e-14 3.634629e-13
254 0.654000 0.010000 3956 9.986565e-14 3.596192e-13
255 0.655000 0.010000 3916 9.990651e-14 3.527561e-13
256 0.656000 0.010000 3871 9.945609e-14 3.428442e-13
257 0.657000 0.010000 3825 9.977808e-14 3.407845e-13
258 0.658000 0.010000 3776 9.989249e-14 3.359834e-13
259 0.659000 0.010000 3722 9.972988e-14 3.282363e-13
260 0.660000 0.010000 3667 9.922347e-14 3.226449e-13
261 0.661000 0.010000 3607 9.908123e-14 3.206452e-13
262 0.662000 0.010000 3546 9.906294e-14 3.164469e-13
263 0.663000 0.010000 3482 9.995990e-14 3.114134e-13
264 0.664000 0.010000 3422 9.931372e-14 3.065427e-13
265 0.665000 0.010000 3357 9.987116e-14 3.056806e-13
266 0.666000 0.010000 3295 9.977851e-14 3.022380e-13
267 0.667000 0.010000 3244 9.802771e-14 2.966832e-13
268 0.668000 0.010000 3190 9.951157e-14 2.944459e-13
269 0.669000 0.010000 3146 9.914513e-14 2.912750e-13
270 0.670000 0.010000 3106 9.812623e-14 2.873340e-13
271 0.671000 0.010000 3075 9.956246e-14 2.842818e-13
272 0.672000 0.010000 3048 9.970445e-14 2.818556e-13
273 0.673000 0.010000 3032 9.969420e-14 2.798999e-13
274 0.674000 0.010000 3017 9.830444e-14 2.766255e-13
275 0.675000 0.010000 3012 9.945102e-14 2.761176e-13
276 0.676000 0.010000 3012 9.989656e-14 2.743445e-13
277 0.677000 0.010000 3017 9.964149e-14 2.722694e-13
278 0.678000 0.010000 3034 9.870628e-14 2.686094e-13
279 0.679000 0.010000 3052 9.862694e-14 2.678754e-13
280 0.680000 0.010000 3076 9.951866e-14 2.653148e-13
281 0.681000 0.010000 3106 9.912385e-14 2.645127e-13
282 0.682000 0.010000 3142 9.896743e-14 2.629916e-13
283 0.683000 0.010000 3181 9.984047e-14 2.619900e-13
284 0.684000 0.010000 3225 9.997474e-14 2.607303e-13
285 0.685000 0.010000 3269 9.979387e-14 2.591118e-13
286 0.686000 0.010000 3320 9.981723e-14 2.585886e-13
287 0.687000 0.010000 3369 9.970893e-14 2.537767e-13
288 0.688000 0.010000 3422 9.912476e-14 2.549361e-13
289 0.689000 0.010000 3469 9.973306e-14 2.541191e-13
290 0.690000 0.010000 3514 9.958785e-14 2.516969e-13
291 0.691000 0.010000 3551 9.999689e-14 2.499156e-13
292 0.692000 0.010000 3586 9.900481e-14 2.498167e-13
293 0.693000 0.010000 3621 9.949097e-14 2.479358e-13
294 0.694000 0.010000 3653 9.958543e-14 2.501370e-13
295 0.695000 0.010000 3682 9.971736e-14 2.464790e-13
296 0.696000 0.010000 3706 9.993791e-14 2.454193e-13
297 0.697000 0.010000 3728 9.972697e-14 2.459822e-13
298 0.698000 0.010000 3746 9.871890e-14 2.446061e-13
299 0.699000 0.010000 3763 9.984795e-14 2.425671e-13
300 0.700000 0.010000 3776 9.977476e-14 2.433902e-13
301 0.701000 0.010000 3789 9.949986e-14 2.427203e-13
302 0.702000 0.010000 3800 9.979072e-14 2.416360e-13
303 0.703000 0.010000 3810 9.994570e-14 2.400584e-13
304 0.704000 0.010000 3818 9.979292e-14 2.413823e-13
305 0.705000 0.010000 3823 9.984521e-14 2.388740e-13
306 0.706000 0.010000 3829 9.873251e-14 2.378213e-13
307 0.707000 0.010000 3831 9.821480e-14 2.384589e-13
308 0.708000 0.010000 3833 9.996482e-14 2.376867e-13
309 0.709000 0.010000 3836 9.938391e-14 2.385394e-13
310 0.710000 0.010000 3837 9.981346e-14 2.376552e-13
311 0.711000 0.010000 3838 9.951810e-14 2.369436e-13
312 0.712000 0.010000 3838 9.985484e-14 2.388525e-13
313 0.713000 0.010000 3838 9.962835e-14 2.364450e-13
314 0.714000 0.010000 3838 9.883016e-14 2.380832e-13
315 0.715000 0.010000 3836 9.994573e-14 2.380555e-13
316 0.716000 0.010000 3835 9.911719e-14 2.373007e-13
317 0.717000 0.010000 3831 9.907943e-14 2.388650e-13
318 0.718000 0.010000 3830 9.813016e-14 2.363931e-13
319 0.719000 0.010000 3825 9.922716e-14 2.401420e-13
320 0.720000 0.010000 3822 9.929413e-14 2.378182e-13
321 0.721000 0.010000 3816 9.904210e-14 2.406818e-13
322 0.722000 0.010000 3809 9.940394e-14 2.397737e-13
323 0.723000 0.010000 3802 9.977842e-14 2.417709e-13
324 0.724000 0.010000 3795 9.987758e-14 2.441859e-13
325 0.725000 0.010000 3788 9.961327e-14 2.393271e-13
326 0.726000 0.010000 3782 9.959595e-14 2.479810e-13
327 0.727000 0.010000 3776 9.977890e-14 2.416911e-13
328 0.728000 0.010000 3774 9.825120e-14 2.467522e-13
329 0.729000 0.010000 3768 9.892625e-14 2.480216e-13
330 0.730000 0.010000 3760 9.984696e-14 2.454498e-13
331 0.731000 0.010000 3752 9.997017e-14 2.576261e-13
332 0.732000 0.010000 3746 9.871001e-14 2.471055e-13
333 0.733000 0.010000 3738 9.995907e-14 2.592452e-13
334 0.734000 0.010000 3729 9.996101e-14 2.602197e-13
335 0.735000 0.010000 3720 9.970081e-14 2.566805e-13
336 0.736000 0.010000 3709 9.974862e-14 2.703010e-13
337 0.737000 0.010000 3701 9.892392e-14 2.627704e-13
338 0.738000 0.010000 3694 9.880641e-14 2.716768e-13
339 0.739000 0.010000 3686 9.901783e-14 2.775257e-13
340 0.740000 0.010000 3674 9.928439e-14 2.735803e-13
341 0.741000 0.010000 3663 9.985768e-14 2.905598e-13
342 0.742000 0.010000 3654 9.818742e-14 2.851626e-13
343 0.743000 0.010000 3639 9.903500e-14 2.922356e-13
344 0.744000 0.010000 3620 9.989516e-14 3.092647e-13
345 0.745000 0.010000 3601 9.943950e-14 3.016639e-13
346 0.746000 0.010000 3586 9.926330e-14 3.188856e-13
347 0.747000 0.010000 3577 9.985321e-14 3.241908e-13
348 0.748000 0.010000 3558 9.966735e-14 3.287879e-13
349 0.749000 0.010000 3538 9.991930e-14 3.445423e-13
350 0.750000 0.010000 3515 9.981683e-14 3.501268e-13
351 0.751000 0.010000 3490 9.917168e-14 3.575546e-13
352 0.752000 0.010000 3459 9.915474e-14 3.691032e-13
353 0.753000 0.010000 3435 9.941582e-14 3.776420e-13
354 0.754000 0.010000 3405 9.935769e-14 3.815318e-13
355 0.755000 0.010000 3373 9.980291e-14 3.908822e-13
356 0.756000 0.010000 3346 9.862372e-14 3.956898e-13
357 0.757000 0.010000 3314 9.949268e-14 3.996850e-13
358 0.758000 0.010000 3290 9.962160e-14 4.015989e-13
359 0.759000 0.010000 3259 9.898493e-14 4.011345e-13
360 0.760000 0.010000 3245 9.948718e-14 4.042580e-13
361 0.761000 0.010000 3225 9.932322e-14 4.054165e-13
362 0.762000 0.010000 3215 9.953191e-14 4.035570e-13
363 0.763000 0.010000 3209 9.889721e-14 4.066786e-13
364 0.764000 0.010000 3205 9.915479e-14 4.086770e-13
365 0.765000 0.010000 3206 9.995581e-14 4.088181e-13
366 0.766000 0.010000 3211 9.810341e-14 4.117302e-13
367 0.767000 0.010000 3217 9.940272e-14 4.167371e-13
368 0.768000 0.010000 3227 9.954712e-14 4.180430e-13
369 0.769000 0.010000 3246 9.893164e-14 4.119280e-13
370 0.770000 0.010000 3258 9.864095e-14 4.168509e-13
371 0.771000 0.010000 3271 9.970479e-14 4.153259e-13
372 0.772000 0.010000 3292 9.835886e-14 4.039818e-13
373 0.773000 0.010000 3305 9.879653e-14 3.992826e-13
374 0.774000 0.010000 3317 9.957247e-14 3.964862e-13
375 0.775000 0.010000 3327 9.878230e-14 3.764289e-13
376 0.776000 0.010000 3337 9.993834e-14 3.736898e-13
377 0.777000 0.010000 3347 9.953377e-14 3.625612e-13
378 0.778000 0.010000 3353 9.894438e-14 3.453687e-13
379 0.779000 0.010000 3358 9.900311e-14 3.403084e-13
380 0.780000 0.010000 3360 9.859282e-14 3.278254e-13
381 0.781000 0.010000 3361 9.861154e-14 3.155136e-13
382 0.782000 0.010000 3361 9.949284e-14 3.130017e-13
383 0.783000 0.010000 3361 9.964118e-14 2.988808e-13
384 0.784000 0.010000 3361 9.919203e-14 2.929730e-13
385 0.785000 0.010000 3360 9.989351e-14 2.887057e-13
386 0.786000 0.010000 3359 9.992428e-14 2.766686e-13
387 0.787000 0.010000 3358 9.949767e-14 2.751105e-13
388 0.788000 0.010000 3354 9.970680e-14 2.694633e-13
389 0.789000 0.010000 3352 9.967793e-14 2.601628e-13
390 0.790000 0.010000 3349 9.983480e-14 2.626514e-13
391 0.791000 0.010000 3344 9.998292e-14 2.525625e-13
392 0.792000 0.010000 3341 9.981551e-14 2.510487e-13
393 0.793000 0.010000 3336 9.905312e-14 2.494397e-13
394 0.794000 0.010000 3333 9.892616e-14 2.394722e-13
395 0.795000 0.010000 3328 9.903631e-14 2.441901e-13
396 0.796000 0.010000 3322 9.992841e-14 2.380528e-13
397 0.797000 0.010000 3318 9.967072e-14 2.351739e-13
398 0.798000 0.010000 3311 9.996682e-14 2.378273e-13
399 0.799000 0.010000 3304 9.997601e-14 2.285437e-13
400 0.800000 0.010000 3298 9.948995e-14 2.325339e-13
401 0.801000 0.010000 3290 9.998826e-14 2.277657e-13
402 0.802000 0.010000 3281 9.990183e-14 2.261297e-13
403 0.803000 0.010000 3273 9.990568e-14 2.265733e-13
404 0.804000 0.010000 3267 9.866165e-14 2.203824e-13
405 0.805000 0.010000 3260 9.832238e-14 2.228417e-13
406 0.806000 0.010000 3253 9.863329e-14 2.188494e-13
407 0.807000 0.010000 3244 9.985966e-14 2.193111e-13
408 0.808000 0.010000 3234 9.925972e-14 2.196688e-13
409 0.809000 0.010000 3226 9.884772e-14 2.136892e-13
410 0.810000 0.010000 3218 9.990473e-14 2.161585e-13
411 0.811000 0.010000 3210 9.927845e-14 2.127685e-13
412 0.812000 0.010000 3197 9.918641e-14 2.135332e-13
413 0.813000 0.010000 3186 9.787028e-14 2.100757e-13
414 0.814000 0.010000 3178 9.675764e-14 2.069468e-13
415 0.815000 0.010000 3169 9.891005e-14 2.074596e-13
416 0.816000 0.010000 3156 9.949667e-14 2.085519e-13
417 0.817000 0.010000 3146 9.931154e-14 2.062454e-13
418 0.818000 0.010000 3137 9.750623e-14 2.018082e-13
419 0.819000 0.010000 3123 9.919729e-14 2.054555e-13
420 0.820000 0.010000 3104 9.943445e-14 2.017232e-13
421 0.821000 0.010000 3087 9.939015e-14 2.002436e-13
422 0.822000 0.010000 3067 9.905055e-14 2.028342e-13
423 0.823000 0.010000 3048 9.884274e-14 1.970655e-13
424 0.824000 0.010000 3025 9.934776e-14 2.008036e-13
425 0.825000 0.010000 3008 9.854518e-14 1.980123e-13
426 0.826000 0.010000 2995 9.995724e-14 1.971469e-13
427 0.827000 0.010000 2978 9.965699e-14 1.989067e-13
428 0.828000 0.010000 2961 9.743842e-14 1.934087e-13
429 0.829000 0.010000 2949 9.979749e-14 1.951666e-13
430 0.830000 0.010000 2935 9.891033e-14 1.943008e-13
431 0.831000 0.010000 2913 9.963291e-14 1.956989e-13
432 0.832000 0.010000 2898 9.723268e-14 1.911804e-13
433 0.833000 0.010000 2888 9.674931e-14 1.913211e-13
434 0.834000 0.010000 2873 9.934758e-14 1.921976e-13
435 0.835000 0.010000 2846 9.964264e-14 1.941424e-13
436 0.836000 0.010000 2820 9.944625e-14 1.919311e-13
437 0.837000 0.010000 2801 9.976977e-14 1.932752e-13
438 0.838000 0.010000 2771 9.982188e-14 1.920823e-13
439 0.839000 0.010000 2752 9.847917e-14 1.887787e-13
440 0.840000 0.010000 2733 9.879993e-14 1.904644e-13
441 0.841000 0.010000 2712 9.857557e-14 1.881482e-13
442 0.842000 0.010000 2694 9.845952e-14 1.870045e-13
443 0.843000 0.010000 2674 9.947786e-14 1.880659e-13
444 0.844000 0.010000 2647 9.768059e-14 1.867452e-13
445 0.845000 0.010000 2621 9.986122e-14 1.883562e-13
446 0.846000 0.010000 2590 9.991036e-14 1.884411e-13
447 0.847000 0.010000 2556 9.830166e-14 1.840799e-13
448 0.848000 0.010000 2530 9.863187e-14 1.880374e-13
449 0.849000 0.010000 2499 9.984952e-14 1.871801e-13
450 0.850000 0.010000 2461 9.888120e-14 1.844068e-13
451 0.851000 0.010000 2428 9.893048e-14 1.865245e-13
452 0.852000 0.010000 2386 9.995389e-14 1.856358e-13
453 0.853000 0.010000 2351 9.951162e-14 1.832357e-13
454 0.854000 0.010000 2309 9.987251e-14 1.850922e-13
455 0.855000 0.010000 2261 9.910465e-14 1.844318e-13
456 0.856000 0.010000 2212 9.936397e-14 1.852652e-13
457 0.857000 0.010000 2149 9.911156e-14 1.843221e-13
458 0.858000 0.010000 2085 9.874430e-14 1.832514e-13
459 0.859000 0.010000 2028 9.978053e-14 1.840049e-13
460 0.860000 0.010000 1990 9.683967e-14 1.781652e-13
461 0.861000 0.010000 1944 9.906307e-14 1.824976e-13
462 0.862000 0.010000 1892 9.835004e-14 1.803657e-13
463 0.863000 0.010000 1843 9.774842e-14 1.789993e-13
464 0.864000 0.010000 1793 9.886429e-14 1.802697e-13
465 0.865000 0.010000 1744 9.866172e-14 1.803815e-13
466 0.866000 0.010000 1685 9.774303e-14 1.788175e-13
467 0.867000 0.010000 1635 9.729683e-14 1.773330e-13
468 0.868000 0.010000 1583 9.758120e-14 1.776061e-13
469 0.869000 0.010000 1535 9.819245e-14 1.774648e-13
470 0.870000 0.010000 1491 9.896455e-14 1.783905e-13
471 0.871000 0.010000 1445 9.957470e-14 1.781924e-13
472 0.872000 0.010000 1403 9.838298e-14 1.783097e-13
473 0.873000 0.010000 1360 9.923524e-14 1.767191e-13
474 0.874000 0.010000 1320 9.999395e-14 1.785153e-13
475 0.875000 0.010000 1285 9.616974e-14 1.729736e-13
476 0.876000 0.010000 1252 9.638504e-14 1.727365e-13
477 0.877000 0.010000 1219 9.798835e-14 1.729023e-13
478 0.878000 0.010000 1192 9.868481e-14 1.768383e-13
479 0.879000 0.010000 1161 9.965855e-14 1.764194e-13
480 0.880000 0.010000 1136 9.687910e-14 1.733835e-13
481 0.881000 0.010000 1111 9.713963e-14 1.730365e-13
482 0.882000 0.010000 1088 9.815019e-14 1.756332e-13
483 0.883000 0.010000 1070 9.871953e-14 1.758155e-13
484 0.884000 0.010000 1052 9.606853e-14 1.704586e-13
485 0.885000 0.010000 1034 9.816851e-14 1.739522e-13
486 0.886000 0.010000 1014 9.971569e-14 1.780818e-13
487 0.887000 0.010000 1002 9.672159e-14 1.718575e-13
488 0.888000 0.010000 988 9.990562e-14 1.771387e-13
489 0.889000 0.010000 979 9.630913e-14 1.710325e-13
490 0.890000 0.010000 968 9.984009e-14 1.746341e-13
491 0.891000 0.010000 959 9.765278e-14 1.727470e-13
492 0.892000 0.010000 948 9.982723e-14 1.772473e-13
493 0.893000 0.010000 939 9.922805e-14 1.773633e-13
494 0.894000 0.010000 934 9.964929e-14 1.756996e-13
495 0.895000 0.010000 926 9.985705e-14 1.751278e-13
496 0.896000 0.010000 919 9.920244e-14 1.725686e-13
497 0.897000 0.010000 913 9.837313e-14 1.735372e-13
498 0.898000 0.010000 910 9.959721e-14 1.740250e-13
499 0.899000 0.010000 904 9.946092e-14 1.740776e-13
500 0.900000 0.010000 902 9.921564e-14 1.730623e-13
501 0.901000 0.010000 897 9.867086e-14 1.746977e-13
502 0.902000 0.010000 895 9.942748e-14 1.727288e-13
503 0.903000 0.010000 894 9.718688e-14 1.703836e-13
504 0.904000 0.010000 893 9.735361e-14 1.715909e-13
505 0.905000 0.010000 889 9.904024e-14 1.741750e-13
506 0.906000 0.010000 889 9.670917e-14 1.716449e-13
507 0.907000 0.010000 889 9.604432e-14 1.708620e-13
508 0.908000 0.010000 889 9.701924e-14 1.717660e-13
509 0.909000 0.010000 889 9.969431e-14 1.745803e-13
510 0.910000 0.010000 893 9.848386e-14 1.726254e-13
511 0.911000 0.010000 894 9.935138e-14 1.722726e-13
512 0.912000 0.010000 896 9.554283e-14 1.688229e-13
513 0.913000 0.010000 898 9.895532e-14 1.757715e-13
514 0.914000 0.010000 903 9.840768e-14 1.711623e-13
515 0.915000 0.010000 906 9.892864e-14 1.753559e-13
516 0.916000 0.010000 912 9.648528e-14 1.684670e-13
517 0.917000 0.010000 918 9.745843e-14 1.713020e-13
518 0.918000 0.010000 922 9.483348e-14 1.703479e-13
519 0.919000 0.010000 929 9.816917e-14 1.722114e-13
520 0.920000 0.010000 938 9.372898e-14 1.688852e-13
521 0.921000 0.010000 946 9.825261e-14 1.716869e-13
522 0.922000 0.010000 955 9.531299e-14 1.689909e-13
523 0.923000 0.010000 964 9.742922e-14 1.720352e-13
524 0.924000 0.010000 977 9.997471e-14 1.742100e-13
525 0.925000 0.010000 988 9.527486e-14 1.684347e-13
526 0.926000 0.010000 998 9.977257e-14 1.767654e-13
527 0.927000 0.010000 1014 9.551099e-14 1.709824e-13
528 0.928000 0.010000 1031 9.892465e-14 1.746382e-13
529 0.929000 0.010000 1054 9.755687e-14 1.724006e-13
530 0.930000 0.010000 1077 9.917588e-14 1.757011e-13
531 0.931000 0.010000 1098 9.954242e-14 1.760202e-13
532 0.932000 0.010000 1122 9.861249e-14 1.747106e-13
533 0.933000 0.010000 1148 9.928199e-14 1.761291e-13
534 0.934000 0.010000 1175 9.999452e-14 1.793844e-13
535 0.935000 0.010000 1204 9.624138e-14 1.723226e-13
536 0.936000 0.010000 1233 9.970797e-14 1.799599e-13
537 0.937000 0.010000 1272 9.796556e-14 1.756132e-13
538 0.938000 0.010000 1312 9.748612e-14 1.751314e-13
539 0.939000 0.010000 1354 9.796373e-14 1.763379e-13
540 0.940000 0.010000 1389 9.837541e-14 1.760111e-13
541 0.941000 0.010000 1427 9.911064e-14 1.778960e-13
542 0.942000 0.010000 1471 9.858910e-14 1.774866e-13
543 0.943000 0.010000 1521 9.808371e-14 1.755385e-13
544 0.944000 0.010000 1570 9.902814e-14 1.792440e-13
545 0.945000 0.010000 1619 9.772803e-14 1.764842e-13
546 0.946000 0.010000 1669 9.829109e-14 1.764420e-13
547 0.947000 0.010000 1707 9.999475e-14 1.824932e-13
548 0.948000 0.010000 1746 9.885333e-14 1.781236e-13
549 0.949000 0.010000 1782 9.991375e-14 1.817993e-13
550 0.950000 0.010000 1819 9.907759e-14 1.782354e-13
551 0.951000 0.010000 1846 9.736219e-14 1.799694e-13
552 0.952000 0.010000 1887 9.931485e-14 1.803266e-13
553 0.953000 0.010000 1914 9.998945e-14 1.819307e-13
554 0.954000 0.010000 1947 9.954443e-14 1.809039e-13
555 0.955000 0.010000 1978 9.731504e-14 1.764615e-13
556 0.956000 0.010000 2000 9.999029e-14 1.833763e-13
557 0.957000 0.010000 2021 9.855739e-14 1.810546e-13
558 0.958000 0.010000 2041 9.996043e-14 1.802378e-13
559 0.959000 0.010000 2063 9.875750e-14 1.815812e-13
560 0.960000 0.010000 2086 9.773970e-14 1.798119e-13
561 0.961000 0.010000 2102 9.919617e-14 1.816927e-13
562 0.962000 0.010000 2114 9.953778e-14 1.835168e-13
563 0.963000 0.010000 2129 9.984124e-14 1.818179e-13
564 0.964000 0.010000 2145 9.875782e-14 1.833080e-13
565 0.965000 0.010000 2160 9.932385e-14 1.823085e-13
566 0.966000 0.010000 2170 9.982028e-14 1.831200e-13
567 0.967000 0.010000 2181 9.897048e-14 1.846634e-13
568 0.968000 0.010000 2194 9.946239e-14 1.806523e-13
569 0.969000 0.010000 2205 9.922477e-14 1.837456e-13
570 0.970000 0.010000 2214 9.979461e-14 1.864115e-13
571 0.971000 0.010000 2221 9.967635e-14 1.822175e-13
572 0.972000 0.010000 2229 9.660659e-14 1.812091e-13
573 0.973000 0.010000 2232 9.913668e-14 1.838712e-13
574 0.974000 0.010000 2238 9.810689e-14 1.825351e-13
575 0.975000 0.010000 2241 9.951314e-14 1.853451e-13
576 0.976000 0.010000 2247 9.796857e-14 1.822776e-13
577 0.977000 0.010000 2250 9.988242e-14 1.868022e-13
578 0.978000 0.010000 2255 9.941793e-14 1.839969e-13
579 0.979000 0.010000 2258 9.975105e-14 1.864089e-13
580 0.980000 0.010000 2263 9.937262e-14 1.868762e-13
581 0.981000 0.010000 2266 9.966334e-14 1.863170e-13
582 0.982000 0.010000 2270 9.943524e-14 1.864708e-13
583 0.983000 0.010000 2272 9.963431e-14 1.877746e-13
584 0.984000 0.010000 2276 9.899358e-14 1.870431e-13
585 0.985000 0.010000 2277 9.986968e-14 1.885564e-13
586 0.986000 0.010000 2278 9.997167e-14 1.894416e-13
587 0.987000 0.010000 2279 9.893256e-14 1.881975e-13
588 0.988000 0.010000 2279 9.930729e-14 1.894157e-13
589 0.989000 0.010000 2279 9.911139e-14 1.901292e-13
590 0.990000 0.010000 2279 9.837341e-14 1.893811e-13
591 0.991000 0.010000 2278 9.917667e-14 1.916457e-13
592 0.992000 0.010000 2277 9.894309e-14 1.923585e-13
593 0.993000 0.010000 2274 9.987728e-14 1.938365e-13
594 0.994000 0.010000 2271 9.989013e-14 1.949724e-13
595 0.995000 0.010000 2269 9.999262e-14 1.955892e-13
596 0.996000 0.010000 2266 9.962704e-14 1.961983e-13
597 0.997000 0.010000 2263 9.932184e-14 1.971468e-13
598 0.998000 0.010000 2259 9.970692e-14 1.990406e-13
599 0.999000 0.010000 2256 9.892282e-14 1.970356e-13
600 1.000000 0.010000 2252 9.941250e-14 2.015748e-13
601 1.001000 0.010000 2248 9.893331e-14 1.990015e-13
602 1.002000 0.010000 2245 9.914199e-14 2.038060e-13
603 1.003000 0.010000 2240 9.853783e-14 2.022597e-13
604 1.004000 0.010000 2237 9.997180e-14 2.050386e-13
605 1.005000 0.010000 2233 9.992449e-14 2.093969e-13
606 1.006000 0.010000 2230 9.972504e-14 2.063860e-13
607 1.007000 0.010000 2229 9.885055e-14 2.110722e-13
608 1.008000 0.010000 2228 9.953767e-14 2.109486e-13
609 1.009000 0.010000 2227 9.929656e-14 2.144265e-13
610 1.010000 0.010000 2226 9.921261e-14 2.196681e-13
611 1.011000 0.010000 2223 9.955903e-14 2.180609e-13
612 1.012000 0.010000 2221 9.989505e-14 2.263603e-13
613 1.013000 0.010000 2221 9.841325e-14 2.253931e-13
614 1.014000 0.010000 2220 9.834241e-14 2.265913e-13
615 1.015000 0.010000 2218 9.981312e-14 2.373210e-13
616 1.016000 0.010000 2216 9.939992e-14 2.337341e-13
617 1.017000 0.010000 2212 9.948508e-14 2.419175e-13
618 1.018000 0.010000 2207 9.947393e-14 2.447405e-13
619 1.019000 0.010000 2203 9.943499e-14 2.453439e-13
620 1.020000 0.010000 2196 9.976193e-14 2.545012e-13
621 1.021000 0.010000 2189 9.905347e-14 2.521704e-13
622 1.022000 0.010000 2180 9.979947e-14 2.589370e-13
623 1.023000 0.010000 2173 9.993921e-14 2.603192e-13
624 1.024000 0.010000 2163 9.878243e-14 2.630373e-13
625 1.025000 0.010000 2153 9.733471e-14 2.655480e-13
626 1.026000 0.010000 2138 9.952306e-14 2.680819e-13
627 1.027000 0.010000 2126 9.918656e-14 2.735843e-13
628 1.028000 0.010000 2111 9.964912e-14 2.795138e-13
629 1.029000 0.010000 2094 9.897992e-14 2.741194e-13
630 1.030000 0.010000 2078 9.947157e-14 2.877240e-13
631 1.031000 0.010000 2062 9.985902e-14 2.901393e-13
632 1.032000 0.010000 2042 9.959897e-14 2.925866e-13
633 1.033000 0.010000 2021 9.986285e-14 3.012646e-13
634 1.034000 0.010000 2003 9.869921e-14 3.039863e-13
635 1.035000 0.010000 1984 9.895670e-14 3.164386e-13
636 1.036000 0.010000 1967 9.949448e-14 3.251205e-13
637 1.037000 0.010000 1950 9.952603e-14 3.319802e-13
638 1.038000 0.010000 1937 9.975438e-14 3.406589e-13
639 1.039000 0.010000 1930 9.865442e-14 3.541718e-13
640 1.040000 0.010000 1922 9.908757e-14 3.600074e-13
641 1.041000 0.010000 1920 9.925380e-14 3.723403e-13
642 1.042000 0.010000 1919 9.965635e-14 3.880139e-13
643 1.043000 0.010000 1919 9.964394e-14 3.881735e-13
644 1.044000 0.010000 1920 9.853424e-14 3.974563e-13
645 1.045000 0.010000 1921 9.852421e-14 4.079946e-13
646 1.046000 0.010000 1922 9.845919e-14 4.034600e-13
647 1.047000 0.010000 1923 9.885679e-14 4.059488e-13
648 1.048000 0.010000 1924 9.945874e-14 4.085865e-13
649 1.049000 0.010000 1925 9.939834e-14 3.975062e-13
650 1.050000 0.010000 1924 9.928279e-14 3.965603e-13
651 1.051000 0.010000 1923 9.830791e-14 3.899274e-13
652 1.052000 0.010000 1922 9.692837e-14 3.763653e-13
653 1.053000 0.010000 1919 9.990562e-14 3.788895e-13
654 1.054000 0.010000 1914 9.980389e-14 3.655883e-13
655 1.055000 0.010000 1909 9.840666e-14 3.591904e-13
656 1.056000 0.010000 1903 9.999961e-14 3.581391e-13
657 1.057000 0.010000 1895 9.917372e-14 3.459209e-13
658 1.058000 0.010000 1886 9.995561e-14 3.426453e-13
659 1.059000 0.010000 1877 9.947431e-14 3.402329e-13
660 1.060000 0.010000 1866 9.993012e-14 3.305424e-13
661 1.061000 0.010000 1857 9.971180e-14 3.313725e-13
662 1.062000 0.010000 1846 9.827089e-14 3.255847e-13
663 1.063000 0.010000 1836 9.898808e-14 3.174288e-13
664 1.064000 0.010000 1823 9.943092e-14 3.194834e-13
665 1.065000 0.010000 1813 9.828269e-14 3.166603e-13
666 1.066000 0.010000 1802 9.852959e-14 3.097170e-13
667 1.067000 0.010000 1790 9.930097e-14 3.178079e-13
668 1.068000 0.010000 1783 9.979831e-14 3.112777e-13
669 1.069000 0.010000 1773 9.816657e-14 3.071436e-13
670 1.070000 0.010000 1763 9.957268e-14 3.117228e-13
671 1.071000 0.010000 1754 9.950784e-14 3.098520e-13
672 1.072000 0.010000 1744 9.910290e-14 3.095699e-13
673 1.073000 0.010000 1736 9.943361e-14 3.152042e-13
674 1.074000 0.010000 1726 9.866344e-14 3.038464e-13
675 1.075000 0.010000 1720 9.844287e-14 3.168799e-13
676 1.076000 0.010000 1710 9.870315e-14 3.143671e-13
677 1.077000 0.010000 1700 9.967430e-14 3.104488e-13
678 1.078000 0.010000 1691 9.930019e-14 3.247449e-13
679 1.079000 0.010000 1682 9.970556e-14 3.172962e-13
680 1.080000 0.010000 1672 9.873593e-14 3.206393e-13
681 1.081000 0.010000 1662 9.872749e-14 3.280874e-13
682 1.082000 0.010000 1653 9.905779e-14 3.240969e-13
683 1.083000 0.010000 1644 9.904921e-14 3.325207e-13
684 1.084000 0.010000 1632 9.900014e-14 3.372213e-13
685 1.085000 0.010000 1620 9.920500e-14 3.333905e-13
686 1.086000 0.010000 1609 9.978776e-14 3.468838e-13
687 1.087000 0.010000 1597 9.981613e-14 3.437159e-13
688 1.088000 0.010000 1585 9.989559e-14 3.472055e-13
689 1.089000 0.010000 1571 9.960365e-14 3.599884e-13
690 1.090000 0.010000 1559 9.928239e-14 3.546550e-13
691 1.091000 0.010000 1548 9.802632e-14 3.639238e-13
692 1.092000 0.010000 1533 9.983023e-14 3.723859e-13
693 1.093000 0.010000 1520 9.813744e-14 3.713791e-13
694 1.094000 0.010000 1506 9.958921e-14 3.828059e-13
695 1.095000 0.010000 1496 9.675626e-14 3.825891e-13
696 1.096000 0.010000 1480 9.942362e-14 3.868889e-13
697 1.097000 0.010000 1468 9.968235e-14 3.977773e-13
698 1.098000 0.010000 1453 9.823079e-14 4.042193e-13
699 1.099000 0.010000 1440 9.851790e-14 4.058513e-13
700 1.100000 0.010000 1427 9.949438e-14 4.189416e-13
701 1.101000 0.010000 1413 9.902745e-14 4.228959e-13
702 1.102000 0.010000 1403 9.941249e-14 4.264595e-13
703 1.103000 0.010000 1388 9.976853e-14 4.413194e-13
704 1.104000 0.010000 1373 9.953878e-14 4.443367e-13
705 1.105000 0.010000 1358 9.884810e-14 4.589942e-13
706 1.106000 0.010000 1346 9.842770e-14 4.600309e-13
707 1.107000 0.010000 1331 9.795178e-14 4.771120e-13
708 1.108000 0.010000 1314 9.788959e-14 4.856587e-13
709 1.109000 0.010000 1298 9.852019e-14 4.947532e-13
710 1.110000 0.010000 1282 9.781976e-14 5.120788e-13
711 1.111000 0.010000 1264 9.811625e-14 5.174841e-13
712 1.112000 0.010000 1252 9.811176e-14 5.326725e-13
713 1.113000 0.010000 1236 9.853136e-14 5.497447e-13
714 1.114000 0.010000 1218 9.775103e-14 5.594928e-13
715 1.115000 0.010000 1204 9.965799e-14 5.817897e-13
716 1.116000 0.010000 1189 9.558242e-14 5.915569e-13
717 1.117000 0.010000 1171 9.829798e-14 6.085349e-13
718 1.118000 0.010000 1154 9.938790e-14 6.307860e-13
719 1.119000 0.010000 1137 9.697799e-14 6.445313e-13
720 1.120000 0.010000 1119 9.998500e-14 6.678302e-13
721 1.121000 0.010000 1104 9.803072e-14 6.887095e-13
722 1.122000 0.010000 1089 9.822276e-14 7.200284e-13
723 1.123000 0.010000 1071 9.758488e-14 7.401840e-13
724 1.124000 0.010000 1054 9.893392e-14 7.689742e-13
725 1.125000 0.010000 1039 9.876269e-14 7.965924e-13
726 1.126000 0.010000 1021 9.771037e-14 8.327464e-13
727 1.127000 0.010000 1001 9.813552e-14 8.608835e-13
728 1.128000 0.010000 985 9.934563e-14 9.088891e-13
729 1.129000 0.010000 966 9.556056e-14 9.429768e-13
730 1.130000 0.010000 946 9.652744e-14 9.799617e-13
731 1.131000 0.010000 925 9.737733e-14 1.027702e-12
732 1.132000 0.010000 903 9.906569e-14 1.078694e-12
733 1.133000 0.010000 881 9.826482e-14 1.124595e-12
734 1.134000 0.010000 859 9.800252e-14 1.177691e-12
735 1.135000 0.010000 838 9.755662e-14 1.237295e-12
736 1.136000 0.010000 814 9.849692e-14 1.301120e-12
737 1.137000 0.010000 787 9.949922e-14 1.358498e-12
738 1.138000 0.010000 762 9.600049e-14 1.424418e-12
739 1.139000 0.010000 738 9.933078e-14 1.480566e-12
740 1.140000 0.010000 716 9.666569e-14 1.537652e-12
741 1.141000 0.010000 689 9.739653e-14 1.594289e-12
742 1.142000 0.010000 662 9.759306e-14 1.629700e-12
743 1.143000 0.010000 635 9.830957e-14 1.676389e-12
744 1.144000 0.010000 608 9.814411e-14 1.702205e-12
745 1.145000 0.010000 583 9.982057e-14 1.715458e-12
746 1.146000 0.010000 557 9.651810e-14 1.698930e-12
747 1.147000 0.010000 531 9.737214e-14 1.677710e-12
748 1.148000 0.010000 507 9.569869e-14 1.646309e-12
749 1.149000 0.010000 483 9.666874e-14 1.598890e-12
750 1.150000 0.010000 461 9.888685e-14 1.549695e-12
751 1.151000 0.010000 440 9.643366e-14 1.490545e-12
752 1.152000 0.010000 420 9.302589e-14 1.428505e-12
753 1.153000 0.010000 401 9.972085e-14 1.370371e-12
754 1.154000 0.010000 386 9.479265e-14 1.301568e-12
755 1.155000 0.010000 371 9.968208e-14 1.240624e-12
756 1.156000 0.010000 358 9.114527e-14 1.181718e-12
757 1.157000 0.010000 346 9.379656e-14 1.129911e-12
758 1.158000 0.010000 334 9.672686e-14 1.077242e-12
759 1.159000 0.010000 324 9.474372e-14 1.033744e-12
760 1.160000 0.010000 314 9.922475e-14 9.913763e-13
761 1.161000 0.010000 305 9.945758e-14 9.484758e-13
762 1.162000 0.010000 298 8.925027e-14 9.015695e-13
763 1.163000 0.010000 290 9.091957e-14 8.651327e-13
764 1.164000 0.010000 282 9.020009e-14 8.318990e-13
765 1.165000 0.010000 275 9.261675e-14 8.021749e-13
766 1.166000 0.010000 269 9.238916e-14 7.803426e-13
767 1.167000 0.010000 263 9.323055e-14 7.512415e-13
768 1.168000 0.010000 257 9.108810e-14 7.277717e-13
769 1.169000 0.010000 252 8.725585e-14 7.073524e-13
770 1.170000 0.010000 247 9.495623e-14 6.788878e-13
771 1.171000 0.010000 242 9.339235e-14 6.598384e-13
772 1.172000 0.010000 238 9.048085e-14 6.326171e-13
773 1.173000 0.010000 233 9.091275e-14 6.172981e-13
774 1.174000 0.010000 229 9.528953e-14 5.978456e-13
775 1.175000 0.010000 225 9.277461e-14 5.827231e-13
776 1.176000 0.010000 222 8.977453e-14 5.666056e-13
777 1.177000 0.010000 218 9.462266e-14 5.551990e-13
778 1.178000 0.010000 214 9.695365e-14 5.429669e-13
779 1.179000 0.010000 211 9.178472e-14 5.292476e-13
780 1.180000 0.010000 208 9.012422e-14 5.136583e-13
781 1.181000 0.010000 205 9.492584e-14 5.064947e-13
782 1.182000 0.010000 202 9.592465e-14 4.971378e-13
783 1.183000 0.010000 199 9.624590e-14 4.833867e-13
784 1.184000 0.010000 197 9.112528e-14 4.719805e-13
785 1.185000 0.010000 194 9.856963e-14 4.672380e-13
786 1.186000 0.010000 192 8.965181e-14 4.511984e-13
787 1.187000 0.010000 190 8.708087e-14 4.395612e-13
788 1.188000 0.010000 188 8.350725e-14 4.322959e-13
789 1.189000 0.010000 185 9.754147e-14 4.324817e-13
790 1.190000 0.010000 183 9.148076e-14 4.207286e-13
791 1.191000 0.010000 181 9.232852e-14 4.128047e-13
792 1.192000 0.010000 179 9.624750e-14 4.117426e-13
793 1.193000 0.010000 177 9.307738e-14 4.052769e-13
794 1.194000 0.010000 175 9.110053e-14 3.966948e-13
795 1.195000 0.010000 173 9.181580e-14 3.880831e-13
796 1.196000 0.010000 172 8.364481e-14 3.789471e-13
797 1.197000 0.010000 170 9.332855e-14 3.796746e-13
798 1.198000 0.010000 168 9.750394e-14 3.764702e-13
799 1.199000 0.010000 166 9.889083e-14 3.691129e-13
800 1.200000 0.010000 165 9.049304e-14 3.590704e-13
801 1.201000 0.010000 164 8.337112e-14 3.512404e-13
802 1.202000 0.010000 163 7.913318e-14 3.454396e-13
803 1.203000 0.010000 161 9.649241e-14 3.524554e-13
804 1.204000 0.010000 160 8.816112e-14 3.434507e-13
805 1.205000 0.010000 159 8.306920e-14 3.351231e-13
806 1.206000 0.010000 157 9.485069e-14 3.350457e-13
807 1.207000 0.010000 156 9.076399e-14 3.302211e-13
808 1.208000 0.010000 155 8.739211e-14 3.260275e-13
809 1.209000 0.010000 154 8.372810e-14 3.215647e-13
810 1.210000 0.010000 153 8.324107e-14 3.187683e-13
811 1.211000 0.010000 151 9.530535e-14 3.221938e-13
812 1.212000 0.010000 150 9.180368e-14 3.161359e-13
813 1.213000 0.010000 149 8.636027e-14 3.093807e-13
814 1.214000 0.010000 148 8.436880e-14 3.042652e-13
815 1.215000 0.010000 147 8.825499e-14 3.029662e-13
816 1.216000 0.010000 146 8.966516e-14 3.014182e-13
817 1.217000 0.010000 145 8.951286e-14 2.985195e-13
818 1.218000 0.010000 144 9.150412e-14 2.957899e-13
819 1.219000 0.010000 143 9.087671e-14 2.929185e-13
820 1.220000 0.010000 142 8.737417e-14 2.888901e-13
821 1.221000 0.010000 140 9.987821e-14 2.929035e-13
822 1.222000 0.010000 140 8.251192e-14 2.806967e-13
823 1.223000 0.010000 139 8.537305e-14 2.795695e-13
824 1.224000 0.010000 138 9.061317e-14 2.797599e-13
825 1.225000 0.010000 137 9.467326e-14 2.793651e-13
826 1.226000 0.010000 137 7.890971e-14 2.686727e-13
827 1.227000 0.010000 136 8.424862e-14 2.696543e-13
828 1.228000 0.010000 135 8.660444e-14 2.689731e-13
829 1.229000 0.010000 134 8.745317e-14 2.677909e-13
830 1.230000 0.010000 133 9.066465e-14 2.678777e-13
831 1.231000 0.010000 132 9.419209e-14 2.676267e-13
832 1.232000 0.010000 131 9.947542e-14 2.678570e-13
833 1.233000 0.010000 131 8.417907e-14 2.570576e-13
834 1.234000 0.010000 130 9.526776e-14 2.606299e-13
835 1.235000 0.010000 130 8.089712e-14 2.509298e-13
836 1.236000 0.010000 129 9.079245e-14 2.552149e-13
837 1.237000 0.010000 128 9.720299e-14 2.598924e-13
838 1.238000 0.010000 128 8.303384e-14 2.493504e-13
839 1.239000 0.010000 127 8.679753e-14 2.511469e-13
840 1.240000 0.010000 126 8.958872e-14 2.504014e-13
841 1.241000 0.010000 125 9.424996e-14 2.504000e-13
842 1.242000 0.010000 125 8.107325e-14 2.409744e-13
843 1.243000 0.010000 124 8.903015e-14 2.443557e-13
844 1.244000 0.010000 123 9.360169e-14 2.462939e-13
845 1.245000 0.010000 123 8.089005e-14 2.369601e-13
846 1.246000 0.010000 122 8.662239e-14 2.389533e-13
847 1.247000 0.010000 122 7.504512e-14 2.307821e-13
848 1.248000 0.010000 121 8.733224e-14 2.354927e-13
849 1.249000 0.010000 120 9.768095e-14 2.406488e-13
850 1.250000 0.010000 120 8.500586e-14 2.314551e-13
851 1.251000 0.010000 119 9.512254e-14 2.365025e-13
852 1.252000 0.010000 119 8.298797e-14 2.277479e-13
853 1.253000 0.010000 118 9.205017e-14 2.323736e-13
854 1.254000 0.010000 118 8.050568e-14 2.241150e-13
855 1.255000 0.010000 117 8.948074e-14 2.297366e-13
856 1.256000 0.010000 116 9.914474e-14 2.362744e-13
857 1.257000 0.010000 116 8.708900e-14 2.267504e-13
858 1.258000 0.010000 115 9.465215e-14 2.303155e-13
859 1.259000 0.010000 115 8.332483e-14 2.216221e-13
860 1.260000 0.010000 114 9.462261e-14 2.275013e-13
861 1.261000 0.010000 114 8.348671e-14 2.190308e-13
862 1.262000 0.010000 113 9.745613e-14 2.272328e-13
863 1.263000 0.010000 113 8.618247e-14 2.185710e-13
864 1.264000 0.010000 112 9.724530e-14 2.241771e-13
865 1.265000 0.010000 112 8.617169e-14 2.157748e-13
866 1.266000 0.010000 111 9.962291e-14 2.229954e-13
867 1.267000 0.010000 111 8.846420e-14 2.145703e-13
868 1.268000 0.010000 111 7.859518e-14 2.075720e-13
869 1.269000 0.010000 110 9.205706e-14 2.156044e-13
870 1.270000 0.010000 110 8.196243e-14 2.081508e-13
871 1.271000 0.010000 109 9.306623e-14 2.159845e-13
872 1.272000 0.010000 109 8.302914e-14 2.082676e-13
873 1.273000 0.010000 108 9.562983e-14 2.173106e-13
874 1.274000 0.010000 108 8.548727e-14 2.091927e-13
875 1.275000 0.010000 107 9.846423e-14 2.171727e-13
876 1.276000 0.010000 107 8.818334e-14 2.089733e-13
877 1.277000 0.010000 107 7.901066e-14 2.020064e-13
878 1.278000 0.010000 106 9.243177e-14 2.088787e-13
879 1.279000 0.010000 106 8.296208e-14 2.017529e-13
880 1.280000 0.010000 106 7.449396e-14 1.957347e-13
881 1.281000 0.010000 105 9.404226e-14 2.070683e-13
882 1.282000 0.010000 105 8.460561e-14 2.000260e-13
883 1.283000 0.010000 105 7.614655e-14 1.940287e-13
884 1.284000 0.010000 104 9.451281e-14 2.056501e-13
885 1.285000 0.010000 104 8.522071e-14 1.985842e-13
886 1.286000 0.010000 104 7.687177e-14 1.925794e-13
887 1.287000 0.010000 103 9.280413e-14 2.032411e-13
888 1.288000 0.010000 103 8.385851e-14 1.964357e-13
889 1.289000 0.010000 103 7.580310e-14 1.905637e-13
890 1.290000 0.010000 102 9.369118e-14 2.037938e-13
891 1.291000 0.010000 102 8.485103e-14 1.967864e-13
892 1.292000 0.010000 102 7.687203e-14 1.907499e-13
893 1.293000 0.010000 101 9.149188e-14 2.023318e-13
894 1.294000 0.010000 101 8.303475e-14 1.954539e-13
895 1.295000 0.010000 100 9.418522e-14 2.045430e-13
896 1.296000 0.010000 100 8.561290e-14 1.973419e-13
897 1.297000 0.010000 100 7.784634e-14 1.910428e-13
898 1.298000 0.010000 99 9.430140e-14 2.032825e-13
899 1.299000 0.010000 99 8.589219e-14 1.960646e-13
900 1.300000 0.010000 99 7.825756e-14 1.898785e-13
901 1.301000 0.010000 98 9.256789e-14 1.992574e-13
902 1.302000 0.010000 98 8.446584e-14 1.924852e-13
903 1.303000 0.010000 98 7.709638e-14 1.866218e-13
904 1.304000 0.010000 97 9.248172e-14 1.959262e-13
905 1.305000 0.010000 97 8.453324e-14 1.894396e-13
906 1.306000 0.010000 97 7.729057e-14 1.837951e-13
907 1.307000 0.010000 97 7.068897e-14 1.788794e-13
908 1.308000 0.010000 96 9.201765e-14 1.893288e-13
909 1.309000 0.010000 96 8.428074e-14 1.834719e-13
910 1.310000 0.010000 96 7.721591e-14 1.784140e-13
911 1.311000 0.010000 96 7.076284e-14 1.739266e-13
912 1.312000 0.010000 95 9.504817e-14 1.892084e-13
913 1.313000 0.010000 95 8.724198e-14 1.831844e-13
914 1.314000 0.010000 95 8.009811e-14 1.778993e-13
915 1.315000 0.010000 95 7.355852e-14 1.733618e-13
916 1.316000 0.010000 94 9.372481e-14 1.900044e-13
917 1.317000 0.010000 94 8.620744e-14 1.837912e-13
918 1.318000 0.010000 94 7.931302e-14 1.783993e-13
919 1.319000 0.010000 94 7.298821e-14 1.736038e-13
920 1.320000 0.010000 93 9.227781e-14 1.890737e-13
921 1.321000 0.010000 93 8.504751e-14 1.830119e-13
922 1.322000 0.010000 93 7.840259e-14 1.775775e-13
923 1.323000 0.010000 92 9.727388e-14 1.911551e-13
924 1.324000 0.010000 92 8.979531e-14 1.848000e-13
925 1.325000 0.010000 92 8.291095e-14 1.791370e-13
926 1.326000 0.010000 92 7.657201e-14 1.741281e-13
927 1.327000 0.010000 91 9.584937e-14 1.880295e-13
928 1.328000 0.010000 91 8.864043e-14 1.819113e-13
929 1.329000 0.010000 91 8.199191e-14 1.765333e-13
930 1.330000 0.010000 91 7.585877e-14 1.717380e-13
931 1.331000 0.010000 90 9.862693e-14 1.883077e-13
932 1.332000 0.010000 90 9.137457e-14 1.820882e-13
933 1.333000 0.010000 90 8.467352e-14 1.765527e-13
934 1.334000 0.010000 90 7.848045e-14 1.716204e-13
935 1.335000 0.010000 90 7.275558e-14 1.672416e-13
936 1.336000 0.010000 89 9.346980e-14 1.809045e-13
937 1.337000 0.010000 89 8.675709e-14 1.754132e-13
938 1.338000 0.010000 89 8.054277e-14 1.705024e-13
939 1.339000 0.010000 89 7.478859e-14 1.661309e-13
940 1.340000 0.010000 88 9.641432e-14 1.811165e-13
941 1.341000 0.010000 88 8.963093e-14 1.755680e-13
942 1.342000 0.010000 88 8.334099e-14 1.705470e-13
943 1.343000 0.010000 88 7.750739e-14 1.661388e-13
944 1.344000 0.010000 88 7.209590e-14 1.621410e-13
945 1.345000 0.010000 87 9.947779e-14 1.815923e-13
946 1.346000 0.010000 87 9.264888e-14 1.759583e-13
947 1.347000 0.010000 87 8.630468e-14 1.709163e-13
948 1.348000 0.010000 87 8.040962e-14 1.663650e-13
949 1.349000 0.010000 87 7.493083e-14 1.623097e-13
950 1.350000 0.010000 87 6.983794e-14 1.586741e-13
951 1.351000 0.010000 86 9.536108e-14 1.775692e-13
952 1.352000 0.010000 86 8.898881e-14 1.723327e-13
953 1.353000 0.010000 86 8.305679e-14 1.675950e-13
954 1.354000 0.010000 86 7.753358e-14 1.633259e-13
955 1.355000 0.010000 86 7.239007e-14 1.595738e-13
956 1.356000 0.010000 85 9.476027e-14 1.774592e-13
957 1.357000 0.010000 85 8.857736e-14 1.721861e-13
958 1.358000 0.010000 85 8.281159e-14 1.674487e-13
959 1.359000 0.010000 85 7.743387e-14 1.631701e-13
960 1.360000 0.010000 85 7.241721e-14 1.593314e-13
961 1.361000 0.010000 84 9.810911e-14 1.787004e-13
962 1.362000 0.010000 84 9.186246e-14 1.732765e-13
963 1.363000 0.010000 84 8.602712e-14 1.683892e-13
964 1.364000 0.010000 84 8.057509e-14 1.639381e-13
965 1.365000 0.010000 84 7.548033e-14 1.599463e-13
966 1.366000 0.010000 84 7.071865e-14 1.563535e-13
967 1.367000 0.010000 83 9.436664e-14 1.724184e-13
968 1.368000 0.010000 83 8.850946e-14 1.675511e-13
969 1.369000 0.010000 83 8.302825e-14 1.631382e-13
970 1.370000 0.010000 83 7.789804e-14 1.591473e-13
971 1.371000 0.010000 83 7.309560e-14 1.555394e-13
972 1.372000 0.010000 82 9.788697e-14 1.742674e-13
973 1.373000 0.010000 82 9.195369e-14 1.692103e-13
974 1.374000 0.010000 82 8.639237e-14 1.646251e-13
975 1.375000 0.010000 82 8.117890e-14 1.603731e-13
976 1.376000 0.010000 82 7.629079e-14 1.565826e-13
977 1.377000 0.010000 82 7.170704e-14 1.530999e-13
978 1.378000 0.010000 81 9.838538e-14 1.746535e-13
979 1.379000 0.010000 81 9.257675e-14 1.695616e-13
980 1.380000 0.010000 81 8.712284e-14 1.649354e-13
981 1.381000 0.010000 81 8.200126e-14 1.607154e-13
982 1.382000 0.010000 81 7.719106e-14 1.568668e-13
983 1.383000 0.010000 81 7.267268e-14 1.533327e-13
984 1.384000 0.010000 80 9.824578e-14 1.744025e-13
985 1.385000 0.010000 80 9.259068e-14 1.693774e-13
986 1.386000 0.010000 80 8.727231e-14 1.647833e-13
987 1.387000 0.010000 80 8.226994e-14 1.605712e-13
988 1.388000 0.010000 80 7.756414e-14 1.567440e-13
989 1.389000 0.010000 80 7.313675e-14 1.531856e-13
990 1.390000 0.010000 79 9.774760e-14 1.730411e-13
991 1.391000 0.010000 79 9.225734e-14 1.682017e-13
992 1.392000 0.010000 79 8.708611e-14 1.637234e-13
993 1.393000 0.010000 79 8.221475e-14 1.596185e-13
994 1.394000 0.010000 79 7.762526e-14 1.558819e-13
995 1.395000 0.010000 79 7.330078e-14 1.524368e-13
996 1.396000 0.010000 79 6.922549e-14 1.492853e-13
997 1.397000 0.010000 78 9.782620e-14 1.695748e-13
998 1.398000 0.010000 78 9.247814e-14 1.650340e-13
999 1.399000 0.010000 78 8.743255e-14 1.608350e-13
1000 1.400000 0.010000 78 8.267174e-14 1.569744e-13